82
EPI431338|HA|B/Hong_Kong/6/2013|EPI_ISL_137206|B               0.0000000 0.0068552 0.0068909 0.0034253 0.0103615 0.0086080 0.0051684 0.0051511 0.0051563 0.0051680 0.0051629 0.0070312 0.0069256 0.0034251 0.0051434 0.0034242 0.0069037 0.0138264 0.0051452 0.0051597 0.0051518 0.0051711 0.0086113 0.0069330 0.0069242 0.0103741 0.0051795 0.0103767 0.0068949 0.0017093 0.0068772 0.0034242 0.0051500 0.0051546 0.0069171 0.0069062 0.0051657 0.0051469 0.0051714 0.0121579 0.0104093 0.0103779 0.0051650 0.0069098 0.0051657 0.0051540 0.0051601 0.0086204 0.0051657 0.0051626 0.0017101 0.0051445 0.0051445 0.0051570 0.0034273 0.0034385 0.0051709 0.0034353 0.0051522 0.0034415 0.0069233 0.0051562 0.0051805 0.0034384 0.0051658 0.0051506 0.0051582 0.0051485 0.0051450 0.0051430 0.0051546 0.0051445 0.0069190 0.0034385 0.0051589 0.0051746 0.0034366 0.0068601 0.0103510 0.0051733 0.0051861 0.0051570 
EPI431477|HA|B/SHIZUOKA/5/2013|EPI_ISL_137262|B                0.0068552 0.0000000 0.0068869 0.0068522 0.0103554 0.0120504 0.0086164 0.0085858 0.0085963 0.0086158 0.0086073 0.0105443 0.0103890 0.0068520 0.0085731 0.0068500 0.0103559 0.0172799 0.0085759 0.0086018 0.0085871 0.0086210 0.0086064 0.0104000 0.0103868 0.0138300 0.0086344 0.0138334 0.0103427 0.0085857 0.0103158 0.0068500 0.0085841 0.0085918 0.0103760 0.0103601 0.0086118 0.0085788 0.0086212 0.0156291 0.0138775 0.0138352 0.0086108 0.0103652 0.0086118 0.0085908 0.0086027 0.0120680 0.0086118 0.0086069 0.0085896 0.0085748 0.0085748 0.0085976 0.0068563 0.0068786 0.0086201 0.0068721 0.0085878 0.0068843 0.0103856 0.0085946 0.0086363 0.0068785 0.0086121 0.0085850 0.0085994 0.0085814 0.0085755 0.0085722 0.0085918 0.0051416 0.0103789 0.0068786 0.0086006 0.0086265 0.0068750 0.0102898 0.0137992 0.0086242 0.0086460 0.0085974 
EPI431475|HA|B/FUKUOKA-C/1/2013|EPI_ISL_137261|B               0.0068909 0.0068869 0.0000000 0.0068878 0.0069170 0.0121147 0.0086617 0.0086309 0.0086414 0.0086612 0.0086526 0.0106013 0.0104444 0.0068876 0.0086180 0.0068856 0.0104109 0.0173741 0.0086209 0.0086470 0.0086321 0.0086665 0.0069719 0.0104554 0.0104421 0.0139048 0.0086799 0.0139083 0.0103975 0.0086308 0.0103704 0.0068856 0.0086291 0.0086369 0.0104313 0.0104152 0.0086571 0.0086238 0.0086666 0.0157134 0.0139527 0.0139101 0.0086561 0.0104203 0.0086571 0.0086359 0.0086479 0.0121325 0.0086571 0.0086522 0.0086347 0.0086198 0.0086198 0.0086428 0.0068920 0.0069145 0.0086656 0.0069079 0.0086329 0.0069203 0.0104409 0.0086397 0.0086819 0.0069145 0.0086574 0.0086301 0.0086446 0.0086264 0.0086205 0.0086171 0.0086369 0.0051673 0.0104341 0.0069145 0.0069069 0.0086720 0.0069109 0.0103441 0.0138738 0.0086697 0.0086917 0.0086426 
EPI431489|HA|B/WAKAYAMA/32/2013|EPI_ISL_137268|B               0.0034253 0.0068522 0.0068878 0.0000000 0.0103568 0.0086042 0.0051661 0.0017111 0.0051550 0.0051657 0.0051606 0.0070280 0.0069225 0.0034236 0.0051412 0.0034227 0.0069006 0.0138200 0.0051430 0.0051574 0.0051495 0.0051688 0.0086075 0.0069299 0.0069211 0.0103694 0.0051772 0.0103720 0.0068919 0.0051487 0.0068741 0.0034227 0.0051477 0.0051523 0.0069140 0.0069031 0.0051634 0.0051446 0.0051691 0.0121524 0.0104046 0.0103732 0.0051627 0.0069067 0.0051634 0.0051518 0.0051578 0.0086165 0.0051634 0.0051603 0.0051511 0.0051423 0.0051423 0.0051557 0.0034258 0.0034369 0.0051686 0.0034338 0.0051500 0.0034399 0.0069202 0.0051539 0.0051782 0.0034369 0.0051635 0.0051484 0.0051559 0.0051462 0.0051428 0.0051408 0.0051523 0.0051423 0.0069159 0.0034369 0.0051566 0.0051723 0.0034351 0.0068571 0.0103464 0.0051709 0.0051838 0.0017133 
EPI433127|HA|B/Chiang_Rai/15/2013|EPI_ISL_137519|B             0.0103615 0.0103554 0.0069170 0.0103568 0.0000000 0.0156119 0.0121559 0.0121121 0.0121272 0.0121553 0.0121431 0.0141646 0.0139592 0.0103566 0.0120939 0.0103535 0.0139138 0.0174067 0.0120979 0.0121348 0.0121140 0.0121629 0.0104834 0.0139740 0.0139561 0.0174207 0.0121811 0.0174249 0.0138958 0.0121120 0.0138592 0.0103535 0.0121097 0.0121207 0.0139413 0.0139204 0.0121491 0.0121020 0.0121626 0.0192491 0.0174811 0.0174273 0.0085849 0.0139267 0.0121491 0.0121192 0.0121363 0.0156352 0.0121491 0.0121425 0.0121176 0.0120963 0.0120963 0.0121291 0.0103631 0.0103973 0.0121609 0.0103870 0.0104712 0.0104057 0.0139545 0.0121248 0.0121843 0.0103973 0.0121498 0.0121109 0.0121317 0.0121057 0.0120972 0.0120923 0.0121207 0.0086352 0.0139452 0.0103973 0.0103859 0.0121701 0.0103921 0.0103628 0.0157711 0.0121669 0.0121985 0.0121288 
EPI2187250|HA|B/Macau/610434/2013|EPI_ISL_15146494|B           0.0086080 0.0120504 0.0121147 0.0086042 0.0156119 0.0000000 0.0103871 0.0103499 0.0103627 0.0103865 0.0103761 0.0123570 0.0121763 0.0086040 0.0103345 0.0086014 0.0121371 0.0120556 0.0103379 0.0103692 0.0103515 0.0103929 0.0138396 0.0121892 0.0121737 0.0017148 0.0104087 0.0017153 0.0121215 0.0103498 0.0120899 0.0086014 0.0103479 0.0103572 0.0121609 0.0121425 0.0103814 0.0103414 0.0103929 0.0068959 0.0051649 0.0069052 0.0103804 0.0121482 0.0103814 0.0103559 0.0103704 0.0034220 0.0103814 0.0103756 0.0103546 0.0103365 0.0103365 0.0103643 0.0086094 0.0086376 0.0103915 0.0086292 0.0103524 0.0086447 0.0121723 0.0103606 0.0104112 0.0086376 0.0103819 0.0103489 0.0103665 0.0103445 0.0103374 0.0103332 0.0103572 0.0103365 0.0121643 0.0086376 0.0103679 0.0103992 0.0086332 0.0120590 0.0017110 0.0103965 0.0104231 0.0103641 
EPI2186906|HA|B/Hanoi/ELI13169/2013|EPI_ISL_15146343|B         0.0051684 0.0086164 0.0086617 0.0051661 0.0121559 0.0103871 0.0000000 0.0034360 0.0069147 0.0034479 0.0069236 0.0088372 0.0087057 0.0051659 0.0068960 0.0051644 0.0086779 0.0156422 0.0068984 0.0069192 0.0069073 0.0069346 0.0103911 0.0017179 0.0017157 0.0121707 0.0069456 0.0121737 0.0086668 0.0069062 0.0051605 0.0051644 0.0069049 0.0069111 0.0086949 0.0086812 0.0069273 0.0069006 0.0069349 0.0139727 0.0122124 0.0121752 0.0069263 0.0086856 0.0069273 0.0034380 0.0034427 0.0104022 0.0069273 0.0069232 0.0034375 0.0068974 0.0068974 0.0069157 0.0051693 0.0051863 0.0069341 0.0051813 0.0069079 0.0051907 0.0087028 0.0069133 0.0069470 0.0051862 0.0069274 0.0069057 0.0069172 0.0069028 0.0068981 0.0068953 0.0069111 0.0068974 0.0086972 0.0051863 0.0069182 0.0034523 0.0051835 0.0086225 0.0121435 0.0069373 0.0069547 0.0069156 
EPI566791|HA|B/Vietnam/13V_B-4/2013|EPI_ISL_173057|B           0.0051511 0.0085858 0.0086309 0.0017111 0.0121121 0.0103499 0.0034360 0.0000000 0.0068902 0.0034357 0.0068990 0.0088060 0.0086745 0.0051486 0.0068716 0.0051472 0.0086469 0.0155853 0.0068740 0.0068946 0.0068828 0.0069099 0.0103539 0.0051841 0.0051775 0.0121268 0.0069208 0.0121297 0.0086358 0.0068817 0.0051433 0.0051472 0.0068804 0.0068866 0.0086638 0.0086502 0.0069027 0.0068762 0.0069102 0.0139217 0.0121682 0.0121312 0.0069017 0.0086546 0.0069027 0.0034259 0.0034305 0.0103649 0.0069027 0.0068986 0.0034254 0.0068731 0.0068731 0.0068912 0.0051519 0.0051678 0.0069094 0.0051628 0.0068834 0.0051722 0.0086716 0.0068888 0.0069223 0.0051677 0.0069028 0.0068812 0.0068927 0.0068783 0.0068737 0.0068710 0.0068866 0.0068731 0.0086661 0.0051678 0.0068936 0.0034401 0.0051650 0.0085919 0.0120998 0.0069126 0.0069299 0.0034350 
EPI445774|HA|B/AICHI/2/2013|EPI_ISL_140294|B                   0.0051563 0.0085963 0.0086414 0.0051550 0.0121272 0.0103627 0.0069147 0.0068902 0.0000000 0.0069142 0.0069074 0.0088170 0.0086852 0.0051548 0.0068799 0.0051533 0.0086575 0.0156050 0.0068823 0.0069030 0.0068912 0.0069183 0.0103667 0.0086944 0.0086834 0.0121419 0.0069293 0.0121449 0.0086464 0.0068901 0.0086240 0.0051533 0.0068888 0.0068950 0.0086744 0.0086608 0.0069111 0.0068845 0.0069186 0.0139393 0.0121834 0.0121464 0.0069101 0.0086652 0.0069111 0.0068942 0.0069037 0.0103777 0.0069111 0.0069070 0.0068932 0.0068814 0.0068814 0.0068996 0.0051571 0.0051741 0.0069178 0.0051691 0.0068918 0.0051785 0.0086823 0.0068972 0.0069307 0.0051740 0.0069112 0.0068896 0.0069011 0.0068867 0.0068820 0.0068793 0.0068950 0.0068814 0.0086768 0.0051741 0.0069020 0.0069229 0.0051713 0.0086024 0.0121148 0.0069210 0.0069384 0.0068995 
EPI566821|HA|B/Vietnam/13V_B-9/2013|EPI_ISL_173060|B           0.0051680 0.0086158 0.0086612 0.0051657 0.0121553 0.0103865 0.0034479 0.0034357 0.0069142 0.0000000 0.0069231 0.0088366 0.0087052 0.0051655 0.0068955 0.0051641 0.0086774 0.0156417 0.0068979 0.0069187 0.0069068 0.0069341 0.0103905 0.0052023 0.0051957 0.0121701 0.0069451 0.0121731 0.0086662 0.0069057 0.0051601 0.0051641 0.0069044 0.0069106 0.0086944 0.0086807 0.0069268 0.0069001 0.0069344 0.0139721 0.0122118 0.0121746 0.0069259 0.0086851 0.0069268 0.0034377 0.0034424 0.0104016 0.0069268 0.0069227 0.0034372 0.0068970 0.0068970 0.0069153 0.0051689 0.0051859 0.0069336 0.0051809 0.0069074 0.0051903 0.0087023 0.0069128 0.0069465 0.0051858 0.0069270 0.0069052 0.0069168 0.0069023 0.0068976 0.0068949 0.0069106 0.0068970 0.0086967 0.0051859 0.0069177 0.0034520 0.0051831 0.0086220 0.0121429 0.0069368 0.0069542 0.0069152 
EPI873555|HA|B/Cambodia/X0117311/2013|EPI_ISL_240647|B         0.0051629 0.0086073 0.0086526 0.0051606 0.0121431 0.0103761 0.0069236 0.0068990 0.0069074 0.0069231 0.0000000 0.0017413 0.0017142 0.0051604 0.0068887 0.0051589 0.0086687 0.0156257 0.0068911 0.0069119 0.0069000 0.0069273 0.0103802 0.0087057 0.0086947 0.0121579 0.0069382 0.0121608 0.0086576 0.0068989 0.0086351 0.0051589 0.0068976 0.0069038 0.0086857 0.0086721 0.0069200 0.0068934 0.0069275 0.0139579 0.0121995 0.0121624 0.0069190 0.0086765 0.0069200 0.0069030 0.0069126 0.0103912 0.0069200 0.0069159 0.0069021 0.0068902 0.0068902 0.0069084 0.0051638 0.0051808 0.0069267 0.0051758 0.0069006 0.0051852 0.0086936 0.0069060 0.0069396 0.0051807 0.0069201 0.0068984 0.0069100 0.0068955 0.0068908 0.0068881 0.0069038 0.0068902 0.0086880 0.0051808 0.0069109 0.0069318 0.0051779 0.0086135 0.0121307 0.0069300 0.0069473 0.0069083 
EPI873554|HA|B/Cambodia/X0117308/2013|EPI_ISL_240646|B         0.0070312 0.0105443 0.0106013 0.0070280 0.0141646 0.0123570 0.0088372 0.0088060 0.0088170 0.0088366 0.0017413 0.0000000 0.0035026 0.0070278 0.0087926 0.0070257 0.0106214 0.0177139 0.0087956 0.0088228 0.0088074 0.0088421 0.0123619 0.0106677 0.0106539 0.0141820 0.0088562 0.0141855 0.0106075 0.0088059 0.0105793 0.0070257 0.0088042 0.0088123 0.0106426 0.0106259 0.0088333 0.0087986 0.0088423 0.0160259 0.0142316 0.0141874 0.0088323 0.0106311 0.0088333 0.0088112 0.0088237 0.0123755 0.0088333 0.0088282 0.0088100 0.0072359 0.0087945 0.0088184 0.0070323 0.0070559 0.0088412 0.0070490 0.0088081 0.0070619 0.0106526 0.0088152 0.0088583 0.0070558 0.0088336 0.0088052 0.0088204 0.0088014 0.0087952 0.0087916 0.0088123 0.0087945 0.0106455 0.0070559 0.0088216 0.0088479 0.0070521 0.0105520 0.0141498 0.0088455 0.0088685 0.0088182 
EPI873557|HA|B/Cambodia/X0314305/2013|EPI_ISL_240649|B         0.0069256 0.0103890 0.0104444 0.0069225 0.0139592 0.0121763 0.0087057 0.0086745 0.0086852 0.0087052 0.0017142 0.0035026 0.0000000 0.0069223 0.0086615 0.0069203 0.0068924 0.0174631 0.0086644 0.0086908 0.0086758 0.0087105 0.0121811 0.0069216 0.0089988 0.0139761 0.0051708 0.0139795 0.0104504 0.0086744 0.0104230 0.0069203 0.0086728 0.0086806 0.0104845 0.0104682 0.0087010 0.0086673 0.0087107 0.0157946 0.0140244 0.0139813 0.0087000 0.0104734 0.0087010 0.0086796 0.0086917 0.0121943 0.0071702 0.0086960 0.0086784 0.0086633 0.0086633 0.0086865 0.0069267 0.0069495 0.0087096 0.0069428 0.0086766 0.0069553 0.0104942 0.0086835 0.0087260 0.0069494 0.0087013 0.0086737 0.0086884 0.0086700 0.0086640 0.0086606 0.0086806 0.0086633 0.0104874 0.0069495 0.0086896 0.0087160 0.0069458 0.0103965 0.0139448 0.0087137 0.0087359 0.0086864 
EPI460867|HA|B/SAPPORO/16/2013|EPI_ISL_143699|B                0.0034251 0.0068520 0.0068876 0.0034236 0.0103566 0.0086040 0.0051659 0.0051486 0.0051548 0.0051655 0.0051604 0.0070278 0.0069223 0.0000000 0.0051410 0.0034225 0.0069004 0.0138199 0.0051428 0.0017127 0.0051493 0.0051686 0.0086073 0.0069296 0.0069209 0.0103692 0.0051770 0.0103718 0.0068917 0.0051485 0.0068739 0.0034225 0.0051476 0.0051522 0.0069138 0.0069029 0.0051633 0.0051444 0.0017165 0.0121522 0.0104044 0.0103730 0.0051625 0.0069065 0.0051633 0.0051516 0.0051576 0.0086163 0.0051633 0.0051601 0.0051509 0.0051421 0.0051421 0.0051556 0.0034257 0.0034368 0.0051684 0.0034336 0.0051498 0.0034398 0.0069200 0.0051538 0.0051780 0.0034368 0.0051633 0.0051482 0.0051567 0.0051460 0.0051426 0.0051406 0.0051522 0.0051421 0.0069157 0.0034368 0.0051564 0.0051721 0.0034349 0.0068568 0.0103461 0.0051707 0.0051836 0.0051555 
EPI461910|HA|B/Kutaisi/384/2013|EPI_ISL_143987|B               0.0051434 0.0085731 0.0086180 0.0051412 0.0120939 0.0103345 0.0068960 0.0068716 0.0068799 0.0068955 0.0068887 0.0087926 0.0086615 0.0051410 0.0000000 0.0017077 0.0051633 0.0155621 0.0068637 0.0068844 0.0068726 0.0068996 0.0103385 0.0086707 0.0086597 0.0121086 0.0069105 0.0121116 0.0086230 0.0068715 0.0068886 0.0051395 0.0068702 0.0068764 0.0086508 0.0086373 0.0068924 0.0068660 0.0068999 0.0139008 0.0121499 0.0121131 0.0068914 0.0086416 0.0068924 0.0051616 0.0068850 0.0103494 0.0068924 0.0068884 0.0068746 0.0068628 0.0068628 0.0068809 0.0051442 0.0051600 0.0068991 0.0051561 0.0068732 0.0051644 0.0086586 0.0068785 0.0069119 0.0051599 0.0068925 0.0051581 0.0068824 0.0068681 0.0068635 0.0068607 0.0068764 0.0068628 0.0086531 0.0051600 0.0068833 0.0069041 0.0051572 0.0085791 0.0120817 0.0069023 0.0069195 0.0068808 
EPI461914|HA|B/Ozirgeti/542/2013|EPI_ISL_143989|B              0.0034242 0.0068500 0.0068856 0.0034227 0.0103535 0.0086014 0.0051644 0.0051472 0.0051533 0.0051641 0.0051589 0.0070257 0.0069203 0.0034225 0.0017077 0.0000000 0.0034381 0.0138156 0.0051413 0.0051557 0.0051479 0.0051671 0.0086047 0.0069276 0.0069189 0.0103661 0.0051755 0.0103687 0.0068897 0.0051471 0.0051589 0.0034216 0.0051461 0.0051507 0.0069118 0.0069009 0.0051618 0.0051430 0.0051674 0.0121485 0.0104013 0.0103699 0.0051610 0.0069045 0.0051618 0.0034369 0.0051562 0.0086138 0.0051618 0.0051587 0.0051494 0.0051406 0.0051406 0.0051541 0.0034247 0.0034358 0.0051669 0.0034326 0.0051483 0.0034388 0.0069180 0.0051523 0.0051765 0.0034358 0.0051618 0.0034346 0.0051552 0.0051446 0.0051411 0.0051391 0.0051507 0.0051406 0.0069137 0.0034358 0.0051559 0.0051706 0.0034339 0.0068549 0.0103431 0.0051693 0.0051821 0.0051540 
EPI461926|HA|B/Tbilisi/524/2013|EPI_ISL_143995|B               0.0069037 0.0103559 0.0104109 0.0069006 0.0139138 0.0121371 0.0086779 0.0086469 0.0086575 0.0086774 0.0086687 0.0106214 0.0068924 0.0069004 0.0051633 0.0034381 0.0000000 0.0174061 0.0086369 0.0086631 0.0086482 0.0086826 0.0121419 0.0068997 0.0089692 0.0139307 0.0051554 0.0139341 0.0104168 0.0086468 0.0086684 0.0068984 0.0086452 0.0086530 0.0104507 0.0104346 0.0086732 0.0086398 0.0086828 0.0157427 0.0139787 0.0139359 0.0086722 0.0104397 0.0086732 0.0069296 0.0086640 0.0121550 0.0071468 0.0086683 0.0086508 0.0086357 0.0086357 0.0086588 0.0069048 0.0069274 0.0086817 0.0069208 0.0086489 0.0069332 0.0104604 0.0086558 0.0086981 0.0069273 0.0086735 0.0069250 0.0086607 0.0086424 0.0086365 0.0086330 0.0086530 0.0086357 0.0104536 0.0069274 0.0086619 0.0086881 0.0069238 0.0103633 0.0138995 0.0086858 0.0087079 0.0086587 
EPI464807|HA|B/Laos/044/2013|EPI_ISL_144863|B                  0.0138264 0.0172799 0.0173741 0.0138200 0.0174067 0.0120556 0.0156422 0.0155853 0.0156050 0.0156417 0.0156257 0.0177139 0.0174631 0.0138199 0.0155621 0.0138156 0.0174061 0.0000000 0.0155669 0.0156146 0.0155881 0.0156516 0.0191019 0.0174816 0.0174592 0.0138363 0.0156742 0.0138397 0.0173835 0.0155853 0.0173376 0.0138156 0.0155825 0.0155966 0.0174403 0.0174153 0.0156331 0.0155724 0.0156507 0.0191164 0.0173614 0.0191465 0.0156324 0.0174225 0.0156331 0.0155945 0.0156169 0.0155294 0.0156331 0.0156250 0.0155925 0.0155649 0.0155649 0.0156076 0.0138286 0.0138749 0.0156481 0.0138607 0.0138747 0.0138856 0.0174573 0.0138860 0.0139544 0.0138748 0.0139148 0.0155837 0.0156110 0.0138638 0.0155659 0.0138482 0.0138812 0.0155649 0.0157208 0.0138749 0.0156131 0.0156603 0.0138682 0.0121155 0.0138054 0.0156562 0.0156977 0.0156072 
EPI465227|HA|B/KUMAMOTO/24/2013|EPI_ISL_144999|B               0.0051452 0.0085759 0.0086209 0.0051430 0.0120979 0.0103379 0.0068984 0.0068740 0.0068823 0.0068979 0.0068911 0.0087956 0.0086644 0.0051428 0.0068637 0.0051413 0.0086369 0.0155669 0.0000000 0.0068867 0.0034183 0.0034317 0.0103419 0.0086736 0.0086626 0.0121125 0.0069129 0.0121155 0.0086259 0.0068739 0.0086036 0.0051413 0.0068726 0.0034202 0.0051630 0.0051556 0.0034282 0.0034151 0.0051348 0.0139052 0.0121538 0.0121170 0.0068938 0.0051574 0.0034282 0.0068779 0.0052028 0.0103528 0.0034282 0.0034261 0.0068770 0.0034136 0.0034136 0.0034225 0.0051460 0.0051618 0.0069015 0.0051569 0.0068756 0.0051662 0.0086616 0.0068809 0.0069143 0.0051617 0.0068949 0.0068734 0.0068848 0.0068705 0.0068658 0.0068631 0.0068787 0.0034136 0.0086560 0.0051618 0.0034237 0.0069065 0.0051590 0.0085820 0.0120856 0.0069047 0.0034415 0.0068832 
EPI465224|HA|B/SAPPORO/24/2013|EPI_ISL_144996|B                0.0051597 0.0086018 0.0086470 0.0051574 0.0121348 0.0103692 0.0069192 0.0068946 0.0069030 0.0069187 0.0069119 0.0088228 0.0086908 0.0017127 0.0068844 0.0051557 0.0086631 0.0156146 0.0068867 0.0000000 0.0068956 0.0069228 0.0103732 0.0087000 0.0086890 0.0121496 0.0069338 0.0121525 0.0086520 0.0068945 0.0086295 0.0051557 0.0068932 0.0068994 0.0086800 0.0086664 0.0069155 0.0068890 0.0034480 0.0139481 0.0121911 0.0121541 0.0069146 0.0086708 0.0069155 0.0068986 0.0069082 0.0103843 0.0069155 0.0069115 0.0068977 0.0068858 0.0068858 0.0069041 0.0051605 0.0051775 0.0069223 0.0051726 0.0068962 0.0051819 0.0086879 0.0069016 0.0069352 0.0051774 0.0069157 0.0068940 0.0069056 0.0068911 0.0068864 0.0068837 0.0068994 0.0068858 0.0086823 0.0051775 0.0069065 0.0069274 0.0051747 0.0086079 0.0121225 0.0069255 0.0069429 0.0069039 
EPI465231|HA|B/AICHI/55/2013|EPI_ISL_145003|B                  0.0051518 0.0085871 0.0086321 0.0051495 0.0121140 0.0103515 0.0069073 0.0068828 0.0068912 0.0069068 0.0069000 0.0088074 0.0086758 0.0051493 0.0068726 0.0051479 0.0086482 0.0155881 0.0034183 0.0068956 0.0000000 0.0034360 0.0103555 0.0086850 0.0086740 0.0121287 0.0069218 0.0121317 0.0086371 0.0068827 0.0086148 0.0051479 0.0068814 0.0034246 0.0051697 0.0051613 0.0034326 0.0034194 0.0051413 0.0139241 0.0121702 0.0121332 0.0069027 0.0051641 0.0034326 0.0068868 0.0052095 0.0068839 0.0034326 0.0034305 0.0068859 0.0034179 0.0034179 0.0034268 0.0051526 0.0051685 0.0069104 0.0051636 0.0068844 0.0051729 0.0086729 0.0068898 0.0069232 0.0051684 0.0069038 0.0068822 0.0068937 0.0068793 0.0068747 0.0068719 0.0068876 0.0034179 0.0086674 0.0051685 0.0034280 0.0069154 0.0051657 0.0085932 0.0121017 0.0069136 0.0034459 0.0068921 
EPI465229|HA|B/ISHIKAWA/76/2013|EPI_ISL_145001|B               0.0051711 0.0086210 0.0086665 0.0051688 0.0121629 0.0103929 0.0069346 0.0069099 0.0069183 0.0069341 0.0069273 0.0088421 0.0087105 0.0051686 0.0068996 0.0051671 0.0086826 0.0156516 0.0034317 0.0069228 0.0034360 0.0000000 0.0103969 0.0087197 0.0087086 0.0121777 0.0069493 0.0121807 0.0086715 0.0069098 0.0086489 0.0051671 0.0069085 0.0034379 0.0051902 0.0051817 0.0034460 0.0034328 0.0051605 0.0139810 0.0122195 0.0121822 0.0069300 0.0051846 0.0034460 0.0069139 0.0052302 0.0104080 0.0034460 0.0034439 0.0069130 0.0034312 0.0034312 0.0034402 0.0051719 0.0051890 0.0069377 0.0051840 0.0069115 0.0051934 0.0087076 0.0069170 0.0069507 0.0051889 0.0069311 0.0069093 0.0069209 0.0069064 0.0069017 0.0068990 0.0069148 0.0034312 0.0087020 0.0051890 0.0034414 0.0069428 0.0051861 0.0086272 0.0121505 0.0069410 0.0034594 0.0069193 
EPI465900|HA|B/Phuket/151/2013|EPI_ISL_145275|B                0.0086113 0.0086064 0.0069719 0.0086075 0.0104834 0.0138396 0.0103911 0.0103539 0.0103667 0.0103905 0.0103802 0.0123619 0.0121811 0.0086073 0.0103385 0.0086047 0.0121419 0.0191019 0.0103419 0.0103732 0.0103555 0.0103969 0.0000000 0.0121940 0.0121785 0.0156367 0.0104128 0.0156405 0.0121263 0.0103538 0.0120946 0.0086047 0.0103519 0.0103612 0.0121657 0.0104225 0.0103854 0.0103454 0.0103969 0.0174522 0.0156905 0.0156425 0.0103844 0.0103959 0.0103854 0.0103599 0.0103745 0.0138601 0.0103854 0.0103796 0.0103586 0.0103405 0.0103405 0.0103683 0.0086127 0.0086410 0.0103955 0.0086326 0.0103564 0.0086480 0.0121771 0.0103646 0.0104152 0.0086409 0.0103859 0.0103529 0.0103705 0.0103485 0.0103413 0.0103372 0.0103612 0.0068894 0.0121691 0.0086410 0.0086582 0.0104033 0.0086365 0.0120637 0.0156020 0.0104005 0.0104272 0.0103681 
EPI465912|HA|B/Vietnam/3071/2013|EPI_ISL_145279|B              0.0069330 0.0104000 0.0104554 0.0069299 0.0139740 0.0121892 0.0017179 0.0051841 0.0086944 0.0052023 0.0087057 0.0106677 0.0069216 0.0069296 0.0086707 0.0069276 0.0068997 0.0174816 0.0086736 0.0087000 0.0086850 0.0087197 0.0121940 0.0000000 0.0017854 0.0139909 0.0051763 0.0139944 0.0104615 0.0086836 0.0069223 0.0069276 0.0086819 0.0086898 0.0104956 0.0104794 0.0087103 0.0086765 0.0087199 0.0158115 0.0140393 0.0139962 0.0087092 0.0104845 0.0087103 0.0051871 0.0051943 0.0122072 0.0071780 0.0087053 0.0051864 0.0086725 0.0086725 0.0086957 0.0069341 0.0069569 0.0087188 0.0069502 0.0086858 0.0069627 0.0105054 0.0086927 0.0087353 0.0069568 0.0087106 0.0086829 0.0086976 0.0086792 0.0086732 0.0086697 0.0086898 0.0086725 0.0104985 0.0069569 0.0086988 0.0052090 0.0069532 0.0104074 0.0139596 0.0087230 0.0087452 0.0086956 
EPI465924|HA|B/Vietnam/3072/2013|EPI_ISL_145283|B              0.0069242 0.0103868 0.0104421 0.0069211 0.0139561 0.0121737 0.0017157 0.0051775 0.0086834 0.0051957 0.0086947 0.0106539 0.0089988 0.0069209 0.0086597 0.0069189 0.0089692 0.0174592 0.0086626 0.0086890 0.0086740 0.0087086 0.0121785 0.0017854 0.0000000 0.0139730 0.0071882 0.0139764 0.0104481 0.0086726 0.0069135 0.0069189 0.0086709 0.0086788 0.0104822 0.0104660 0.0086992 0.0086655 0.0087088 0.0157911 0.0140213 0.0139783 0.0086982 0.0104711 0.0086992 0.0051805 0.0051877 0.0121916 0.0051720 0.0086942 0.0051798 0.0086615 0.0086615 0.0086847 0.0069253 0.0069481 0.0087077 0.0069414 0.0086747 0.0069539 0.0104920 0.0086816 0.0087242 0.0069480 0.0086995 0.0086719 0.0086866 0.0086682 0.0086622 0.0086587 0.0086788 0.0086615 0.0104851 0.0069481 0.0086878 0.0052023 0.0069444 0.0103942 0.0139417 0.0087119 0.0087341 0.0086845 
EPI465918|HA|B/Hong_Kong/74/2013|EPI_ISL_145281|B              0.0103741 0.0138300 0.0139048 0.0103694 0.0174207 0.0017148 0.0121707 0.0121268 0.0121419 0.0121701 0.0121579 0.0141820 0.0139761 0.0103692 0.0121086 0.0103661 0.0139307 0.0138363 0.0121125 0.0121496 0.0121287 0.0121777 0.0156367 0.0139909 0.0139730 0.0000000 0.0121960 0.0034454 0.0139126 0.0121267 0.0138759 0.0103661 0.0121244 0.0121354 0.0139581 0.0139373 0.0121639 0.0121167 0.0121774 0.0086571 0.0069176 0.0086690 0.0121629 0.0139436 0.0121639 0.0121339 0.0121511 0.0051559 0.0121639 0.0121572 0.0121323 0.0121110 0.0121110 0.0121438 0.0103758 0.0104101 0.0121757 0.0103998 0.0121298 0.0104185 0.0139714 0.0121396 0.0121991 0.0104100 0.0121646 0.0121256 0.0121465 0.0121204 0.0121119 0.0121070 0.0121354 0.0121110 0.0139621 0.0104101 0.0121481 0.0121850 0.0104048 0.0138400 0.0034367 0.0121818 0.0122134 0.0121436 
EPI466151|HA|B/MALAYSIA/18/2013|EPI_ISL_145334|B               0.0051795 0.0086344 0.0086799 0.0051772 0.0121811 0.0104087 0.0069456 0.0069208 0.0069293 0.0069451 0.0069382 0.0088562 0.0051708 0.0051770 0.0069105 0.0051755 0.0051554 0.0156742 0.0069129 0.0069338 0.0069218 0.0069493 0.0104128 0.0051763 0.0071882 0.0121960 0.0000000 0.0121990 0.0086850 0.0069207 0.0086624 0.0051755 0.0069194 0.0069257 0.0087132 0.0086995 0.0069419 0.0069152 0.0069495 0.0140016 0.0122379 0.0122005 0.0069410 0.0087039 0.0069419 0.0069249 0.0069345 0.0104239 0.0053702 0.0069379 0.0069239 0.0069120 0.0069120 0.0069303 0.0051803 0.0051974 0.0069487 0.0035063 0.0069225 0.0052019 0.0087212 0.0069279 0.0069617 0.0051973 0.0069421 0.0069202 0.0069319 0.0069173 0.0069126 0.0069098 0.0069257 0.0069120 0.0087156 0.0051974 0.0069328 0.0069538 0.0051946 0.0086405 0.0121687 0.0069520 0.0069695 0.0069302 
EPI467015|HA|B/Taiwan/12/2013|EPI_ISL_145553|B                 0.0103767 0.0138334 0.0139083 0.0103720 0.0174249 0.0017153 0.0121737 0.0121297 0.0121449 0.0121731 0.0121608 0.0141855 0.0139795 0.0103718 0.0121116 0.0103687 0.0139341 0.0138397 0.0121155 0.0121525 0.0121317 0.0121807 0.0156405 0.0139944 0.0139764 0.0034454 0.0121990 0.0000000 0.0139161 0.0121296 0.0138793 0.0103687 0.0121274 0.0121384 0.0139616 0.0139407 0.0121669 0.0121197 0.0121804 0.0086592 0.0069193 0.0086712 0.0121659 0.0139470 0.0121669 0.0121369 0.0121541 0.0051561 0.0121669 0.0121602 0.0121353 0.0121139 0.0121139 0.0121468 0.0103783 0.0104127 0.0121787 0.0104023 0.0121327 0.0104210 0.0139749 0.0121425 0.0122021 0.0104126 0.0121676 0.0121285 0.0121495 0.0121234 0.0121148 0.0121099 0.0121384 0.0121139 0.0139655 0.0104127 0.0121511 0.0121880 0.0104074 0.0138434 0.0034376 0.0121847 0.0122164 0.0121465 
EPI468054|HA|B/Jordan/30266/2013|EPI_ISL_145978|B              0.0068949 0.0103427 0.0103975 0.0068919 0.0138958 0.0121215 0.0086668 0.0086358 0.0086464 0.0086662 0.0086576 0.0106075 0.0104504 0.0068917 0.0086230 0.0068897 0.0104168 0.0173835 0.0086259 0.0086520 0.0086371 0.0086715 0.0121263 0.0104615 0.0104481 0.0139126 0.0086850 0.0139161 0.0000000 0.0051566 0.0103763 0.0068897 0.0086341 0.0086419 0.0104373 0.0104211 0.0086621 0.0086287 0.0086717 0.0157221 0.0139606 0.0103913 0.0086611 0.0104262 0.0086621 0.0086409 0.0086529 0.0121393 0.0086621 0.0086572 0.0086397 0.0086247 0.0086247 0.0086478 0.0068960 0.0069186 0.0086706 0.0069120 0.0086379 0.0069244 0.0104469 0.0086447 0.0086869 0.0069185 0.0086624 0.0086351 0.0051683 0.0086314 0.0086255 0.0086220 0.0086419 0.0086247 0.0104401 0.0069186 0.0086508 0.0086770 0.0069149 0.0103500 0.0138816 0.0086747 0.0086967 0.0086476 
EPI468060|HA|B/Jordan/30306/2013|EPI_ISL_145981|B              0.0017093 0.0085857 0.0086308 0.0051487 0.0121120 0.0103498 0.0069062 0.0068817 0.0068901 0.0069057 0.0068989 0.0088059 0.0086744 0.0051485 0.0068715 0.0051471 0.0086468 0.0155853 0.0068739 0.0068945 0.0068827 0.0069098 0.0103538 0.0086836 0.0086726 0.0121267 0.0069207 0.0121296 0.0051566 0.0000000 0.0086134 0.0051471 0.0068803 0.0068865 0.0086636 0.0086501 0.0069026 0.0068761 0.0069101 0.0139216 0.0121681 0.0086258 0.0069017 0.0086545 0.0069026 0.0068857 0.0068952 0.0103648 0.0069026 0.0068985 0.0034269 0.0068730 0.0068730 0.0068911 0.0051518 0.0051677 0.0069093 0.0051628 0.0068833 0.0051721 0.0086715 0.0068887 0.0069222 0.0051676 0.0069027 0.0068811 0.0068926 0.0068782 0.0068736 0.0068709 0.0068865 0.0068730 0.0086660 0.0051677 0.0068935 0.0069144 0.0051649 0.0085918 0.0120997 0.0069125 0.0069298 0.0068910 
EPI468522|HA|B/Taiwan/13/2013|EPI_ISL_146084|B                 0.0068772 0.0103158 0.0103704 0.0068741 0.0138592 0.0120899 0.0051605 0.0051433 0.0086240 0.0051601 0.0086351 0.0105793 0.0104230 0.0068739 0.0068886 0.0051589 0.0086684 0.0173376 0.0086036 0.0086295 0.0086148 0.0086489 0.0120946 0.0069223 0.0069135 0.0138759 0.0086624 0.0138793 0.0103763 0.0086134 0.0000000 0.0068719 0.0086118 0.0086195 0.0104099 0.0103939 0.0086396 0.0086064 0.0086491 0.0156813 0.0139237 0.0138811 0.0086386 0.0103990 0.0086396 0.0017085 0.0051532 0.0121076 0.0086396 0.0086347 0.0051455 0.0086024 0.0086024 0.0086253 0.0068782 0.0069007 0.0086480 0.0068941 0.0086155 0.0069064 0.0104195 0.0086223 0.0086643 0.0069006 0.0086399 0.0051474 0.0086272 0.0086091 0.0086032 0.0085997 0.0086195 0.0086024 0.0104128 0.0069007 0.0086284 0.0051667 0.0068971 0.0103232 0.0138450 0.0086521 0.0086740 0.0086252 
EPI477357|HA|B/Guangdong-Duanzhou/1160/2013|EPI_ISL_148706|B   0.0034242 0.0068500 0.0068856 0.0034227 0.0103535 0.0086014 0.0051644 0.0051472 0.0051533 0.0051641 0.0051589 0.0070257 0.0069203 0.0034225 0.0051395 0.0034216 0.0068984 0.0138156 0.0051413 0.0051557 0.0051479 0.0051671 0.0086047 0.0069276 0.0069189 0.0103661 0.0051755 0.0103687 0.0068897 0.0051471 0.0068719 0.0000000 0.0051461 0.0051507 0.0069118 0.0069009 0.0051618 0.0051430 0.0051674 0.0121485 0.0104013 0.0103699 0.0051610 0.0069045 0.0051618 0.0051501 0.0051562 0.0086138 0.0051618 0.0051587 0.0051494 0.0051406 0.0051406 0.0034449 0.0034247 0.0034358 0.0051669 0.0034326 0.0051483 0.0034388 0.0069180 0.0051523 0.0051765 0.0034358 0.0051618 0.0051467 0.0051552 0.0051446 0.0051411 0.0051391 0.0051507 0.0051406 0.0069137 0.0034358 0.0051559 0.0051706 0.0034339 0.0068549 0.0103431 0.0051693 0.0051821 0.0051540 
EPI486449|HA|B/Jiangsu-Qingpu/1256/2013|EPI_ISL_150187|B       0.0051500 0.0085841 0.0086291 0.0051477 0.0121097 0.0103479 0.0069049 0.0068804 0.0068888 0.0069044 0.0068976 0.0088042 0.0086728 0.0051476 0.0068702 0.0051461 0.0086452 0.0155825 0.0068726 0.0068932 0.0068814 0.0069085 0.0103519 0.0086819 0.0086709 0.0121244 0.0069194 0.0121274 0.0086341 0.0068803 0.0086118 0.0051461 0.0000000 0.0051689 0.0086620 0.0086485 0.0069013 0.0068748 0.0069088 0.0104081 0.0121658 0.0121289 0.0034389 0.0086528 0.0069013 0.0068844 0.0068939 0.0103629 0.0069013 0.0068972 0.0068835 0.0068717 0.0068717 0.0068898 0.0051508 0.0051667 0.0069080 0.0051618 0.0068820 0.0051711 0.0086699 0.0068874 0.0069208 0.0051666 0.0069014 0.0068798 0.0068913 0.0068769 0.0068723 0.0068696 0.0068852 0.0068717 0.0086644 0.0051667 0.0068922 0.0069130 0.0051639 0.0085902 0.0120974 0.0069112 0.0069285 0.0068897 
EPI486455|HA|B/Bangladesh/8010/2013|EPI_ISL_150189|B           0.0051546 0.0085918 0.0086369 0.0051523 0.0121207 0.0103572 0.0069111 0.0068866 0.0068950 0.0069106 0.0069038 0.0088123 0.0086806 0.0051522 0.0068764 0.0051507 0.0086530 0.0155966 0.0034202 0.0068994 0.0034246 0.0034379 0.0103612 0.0086898 0.0086788 0.0121354 0.0069257 0.0121384 0.0086419 0.0068865 0.0086195 0.0051507 0.0051689 0.0000000 0.0051726 0.0051642 0.0034345 0.0034213 0.0051442 0.0122059 0.0121769 0.0121399 0.0051850 0.0051670 0.0034345 0.0068906 0.0052125 0.0103722 0.0034345 0.0034324 0.0068897 0.0034198 0.0034198 0.0034287 0.0051554 0.0051714 0.0069142 0.0051665 0.0068882 0.0051758 0.0086778 0.0068936 0.0069271 0.0051713 0.0069076 0.0068860 0.0068975 0.0068831 0.0068784 0.0068757 0.0068914 0.0034198 0.0086722 0.0051714 0.0034299 0.0069193 0.0051686 0.0085979 0.0121084 0.0069175 0.0034478 0.0068959 
EPI491356|HA|B/PHILIPPINES/10/2013|EPI_ISL_151535|B            0.0069171 0.0103760 0.0104313 0.0069140 0.0139413 0.0121609 0.0086949 0.0086638 0.0086744 0.0086944 0.0086857 0.0106426 0.0104845 0.0069138 0.0086508 0.0069118 0.0104507 0.0174403 0.0051630 0.0086800 0.0051697 0.0051902 0.0121657 0.0104956 0.0104822 0.0139581 0.0087132 0.0139616 0.0104373 0.0086636 0.0104099 0.0069118 0.0086620 0.0051726 0.0000000 0.0069314 0.0051848 0.0051647 0.0069030 0.0157740 0.0140064 0.0139634 0.0086892 0.0069350 0.0051848 0.0086688 0.0069946 0.0121788 0.0051848 0.0051817 0.0086677 0.0051623 0.0051623 0.0051761 0.0069182 0.0069410 0.0086987 0.0069343 0.0086658 0.0069468 0.0104810 0.0086727 0.0087152 0.0069409 0.0086905 0.0086630 0.0086776 0.0086593 0.0086533 0.0086498 0.0086699 0.0051623 0.0104741 0.0069410 0.0051779 0.0087052 0.0069373 0.0103835 0.0139269 0.0087029 0.0052053 0.0086756 
EPI492589|HA|B/Hong_Kong/223/2013|EPI_ISL_151771|B             0.0069062 0.0103601 0.0104152 0.0069031 0.0139204 0.0121425 0.0086812 0.0086502 0.0086608 0.0086807 0.0086721 0.0106259 0.0104682 0.0069029 0.0086373 0.0069009 0.0104346 0.0174153 0.0051556 0.0086664 0.0051613 0.0051817 0.0104225 0.0104794 0.0104660 0.0139373 0.0086995 0.0139407 0.0104211 0.0086501 0.0103939 0.0069009 0.0086485 0.0051642 0.0069314 0.0000000 0.0051764 0.0051563 0.0068921 0.0157507 0.0139853 0.0139425 0.0086756 0.0051731 0.0051764 0.0086553 0.0069832 0.0121604 0.0051764 0.0051732 0.0086541 0.0051549 0.0051549 0.0051676 0.0069073 0.0069299 0.0086851 0.0069232 0.0086523 0.0069357 0.0104647 0.0086591 0.0087015 0.0069298 0.0086769 0.0086494 0.0086641 0.0086457 0.0086398 0.0086363 0.0086563 0.0051549 0.0104579 0.0069299 0.0051695 0.0086915 0.0069262 0.0103675 0.0139061 0.0086892 0.0051968 0.0086620 
EPI492881|HA|B/TOTTORI/37/2013|EPI_ISL_151859|B                0.0051657 0.0086118 0.0086571 0.0051634 0.0121491 0.0103814 0.0069273 0.0069027 0.0069111 0.0069268 0.0069200 0.0088333 0.0087010 0.0051633 0.0068924 0.0051618 0.0086732 0.0156331 0.0034282 0.0069155 0.0034326 0.0034460 0.0103854 0.0087103 0.0086992 0.0121639 0.0069419 0.0121669 0.0086621 0.0069026 0.0086396 0.0051618 0.0069013 0.0034345 0.0051848 0.0051764 0.0000000 0.0034293 0.0051561 0.0139647 0.0122056 0.0121684 0.0069227 0.0051792 0.0034425 0.0069067 0.0052248 0.0103965 0.0034425 0.0034404 0.0069057 0.0034278 0.0034278 0.0034367 0.0051666 0.0051836 0.0069304 0.0051786 0.0069043 0.0051880 0.0086981 0.0069097 0.0069433 0.0051835 0.0069238 0.0069021 0.0069136 0.0068991 0.0068945 0.0068917 0.0069075 0.0034278 0.0086926 0.0051836 0.0034380 0.0069355 0.0051808 0.0086179 0.0121367 0.0034355 0.0034559 0.0069120 
EPI1399071|HA|B/Taiwan/80823/2013|EPI_ISL_348552|B             0.0051469 0.0085788 0.0086238 0.0051446 0.0121020 0.0103414 0.0069006 0.0068762 0.0068845 0.0069001 0.0068934 0.0087986 0.0086673 0.0051444 0.0068660 0.0051430 0.0086398 0.0155724 0.0034151 0.0068890 0.0034194 0.0034328 0.0103454 0.0086765 0.0086655 0.0121167 0.0069152 0.0121197 0.0086287 0.0068761 0.0086064 0.0051430 0.0068748 0.0034213 0.0051647 0.0051563 0.0034293 0.0000000 0.0051365 0.0139101 0.0121580 0.0121212 0.0068961 0.0051591 0.0034293 0.0068802 0.0052045 0.0103563 0.0034293 0.0034272 0.0068793 0.0034146 0.0034146 0.0034236 0.0051477 0.0051635 0.0069037 0.0051586 0.0068778 0.0051679 0.0086645 0.0068832 0.0069166 0.0051634 0.0068972 0.0068756 0.0068871 0.0068727 0.0068681 0.0068653 0.0068810 0.0034146 0.0086589 0.0051635 0.0034248 0.0069088 0.0051607 0.0085849 0.0120897 0.0069069 0.0034426 0.0068855 
EPI497549|HA|B/SHIZUOKA/122/2013|EPI_ISL_152861|B              0.0051714 0.0086212 0.0086666 0.0051691 0.0121626 0.0103929 0.0069349 0.0069102 0.0069186 0.0069344 0.0069275 0.0088423 0.0087107 0.0017165 0.0068999 0.0051674 0.0086828 0.0156507 0.0051348 0.0034480 0.0051413 0.0051605 0.0103969 0.0087199 0.0087088 0.0121774 0.0069495 0.0121804 0.0086717 0.0069101 0.0086491 0.0051674 0.0069088 0.0051442 0.0069030 0.0068921 0.0051561 0.0051365 0.0000000 0.0139804 0.0122192 0.0121820 0.0069303 0.0068957 0.0051561 0.0069142 0.0051780 0.0104080 0.0051561 0.0051531 0.0069133 0.0051341 0.0051341 0.0051476 0.0051723 0.0051893 0.0069380 0.0051843 0.0069118 0.0051937 0.0087078 0.0069172 0.0069510 0.0051892 0.0069314 0.0069096 0.0069212 0.0069067 0.0069020 0.0068992 0.0069150 0.0051341 0.0087022 0.0051893 0.0051494 0.0069431 0.0051865 0.0086273 0.0121502 0.0069413 0.0051755 0.0069196 
EPI498303|HA|B/Indonesia/Nihrds-0242/2013|EPI_ISL_153135|B     0.0121579 0.0156291 0.0157134 0.0121524 0.0192491 0.0068959 0.0139727 0.0139217 0.0139393 0.0139721 0.0139579 0.0160259 0.0157946 0.0121522 0.0139008 0.0121485 0.0157427 0.0191164 0.0139052 0.0139481 0.0139241 0.0139810 0.0174522 0.0158115 0.0157911 0.0086571 0.0140016 0.0086592 0.0157221 0.0139216 0.0156813 0.0121485 0.0104081 0.0122059 0.0157740 0.0157507 0.0139647 0.0139101 0.0139804 0.0000000 0.0086864 0.0104505 0.0104410 0.0157576 0.0139647 0.0139300 0.0139500 0.0069057 0.0139647 0.0139571 0.0139282 0.0139034 0.0139034 0.0139416 0.0121599 0.0122005 0.0139782 0.0121881 0.0139252 0.0122101 0.0157893 0.0139367 0.0140055 0.0122004 0.0139656 0.0139203 0.0139446 0.0139144 0.0139043 0.0138987 0.0139318 0.0139034 0.0157786 0.0122005 0.0139466 0.0139890 0.0121944 0.0156403 0.0086377 0.0139853 0.0140222 0.0139412 
EPI498305|HA|B/Indonesia/Nihrdi-Mks1003/2013|EPI_ISL_153136|B  0.0104093 0.0138775 0.0139527 0.0104046 0.0174811 0.0051649 0.0122124 0.0121682 0.0121834 0.0122118 0.0121995 0.0142316 0.0140244 0.0104044 0.0121499 0.0104013 0.0139787 0.0173614 0.0121538 0.0121911 0.0121702 0.0122195 0.0156905 0.0140393 0.0140213 0.0069176 0.0122379 0.0069193 0.0139606 0.0121681 0.0139237 0.0104013 0.0121658 0.0121769 0.0140064 0.0139853 0.0122056 0.0121580 0.0122192 0.0086864 0.0000000 0.0086984 0.0122045 0.0139917 0.0122056 0.0121753 0.0121927 0.0051723 0.0122056 0.0121988 0.0121737 0.0121523 0.0121523 0.0121854 0.0104110 0.0104456 0.0122174 0.0104352 0.0121712 0.0104540 0.0140197 0.0121810 0.0122410 0.0104455 0.0122062 0.0121670 0.0121880 0.0121618 0.0121532 0.0121482 0.0121769 0.0121523 0.0140103 0.0104456 0.0121897 0.0122268 0.0104403 0.0138875 0.0069021 0.0122235 0.0122554 0.0121851 
EPI498325|HA|B/Indonesia/Nihrdi-Plk159/2013|EPI_ISL_153146|B   0.0103779 0.0138352 0.0139101 0.0103732 0.0174273 0.0069052 0.0121752 0.0121312 0.0121464 0.0121746 0.0121624 0.0141874 0.0139813 0.0103730 0.0121131 0.0103699 0.0139359 0.0191465 0.0121170 0.0121541 0.0121332 0.0121822 0.0156425 0.0139962 0.0139783 0.0086690 0.0122005 0.0086712 0.0103913 0.0086258 0.0138811 0.0103699 0.0121289 0.0121399 0.0139634 0.0139425 0.0121684 0.0121212 0.0121820 0.0104505 0.0086984 0.0000000 0.0121674 0.0139488 0.0121684 0.0121384 0.0121556 0.0069150 0.0121684 0.0121617 0.0121368 0.0121154 0.0121154 0.0121483 0.0103796 0.0104139 0.0121802 0.0104036 0.0121342 0.0104223 0.0139767 0.0121440 0.0122037 0.0104138 0.0121691 0.0121301 0.0121510 0.0121249 0.0121163 0.0121114 0.0121399 0.0121154 0.0139673 0.0104139 0.0121526 0.0121895 0.0104087 0.0138451 0.0086496 0.0121863 0.0122180 0.0121481 
EPI498537|HA|B/Jiangsu-Chongchuan/12552/2013|EPI_ISL_153252|B  0.0051650 0.0086108 0.0086561 0.0051627 0.0085849 0.0103804 0.0069263 0.0069017 0.0069101 0.0069259 0.0069190 0.0088323 0.0087000 0.0051625 0.0068914 0.0051610 0.0086722 0.0156324 0.0068938 0.0069146 0.0069027 0.0069300 0.0103844 0.0087092 0.0086982 0.0121629 0.0069410 0.0121659 0.0086611 0.0069017 0.0086386 0.0051610 0.0034389 0.0051850 0.0086892 0.0086756 0.0069227 0.0068961 0.0069303 0.0104410 0.0122045 0.0121674 0.0000000 0.0086800 0.0069227 0.0069058 0.0069153 0.0103954 0.0069227 0.0069187 0.0069048 0.0068929 0.0068929 0.0069112 0.0051658 0.0051828 0.0069295 0.0051779 0.0052215 0.0051873 0.0086971 0.0069088 0.0069424 0.0051827 0.0069229 0.0069011 0.0069127 0.0068982 0.0068935 0.0068908 0.0069066 0.0068929 0.0086915 0.0051828 0.0069136 0.0069346 0.0051800 0.0086169 0.0104891 0.0069327 0.0069501 0.0069111 
EPI498612|HA|B/Hunan-Lengshuitan/11179/2013|EPI_ISL_153277|B   0.0069098 0.0103652 0.0104203 0.0069067 0.0139267 0.0121482 0.0086856 0.0086546 0.0086652 0.0086851 0.0086765 0.0106311 0.0104734 0.0069065 0.0086416 0.0069045 0.0104397 0.0174225 0.0051574 0.0086708 0.0051641 0.0051846 0.0103959 0.0104845 0.0104711 0.0139436 0.0087039 0.0139470 0.0104262 0.0086545 0.0103990 0.0069045 0.0086528 0.0051670 0.0069350 0.0051731 0.0051792 0.0051591 0.0068957 0.0157576 0.0139917 0.0139488 0.0086800 0.0000000 0.0051792 0.0086596 0.0069870 0.0121661 0.0051792 0.0051761 0.0086585 0.0051567 0.0051567 0.0051705 0.0069109 0.0069335 0.0086895 0.0069269 0.0086566 0.0069393 0.0104699 0.0086635 0.0087059 0.0069335 0.0086813 0.0086538 0.0086684 0.0086501 0.0086442 0.0086407 0.0086607 0.0051567 0.0104630 0.0069335 0.0051723 0.0086959 0.0069299 0.0103726 0.0139124 0.0086936 0.0051997 0.0086664 
EPI498741|HA|B/Guangdong-Xiangzhou/11050/2013|EPI_ISL_153320|B 0.0051657 0.0086118 0.0086571 0.0051634 0.0121491 0.0103814 0.0069273 0.0069027 0.0069111 0.0069268 0.0069200 0.0088333 0.0087010 0.0051633 0.0068924 0.0051618 0.0086732 0.0156331 0.0034282 0.0069155 0.0034326 0.0034460 0.0103854 0.0087103 0.0086992 0.0121639 0.0069419 0.0121669 0.0086621 0.0069026 0.0086396 0.0051618 0.0069013 0.0034345 0.0051848 0.0051764 0.0034425 0.0034293 0.0051561 0.0139647 0.0122056 0.0121684 0.0069227 0.0051792 0.0000000 0.0069067 0.0052248 0.0103965 0.0034425 0.0034404 0.0069057 0.0034278 0.0034278 0.0034367 0.0051666 0.0051836 0.0069304 0.0051786 0.0069043 0.0051880 0.0086981 0.0069097 0.0069433 0.0051835 0.0069238 0.0069021 0.0069136 0.0068991 0.0068945 0.0068917 0.0069075 0.0034278 0.0086926 0.0051836 0.0034380 0.0069355 0.0051808 0.0086179 0.0121367 0.0069336 0.0034559 0.0069120 
