160
EPI340813|HA|B/Bangladesh/4622/2011|EPI_ISL_98579|B             0.0000000 0.0034389 0.0051901 0.0086695 0.0069059 0.0103967 0.0051885 0.0104382 0.0051794 0.0034269 0.0034360 0.0069059 0.0051856 0.0034480 0.0051777 0.0069217 0.0086453 0.0069016 0.0034224 0.0051623 0.0051545 0.0034350 0.0051835 0.0051444 0.0103773 0.0051695 0.0051695 0.0086720 0.0069222 0.0051610 0.0086390 0.0051602 0.0140068 0.0086483 0.0086453 0.0086307 0.0068820 0.0086223 0.0121716 0.0051525 0.0103905 0.0086563 0.0034332 0.0051544 0.0086641 0.0069116 0.0051771 0.0034224 0.0034228 0.0051654 0.0068828 0.0051747 0.0069091 0.0051488 0.0034248 0.0034339 0.0051868 0.0034359 0.0069055 0.0034248 0.0069075 0.0068721 0.0051932 0.0069015 0.0068953 0.0051665 0.0069225 0.0034354 0.0104233 0.0104336 0.0051602 0.0069035 0.0086296 0.0104125 0.0051852 0.0104095 0.0069166 0.0104107 0.0051610 0.0121682 0.0104167 0.0069409 0.0051388 0.0051647 0.0104180 0.0121761 0.0068935 0.0051899 0.0034224 0.0121913 0.0104180 0.0051444 0.0103404 0.0068840 0.0034228 0.0085784 0.0068878 0.0034305 0.0068555 0.0051572 0.0034327 0.0068743 0.0085871 0.0068600 0.0068497 0.0051901 0.0086395 0.0034305 0.0068600 0.0068598 0.0085827 0.0068574 0.0051647 0.0068548 0.0103347 0.0034267 0.0068655 0.0086226 0.0068611 0.0034365 0.0068743 0.0051450 0.0068810 0.0085950 0.0068573 0.0068655 0.0086495 0.0068516 0.0068574 0.0068488 0.0086237 0.0068600 0.0068743 0.0068760 0.0068712 0.0068670 0.0103661 0.0068953 0.0068644 0.0034454 0.0034291 0.0068820 0.0051695 0.0034267 0.0068611 0.0051640 0.0228529 0.0034266 0.0104180 0.0069160 0.0051805 0.0034456 0.0051661 0.0051769 0.0068842 0.0085951 0.0069184 0.0051723 0.0068707 0.0034408 
EPI340816|HA|B/Fujian-Tongan/1150/2011|EPI_ISL_98580|B          0.0034389 0.0000000 0.0017178 0.0051648 0.0034286 0.0068820 0.0017172 0.0104670 0.0017143 0.0034360 0.0034451 0.0034286 0.0034324 0.0017118 0.0017137 0.0034365 0.0051505 0.0034264 0.0034314 0.0017087 0.0051683 0.0034441 0.0017155 0.0051581 0.0068694 0.0017110 0.0017110 0.0051661 0.0034365 0.0051748 0.0051468 0.0017080 0.0104297 0.0051523 0.0051505 0.0051420 0.0069005 0.0086458 0.0122054 0.0051663 0.0068780 0.0051569 0.0034423 0.0051682 0.0051617 0.0034313 0.0017135 0.0034314 0.0034319 0.0051793 0.0069013 0.0051885 0.0034301 0.0051625 0.0034338 0.0034430 0.0017167 0.0034450 0.0069242 0.0034338 0.0069262 0.0068906 0.0034374 0.0069201 0.0069139 0.0051803 0.0069412 0.0034446 0.0104520 0.0104623 0.0017080 0.0034274 0.0051413 0.0068923 0.0017161 0.0068903 0.0034338 0.0068912 0.0051748 0.0086297 0.0068952 0.0034457 0.0051525 0.0017094 0.0104467 0.0122099 0.0034225 0.0017177 0.0034314 0.0104821 0.0104467 0.0051581 0.0103687 0.0069025 0.0034319 0.0086016 0.0069063 0.0034396 0.0068738 0.0051710 0.0034418 0.0068927 0.0086103 0.0068784 0.0068680 0.0017178 0.0086630 0.0034396 0.0068784 0.0068782 0.0086059 0.0068758 0.0017094 0.0068732 0.0103629 0.0034358 0.0068839 0.0086460 0.0068796 0.0034456 0.0068927 0.0051588 0.0051469 0.0086182 0.0068757 0.0068839 0.0086730 0.0068700 0.0068758 0.0068671 0.0086471 0.0068784 0.0068927 0.0068944 0.0068897 0.0068855 0.0103945 0.0069139 0.0068829 0.0034546 0.0034382 0.0069005 0.0017110 0.0034358 0.0068796 0.0017092 0.0189231 0.0034356 0.0104467 0.0069348 0.0017146 0.0034548 0.0051800 0.0051908 0.0034180 0.0086184 0.0034346 0.0051862 0.0068892 0.0034499 
EPI340825|HA|B/Fujian-Siming/1134/2011|EPI_ISL_98583|B          0.0051901 0.0017178 0.0000000 0.0069286 0.0051743 0.0086552 0.0034555 0.0122878 0.0034495 0.0051856 0.0051995 0.0051743 0.0051802 0.0034445 0.0034483 0.0051862 0.0069094 0.0051710 0.0051786 0.0034381 0.0069335 0.0051980 0.0017136 0.0069196 0.0086392 0.0034429 0.0034429 0.0069305 0.0051864 0.0069423 0.0069043 0.0034367 0.0122434 0.0069117 0.0069093 0.0068978 0.0086787 0.0104390 0.0140362 0.0069308 0.0086501 0.0069180 0.0051953 0.0069334 0.0069244 0.0051785 0.0034480 0.0051786 0.0051793 0.0069483 0.0086798 0.0069608 0.0051766 0.0069257 0.0051824 0.0051963 0.0034544 0.0051993 0.0087090 0.0051824 0.0087113 0.0086662 0.0051878 0.0087038 0.0086957 0.0069497 0.0087304 0.0051987 0.0122703 0.0122824 0.0034367 0.0051725 0.0068968 0.0086683 0.0034533 0.0086658 0.0051823 0.0086669 0.0069423 0.0104193 0.0086719 0.0052003 0.0069121 0.0034397 0.0122639 0.0140416 0.0051650 0.0034565 0.0051786 0.0123057 0.0122639 0.0069196 0.0121714 0.0086812 0.0051793 0.0103851 0.0086859 0.0051912 0.0086449 0.0069371 0.0051945 0.0086688 0.0103957 0.0086508 0.0086375 0.0034566 0.0104597 0.0051912 0.0086508 0.0086505 0.0103904 0.0086474 0.0034397 0.0086442 0.0121646 0.0051853 0.0086577 0.0104394 0.0086522 0.0052004 0.0086688 0.0069206 0.0069045 0.0104055 0.0086473 0.0086577 0.0104722 0.0086400 0.0086474 0.0086364 0.0104405 0.0086508 0.0086688 0.0086710 0.0086650 0.0086597 0.0122016 0.0086958 0.0086564 0.0052140 0.0051890 0.0086789 0.0034429 0.0051853 0.0086522 0.0034392 0.0209395 0.0051851 0.0122639 0.0087222 0.0034502 0.0052142 0.0069494 0.0069639 0.0051581 0.0104054 0.0051835 0.0069577 0.0086644 0.0052069 
EPI340822|HA|B/Hubei-Fancheng/2277/2011|EPI_ISL_98582|B         0.0086695 0.0051648 0.0069286 0.0000000 0.0086425 0.0121429 0.0069265 0.0121760 0.0069142 0.0086619 0.0086851 0.0086425 0.0086528 0.0069042 0.0069120 0.0086622 0.0069039 0.0051670 0.0086500 0.0068913 0.0104230 0.0086826 0.0069197 0.0086776 0.0086323 0.0069009 0.0069009 0.0069250 0.0069192 0.0104365 0.0103786 0.0068884 0.0051655 0.0069063 0.0069039 0.0068923 0.0121762 0.0139484 0.0139085 0.0104190 0.0086432 0.0069126 0.0086782 0.0104228 0.0069189 0.0086497 0.0069111 0.0086500 0.0086512 0.0104454 0.0121779 0.0104641 0.0086466 0.0104112 0.0086564 0.0086800 0.0069240 0.0086848 0.0122195 0.0086564 0.0122223 0.0121586 0.0086653 0.0122123 0.0122004 0.0104474 0.0122494 0.0086839 0.0121588 0.0121707 0.0068884 0.0086395 0.0068914 0.0121614 0.0069220 0.0086589 0.0086559 0.0121594 0.0104365 0.0104110 0.0017075 0.0086864 0.0103906 0.0068945 0.0121525 0.0139138 0.0086269 0.0069284 0.0086500 0.0121935 0.0121525 0.0104020 0.0156813 0.0121794 0.0086512 0.0138754 0.0121859 0.0086713 0.0121285 0.0104286 0.0086768 0.0121621 0.0138899 0.0121367 0.0121178 0.0069286 0.0139755 0.0086713 0.0121367 0.0121365 0.0138824 0.0121319 0.0068945 0.0121275 0.0156727 0.0086613 0.0121467 0.0139490 0.0121386 0.0086868 0.0121621 0.0104034 0.0103789 0.0103900 0.0086346 0.0121467 0.0139929 0.0121214 0.0121319 0.0121163 0.0139499 0.0121367 0.0121621 0.0103980 0.0121568 0.0121492 0.0157198 0.0122003 0.0121449 0.0087096 0.0086674 0.0121766 0.0069009 0.0086613 0.0121386 0.0068935 0.0247655 0.0086611 0.0121525 0.0122377 0.0069157 0.0087098 0.0104474 0.0104692 0.0086151 0.0139026 0.0086582 0.0104593 0.0121561 0.0086976 
EPI340828|HA|B/Sichuan-Maerkang/166/2011|EPI_ISL_98584|B        0.0069059 0.0034286 0.0051743 0.0086425 0.0000000 0.0103642 0.0051727 0.0140128 0.0051636 0.0068999 0.0069183 0.0034185 0.0068927 0.0051561 0.0051619 0.0069004 0.0086185 0.0068804 0.0068906 0.0051466 0.0086488 0.0051772 0.0051676 0.0086314 0.0103449 0.0051537 0.0051537 0.0086450 0.0069009 0.0051594 0.0086123 0.0051445 0.0139619 0.0086215 0.0086185 0.0086040 0.0103924 0.0086197 0.0157562 0.0086454 0.0103580 0.0086294 0.0069128 0.0086486 0.0086372 0.0068904 0.0051613 0.0068906 0.0068915 0.0086672 0.0086680 0.0069328 0.0068879 0.0086390 0.0068956 0.0034328 0.0051709 0.0069181 0.0069034 0.0068956 0.0069054 0.0068700 0.0069027 0.0068994 0.0068932 0.0086689 0.0104543 0.0069174 0.0139931 0.0140067 0.0051445 0.0068823 0.0086029 0.0034333 0.0051693 0.0103769 0.0068953 0.0034327 0.0086598 0.0121298 0.0103841 0.0069194 0.0086221 0.0051490 0.0139856 0.0157625 0.0068724 0.0034280 0.0068906 0.0140331 0.0139856 0.0086314 0.0138799 0.0103952 0.0068915 0.0120898 0.0104008 0.0069074 0.0103519 0.0086533 0.0069117 0.0103805 0.0121023 0.0103589 0.0103429 0.0051743 0.0121766 0.0069074 0.0103589 0.0103586 0.0120959 0.0103548 0.0051490 0.0086337 0.0138723 0.0068995 0.0103673 0.0121533 0.0103605 0.0069196 0.0086341 0.0086326 0.0086125 0.0121138 0.0103548 0.0103673 0.0121914 0.0103459 0.0103548 0.0103416 0.0121543 0.0103589 0.0103805 0.0103830 0.0103759 0.0103695 0.0139141 0.0104128 0.0103657 0.0069377 0.0069043 0.0103926 0.0051537 0.0068995 0.0103605 0.0051483 0.0227712 0.0068993 0.0139856 0.0104445 0.0051647 0.0069379 0.0086687 0.0086868 0.0068631 0.0103636 0.0068971 0.0086788 0.0103753 0.0069282 
EPI340837|HA|B/Shizuoka/57/2011|EPI_ISL_98587|B                 0.0103967 0.0068820 0.0086552 0.0121429 0.0103642 0.0000000 0.0086527 0.0175798 0.0086371 0.0103876 0.0104155 0.0103642 0.0103768 0.0086248 0.0086345 0.0103875 0.0104849 0.0103576 0.0103733 0.0086085 0.0121521 0.0104124 0.0086442 0.0121276 0.0122343 0.0086205 0.0069675 0.0121469 0.0103888 0.0121681 0.0121002 0.0086049 0.0175145 0.0121133 0.0121090 0.0120883 0.0139062 0.0156812 0.0176151 0.0121475 0.0138597 0.0121245 0.0104072 0.0121519 0.0121354 0.0068802 0.0068899 0.0103733 0.0103747 0.0121783 0.0139082 0.0122001 0.0034250 0.0121384 0.0103810 0.0104093 0.0086494 0.0104150 0.0139560 0.0103810 0.0139589 0.0138862 0.0103915 0.0139478 0.0139339 0.0121806 0.0139900 0.0104141 0.0175554 0.0157763 0.0086049 0.0103605 0.0120868 0.0138893 0.0086471 0.0138854 0.0086717 0.0138870 0.0121681 0.0156510 0.0138948 0.0104169 0.0121143 0.0086126 0.0175455 0.0176223 0.0103454 0.0086549 0.0103733 0.0176054 0.0175455 0.0105010 0.0174113 0.0139098 0.0103747 0.0155988 0.0139171 0.0103989 0.0121507 0.0121587 0.0104056 0.0138900 0.0139154 0.0138610 0.0138393 0.0086552 0.0157113 0.0068972 0.0138610 0.0138608 0.0121318 0.0138556 0.0086126 0.0138506 0.0174019 0.0103869 0.0138726 0.0156820 0.0138632 0.0104175 0.0138900 0.0121292 0.0121005 0.0156305 0.0138556 0.0138726 0.0157313 0.0138435 0.0138556 0.0138376 0.0156828 0.0138610 0.0138900 0.0138934 0.0121192 0.0138754 0.0174538 0.0139338 0.0138706 0.0104449 0.0103942 0.0139069 0.0086205 0.0103869 0.0138632 0.0086112 0.0247851 0.0103866 0.0175455 0.0139767 0.0086391 0.0104451 0.0121809 0.0122061 0.0103311 0.0156293 0.0103830 0.0121944 0.0138833 0.0104304 
EPI340840|HA|B/Anhui-Baohe/1421/2011|EPI_ISL_98588|B            0.0051885 0.0017172 0.0034555 0.0069265 0.0051727 0.0086527 0.0000000 0.0122843 0.0034484 0.0051840 0.0051979 0.0051727 0.0051786 0.0034434 0.0034473 0.0051846 0.0069073 0.0051695 0.0051770 0.0034370 0.0069314 0.0051964 0.0034511 0.0069176 0.0086367 0.0034418 0.0034418 0.0069284 0.0051848 0.0052047 0.0069023 0.0034356 0.0122400 0.0069097 0.0069073 0.0068957 0.0086762 0.0104360 0.0140323 0.0069287 0.0086476 0.0069159 0.0051937 0.0069313 0.0069223 0.0051769 0.0034469 0.0051770 0.0051777 0.0069462 0.0086772 0.0069587 0.0051750 0.0069236 0.0051808 0.0051947 0.0034533 0.0051977 0.0087064 0.0051808 0.0087088 0.0086636 0.0051862 0.0087013 0.0086932 0.0069476 0.0087278 0.0051971 0.0122668 0.0122789 0.0034356 0.0051709 0.0068948 0.0086657 0.0034522 0.0086633 0.0051807 0.0086643 0.0052047 0.0104163 0.0086693 0.0034655 0.0069100 0.0034386 0.0122604 0.0140377 0.0051634 0.0034554 0.0051770 0.0123022 0.0122604 0.0069176 0.0121679 0.0086786 0.0051777 0.0103821 0.0086834 0.0051896 0.0086424 0.0069350 0.0051929 0.0086663 0.0103928 0.0086482 0.0086350 0.0034555 0.0104567 0.0051896 0.0086482 0.0086480 0.0103874 0.0086448 0.0034386 0.0086416 0.0121612 0.0051837 0.0086552 0.0086963 0.0086496 0.0051988 0.0086663 0.0069185 0.0069024 0.0104025 0.0086448 0.0086552 0.0104692 0.0086374 0.0086448 0.0086338 0.0104375 0.0086482 0.0086663 0.0086684 0.0086625 0.0086571 0.0121982 0.0086932 0.0086539 0.0052124 0.0051874 0.0086763 0.0034418 0.0051837 0.0086496 0.0034382 0.0209340 0.0051835 0.0122604 0.0087196 0.0034491 0.0052126 0.0069473 0.0069618 0.0051565 0.0104024 0.0051819 0.0069555 0.0086619 0.0052052 
EPI340849|HA|B/Vietnam/92/2011|EPI_ISL_98591|B                  0.0104382 0.0104670 0.0122878 0.0121760 0.0140128 0.0175798 0.0122843 0.0000000 0.0086848 0.0104290 0.0104571 0.0140128 0.0122772 0.0104952 0.0122580 0.0140443 0.0157877 0.0140038 0.0104146 0.0122201 0.0122007 0.0104540 0.0122721 0.0121759 0.0175457 0.0122376 0.0122376 0.0158384 0.0140468 0.0122167 0.0157760 0.0122149 0.0175653 0.0157934 0.0157877 0.0157600 0.0139618 0.0157441 0.0051437 0.0121960 0.0159156 0.0141447 0.0104488 0.0122005 0.0158225 0.0140248 0.0122561 0.0104146 0.0104159 0.0122270 0.0139638 0.0122490 0.0140197 0.0121868 0.0104224 0.0104509 0.0122791 0.0104566 0.0140120 0.0104224 0.0140149 0.0139416 0.0122947 0.0140038 0.0139898 0.0122294 0.0140463 0.0104557 0.0034258 0.0034292 0.0122149 0.0140079 0.0157580 0.0176072 0.0122763 0.0176023 0.0140346 0.0176043 0.0122167 0.0194005 0.0139334 0.0140856 0.0121626 0.0122263 0.0034242 0.0051454 0.0139870 0.0122875 0.0104146 0.0051518 0.0034242 0.0121759 0.0174811 0.0139654 0.0104159 0.0156609 0.0139728 0.0104404 0.0139068 0.0122073 0.0104471 0.0139455 0.0156775 0.0139163 0.0138944 0.0122878 0.0121677 0.0104404 0.0139163 0.0139161 0.0156690 0.0139108 0.0122263 0.0139058 0.0174715 0.0104283 0.0139279 0.0157448 0.0139185 0.0104592 0.0139455 0.0121776 0.0139603 0.0156930 0.0139108 0.0139279 0.0157946 0.0138986 0.0139108 0.0138926 0.0157456 0.0139163 0.0139455 0.0139489 0.0139394 0.0139307 0.0175238 0.0139896 0.0139259 0.0104868 0.0104357 0.0139625 0.0122376 0.0104283 0.0139185 0.0122240 0.0308763 0.0104280 0.0034242 0.0140329 0.0122646 0.0104870 0.0122297 0.0122551 0.0139669 0.0156917 0.0140389 0.0122433 0.0139388 0.0104722 
EPI342010|HA|B/Kyrgyztan/01/2011|EPI_ISL_98931|B                0.0051794 0.0017143 0.0034495 0.0069142 0.0051636 0.0086371 0.0034484 0.0086848 0.0000000 0.0051749 0.0051887 0.0051636 0.0051695 0.0034374 0.0034413 0.0051755 0.0068950 0.0051604 0.0051680 0.0034311 0.0069191 0.0051873 0.0034451 0.0069053 0.0086212 0.0034358 0.0034358 0.0069161 0.0051757 0.0069278 0.0068900 0.0034297 0.0122173 0.0068974 0.0068950 0.0068835 0.0086605 0.0104170 0.0140059 0.0069164 0.0086320 0.0069037 0.0051845 0.0069189 0.0069100 0.0051678 0.0034409 0.0051680 0.0051687 0.0069338 0.0086616 0.0069463 0.0051660 0.0069113 0.0051717 0.0051856 0.0034473 0.0051885 0.0086906 0.0051717 0.0086930 0.0086481 0.0051770 0.0086855 0.0086775 0.0069352 0.0087120 0.0051879 0.0122440 0.0122561 0.0034297 0.0051618 0.0068826 0.0086501 0.0034462 0.0086477 0.0051716 0.0086487 0.0069278 0.0103974 0.0086537 0.0051896 0.0068978 0.0034327 0.0122376 0.0140113 0.0051544 0.0034494 0.0051680 0.0122792 0.0122376 0.0069053 0.0121455 0.0086630 0.0051687 0.0103633 0.0086677 0.0051805 0.0086269 0.0069227 0.0051837 0.0086507 0.0103739 0.0086327 0.0086195 0.0034495 0.0069008 0.0051805 0.0086327 0.0086324 0.0103685 0.0086293 0.0034327 0.0086261 0.0121388 0.0051746 0.0086396 0.0104173 0.0086341 0.0051896 0.0086507 0.0069062 0.0068902 0.0103836 0.0086292 0.0086396 0.0104500 0.0086219 0.0086293 0.0086184 0.0104184 0.0086327 0.0086507 0.0086528 0.0086469 0.0086415 0.0121756 0.0086775 0.0086383 0.0052032 0.0051782 0.0086606 0.0034358 0.0051746 0.0086341 0.0034322 0.0208899 0.0051744 0.0122376 0.0087038 0.0034431 0.0052034 0.0069349 0.0069494 0.0051475 0.0103835 0.0051728 0.0069431 0.0086463 0.0051961 
EPI346033|HA|B/SRI_LANKA/4/2011|EPI_ISL_99651|B                 0.0034269 0.0034360 0.0051856 0.0086619 0.0068999 0.0103876 0.0051840 0.0104290 0.0051749 0.0000000 0.0034330 0.0068999 0.0051811 0.0034450 0.0051733 0.0069157 0.0086378 0.0068956 0.0034194 0.0051578 0.0051501 0.0034321 0.0051790 0.0051399 0.0103682 0.0051650 0.0051650 0.0086644 0.0069162 0.0051565 0.0086315 0.0051557 0.0139943 0.0086408 0.0086378 0.0086232 0.0068760 0.0086149 0.0121609 0.0051481 0.0103814 0.0086487 0.0034302 0.0051500 0.0086566 0.0069056 0.0051726 0.0034194 0.0034199 0.0051610 0.0068768 0.0051702 0.0069031 0.0051443 0.0034219 0.0034309 0.0051823 0.0034329 0.0068995 0.0034219 0.0069015 0.0068662 0.0051886 0.0068955 0.0068893 0.0051620 0.0069165 0.0034325 0.0104142 0.0104244 0.0051557 0.0068975 0.0086221 0.0104033 0.0051807 0.0104004 0.0069106 0.0104016 0.0051565 0.0121575 0.0104076 0.0069348 0.0051344 0.0051602 0.0104088 0.0121654 0.0068875 0.0051854 0.0034194 0.0121805 0.0104088 0.0051399 0.0103315 0.0068780 0.0034199 0.0085710 0.0068818 0.0034276 0.0068496 0.0051527 0.0034297 0.0068683 0.0085796 0.0068541 0.0068438 0.0051856 0.0086320 0.0034276 0.0068541 0.0068539 0.0085753 0.0068515 0.0051602 0.0068489 0.0103257 0.0034238 0.0068595 0.0086151 0.0068552 0.0034336 0.0068683 0.0051406 0.0068751 0.0085875 0.0068514 0.0068595 0.0086419 0.0068457 0.0068515 0.0068429 0.0086162 0.0068541 0.0068683 0.0068700 0.0068653 0.0068611 0.0103571 0.0068893 0.0068585 0.0034425 0.0034262 0.0068760 0.0051650 0.0034238 0.0068552 0.0051595 0.0228308 0.0034236 0.0104088 0.0069100 0.0051760 0.0034426 0.0051617 0.0051724 0.0068783 0.0085876 0.0069124 0.0051679 0.0068648 0.0034378 
EPI346030|HA|B/SRI_LANKA/2/2011|EPI_ISL_99650|B                 0.0034360 0.0034451 0.0051995 0.0086851 0.0069183 0.0104155 0.0051979 0.0104571 0.0051887 0.0034330 0.0000000 0.0069183 0.0051949 0.0034542 0.0051870 0.0069342 0.0086609 0.0069140 0.0034284 0.0051715 0.0051637 0.0034411 0.0051928 0.0051535 0.0103960 0.0051787 0.0051787 0.0086877 0.0069347 0.0051702 0.0086546 0.0051694 0.0140324 0.0086639 0.0086609 0.0086462 0.0068943 0.0086378 0.0121937 0.0051617 0.0104093 0.0086719 0.0034393 0.0051636 0.0086798 0.0069240 0.0051864 0.0034284 0.0034289 0.0051747 0.0068951 0.0051839 0.0069215 0.0051580 0.0034309 0.0034400 0.0051961 0.0034420 0.0069179 0.0034309 0.0069199 0.0068844 0.0052025 0.0069139 0.0069076 0.0051757 0.0069349 0.0034416 0.0104422 0.0104525 0.0051694 0.0069159 0.0086451 0.0104313 0.0051945 0.0104283 0.0069290 0.0104296 0.0051702 0.0121903 0.0104356 0.0069534 0.0051480 0.0051739 0.0104368 0.0121983 0.0069059 0.0051993 0.0034284 0.0122135 0.0104368 0.0051535 0.0103590 0.0068963 0.0034289 0.0085937 0.0069001 0.0034366 0.0068677 0.0051664 0.0034388 0.0068866 0.0086024 0.0068723 0.0068619 0.0051995 0.0086550 0.0034366 0.0068723 0.0068720 0.0085981 0.0068696 0.0051739 0.0068671 0.0086164 0.0034328 0.0068777 0.0086381 0.0068734 0.0034426 0.0068866 0.0051542 0.0068933 0.0086104 0.0068695 0.0068777 0.0086651 0.0068638 0.0068696 0.0068610 0.0086392 0.0068723 0.0068866 0.0068882 0.0068835 0.0068793 0.0103848 0.0069077 0.0068767 0.0034516 0.0034352 0.0068943 0.0051787 0.0034328 0.0068734 0.0051732 0.0228985 0.0034327 0.0104368 0.0069285 0.0051898 0.0034518 0.0051754 0.0051861 0.0068965 0.0086105 0.0069308 0.0051816 0.0068830 0.0034469 
EPI346078|HA|B/CAMBODIA/23/2011|EPI_ISL_99666|B                 0.0069059 0.0034286 0.0051743 0.0086425 0.0034185 0.0103642 0.0051727 0.0140128 0.0051636 0.0068999 0.0069183 0.0000000 0.0068927 0.0051561 0.0051619 0.0034476 0.0086185 0.0068804 0.0034425 0.0051466 0.0086488 0.0051772 0.0051676 0.0051749 0.0103449 0.0051537 0.0051537 0.0086450 0.0069009 0.0051594 0.0086123 0.0051445 0.0139619 0.0086215 0.0086185 0.0086040 0.0103924 0.0051680 0.0157562 0.0086454 0.0103580 0.0086294 0.0069128 0.0086486 0.0086372 0.0068904 0.0051613 0.0068906 0.0068915 0.0086672 0.0051968 0.0069328 0.0068879 0.0086390 0.0068956 0.0034328 0.0051709 0.0069181 0.0034489 0.0068956 0.0034500 0.0034324 0.0069027 0.0034468 0.0034439 0.0086689 0.0104543 0.0069174 0.0139931 0.0140067 0.0017135 0.0068823 0.0086029 0.0068717 0.0051693 0.0069130 0.0068953 0.0068706 0.0086598 0.0086583 0.0103841 0.0069194 0.0086221 0.0051490 0.0139856 0.0157625 0.0068724 0.0034280 0.0068906 0.0140331 0.0139856 0.0086314 0.0138799 0.0103952 0.0068915 0.0120898 0.0104008 0.0069074 0.0103519 0.0086533 0.0069117 0.0103805 0.0121023 0.0103589 0.0068906 0.0051743 0.0121766 0.0069074 0.0103589 0.0103586 0.0120959 0.0103548 0.0051490 0.0086337 0.0138723 0.0068995 0.0103673 0.0121533 0.0103605 0.0069196 0.0086341 0.0086326 0.0086125 0.0121138 0.0103548 0.0103673 0.0121914 0.0103459 0.0103548 0.0103416 0.0121543 0.0103589 0.0103805 0.0103830 0.0103759 0.0103695 0.0139141 0.0104128 0.0103657 0.0069377 0.0069043 0.0103926 0.0051537 0.0068995 0.0103605 0.0051483 0.0227712 0.0068993 0.0139856 0.0104445 0.0051647 0.0069379 0.0086687 0.0086868 0.0068631 0.0103636 0.0068971 0.0086788 0.0103753 0.0069282 
EPI346099|HA|B/PHILIPPINES/2533/2011|EPI_ISL_99673|B            0.0051856 0.0034324 0.0051802 0.0086528 0.0068927 0.0103768 0.0051786 0.0122772 0.0051695 0.0051811 0.0051949 0.0068927 0.0000000 0.0017088 0.0051679 0.0069085 0.0086288 0.0068884 0.0051741 0.0051525 0.0069275 0.0051935 0.0051736 0.0069136 0.0103574 0.0051596 0.0051596 0.0086554 0.0069090 0.0069363 0.0086225 0.0051504 0.0139797 0.0086318 0.0086288 0.0086142 0.0086712 0.0104300 0.0140241 0.0069248 0.0103706 0.0086397 0.0051907 0.0069273 0.0086475 0.0068984 0.0051672 0.0051741 0.0051748 0.0069423 0.0086723 0.0069547 0.0068959 0.0069197 0.0051779 0.0051918 0.0051769 0.0051948 0.0087014 0.0051779 0.0087038 0.0086587 0.0034315 0.0086963 0.0086882 0.0069436 0.0087228 0.0051942 0.0122597 0.0122718 0.0051504 0.0068903 0.0086131 0.0103925 0.0051753 0.0103895 0.0069034 0.0103908 0.0069363 0.0121448 0.0103967 0.0069275 0.0069061 0.0051549 0.0122533 0.0140295 0.0068804 0.0051800 0.0051741 0.0122022 0.0122533 0.0069136 0.0121609 0.0086737 0.0051748 0.0103762 0.0086784 0.0051867 0.0086374 0.0069311 0.0051899 0.0086613 0.0103868 0.0086433 0.0086301 0.0051802 0.0104507 0.0051867 0.0086433 0.0086430 0.0103814 0.0086399 0.0051549 0.0086367 0.0121542 0.0051808 0.0086502 0.0104304 0.0086447 0.0051958 0.0086613 0.0069146 0.0068788 0.0103966 0.0086398 0.0086502 0.0104631 0.0086325 0.0086399 0.0086289 0.0104315 0.0086433 0.0086613 0.0086635 0.0086575 0.0086522 0.0121911 0.0086882 0.0086489 0.0052094 0.0051844 0.0086713 0.0051596 0.0051808 0.0086447 0.0051541 0.0228052 0.0051806 0.0122533 0.0087146 0.0051706 0.0052096 0.0069433 0.0069578 0.0068711 0.0103965 0.0069051 0.0069516 0.0086569 0.0052023 
EPI346096|HA|B/PHILIPPINES/2394/2011|EPI_ISL_99672|B            0.0034480 0.0017118 0.0034445 0.0069042 0.0051561 0.0086248 0.0034434 0.0104952 0.0034374 0.0034450 0.0034542 0.0051561 0.0017088 0.0000000 0.0034363 0.0051680 0.0068851 0.0051529 0.0034404 0.0034261 0.0051820 0.0034532 0.0034400 0.0051717 0.0086089 0.0034308 0.0034308 0.0069061 0.0051682 0.0051885 0.0068801 0.0034247 0.0122000 0.0068875 0.0068851 0.0068736 0.0069188 0.0086688 0.0122383 0.0051800 0.0086197 0.0068937 0.0034514 0.0051819 0.0069000 0.0051603 0.0034359 0.0034404 0.0034409 0.0051930 0.0069196 0.0052023 0.0051585 0.0051762 0.0034429 0.0034521 0.0034423 0.0034541 0.0069426 0.0034429 0.0069447 0.0069089 0.0017113 0.0069386 0.0069323 0.0051941 0.0069598 0.0034537 0.0104802 0.0104905 0.0034247 0.0051543 0.0068727 0.0086378 0.0034411 0.0086353 0.0051641 0.0086364 0.0051885 0.0103826 0.0086413 0.0051820 0.0051661 0.0034277 0.0104748 0.0122429 0.0051469 0.0034443 0.0034404 0.0104312 0.0104748 0.0051717 0.0103964 0.0069208 0.0034409 0.0086244 0.0069247 0.0034487 0.0068920 0.0051847 0.0034509 0.0069110 0.0086332 0.0068966 0.0068862 0.0034445 0.0086861 0.0034487 0.0068966 0.0068964 0.0086288 0.0068939 0.0034277 0.0068914 0.0103906 0.0034448 0.0069021 0.0086691 0.0068978 0.0034547 0.0069110 0.0051724 0.0051459 0.0086411 0.0068939 0.0069021 0.0086962 0.0068881 0.0068939 0.0068853 0.0086701 0.0068966 0.0069110 0.0069127 0.0069080 0.0069037 0.0104223 0.0069323 0.0069011 0.0034638 0.0034472 0.0069188 0.0034308 0.0034448 0.0068978 0.0034272 0.0208594 0.0034447 0.0104748 0.0069533 0.0034381 0.0034639 0.0051937 0.0052046 0.0051401 0.0086413 0.0051653 0.0052000 0.0069074 0.0034591 
EPI346108|HA|B/NONTHABURI/1766/2011|EPI_ISL_99676|B             0.0051777 0.0017137 0.0034483 0.0069120 0.0051619 0.0086345 0.0034473 0.0122580 0.0034413 0.0051733 0.0051870 0.0051619 0.0051679 0.0034363 0.0000000 0.0051738 0.0068929 0.0051587 0.0051663 0.0034300 0.0069169 0.0051856 0.0034439 0.0069031 0.0086185 0.0034347 0.0034347 0.0069139 0.0051740 0.0069257 0.0068879 0.0034286 0.0122138 0.0068952 0.0068928 0.0068813 0.0069130 0.0104139 0.0140021 0.0034328 0.0086294 0.0069015 0.0051828 0.0069167 0.0069078 0.0051661 0.0034398 0.0051663 0.0051670 0.0069316 0.0086589 0.0069441 0.0051643 0.0069091 0.0051700 0.0051839 0.0034462 0.0051869 0.0086880 0.0034549 0.0086903 0.0086454 0.0034435 0.0086829 0.0086748 0.0069330 0.0051886 0.0051863 0.0122405 0.0122525 0.0034286 0.0051601 0.0068804 0.0086475 0.0034450 0.0086450 0.0051699 0.0086461 0.0034384 0.0103943 0.0086511 0.0051879 0.0068956 0.0034315 0.0122341 0.0140075 0.0051527 0.0034482 0.0051663 0.0122757 0.0122341 0.0069031 0.0121420 0.0086603 0.0051670 0.0103602 0.0086651 0.0051788 0.0086242 0.0069205 0.0051821 0.0086481 0.0103708 0.0086300 0.0086169 0.0034483 0.0104345 0.0051788 0.0086300 0.0086298 0.0103655 0.0086267 0.0017172 0.0086235 0.0121353 0.0051729 0.0086370 0.0104143 0.0086314 0.0051879 0.0086481 0.0069040 0.0068880 0.0103805 0.0086266 0.0086370 0.0104469 0.0086193 0.0086267 0.0086157 0.0104154 0.0086300 0.0086481 0.0086502 0.0086442 0.0086389 0.0121722 0.0086748 0.0086357 0.0052015 0.0051766 0.0086580 0.0034347 0.0051729 0.0086314 0.0034311 0.0208846 0.0051727 0.0122341 0.0087012 0.0034420 0.0052017 0.0069327 0.0069472 0.0051459 0.0103805 0.0051712 0.0069409 0.0086436 0.0051944 
EPI346117|HA|B/PHILIPPINES/2519/2011|EPI_ISL_99679|B            0.0069217 0.0034365 0.0051862 0.0086622 0.0069004 0.0103875 0.0051846 0.0140443 0.0051755 0.0069157 0.0069342 0.0034476 0.0069085 0.0051680 0.0051738 0.0000000 0.0086381 0.0068961 0.0034505 0.0051584 0.0086684 0.0069322 0.0051795 0.0051869 0.0103682 0.0051655 0.0051656 0.0086647 0.0069167 0.0086795 0.0086318 0.0051563 0.0139931 0.0086411 0.0086380 0.0086235 0.0104158 0.0086943 0.0157913 0.0086651 0.0103813 0.0086490 0.0069286 0.0086683 0.0086569 0.0069061 0.0051732 0.0069063 0.0069072 0.0086870 0.0069399 0.0087026 0.0069036 0.0086586 0.0069114 0.0069300 0.0051828 0.0069339 0.0069631 0.0069114 0.0069651 0.0069291 0.0069185 0.0069590 0.0069527 0.0086887 0.0104781 0.0069332 0.0140245 0.0140381 0.0017174 0.0068980 0.0086224 0.0104033 0.0051812 0.0069288 0.0069111 0.0104015 0.0086795 0.0086780 0.0104075 0.0069353 0.0086416 0.0051608 0.0140169 0.0157975 0.0068880 0.0051860 0.0069063 0.0140647 0.0140169 0.0086510 0.0139108 0.0104187 0.0069072 0.0121168 0.0068646 0.0069232 0.0103752 0.0086730 0.0069276 0.0104039 0.0121293 0.0103822 0.0069063 0.0051862 0.0122040 0.0069232 0.0103822 0.0103819 0.0121230 0.0103781 0.0051608 0.0103743 0.0139031 0.0069153 0.0103906 0.0121806 0.0103838 0.0069354 0.0104039 0.0086522 0.0086320 0.0121409 0.0103781 0.0103906 0.0122188 0.0103692 0.0103781 0.0103648 0.0121816 0.0103822 0.0104039 0.0104064 0.0103993 0.0103929 0.0139451 0.0104363 0.0103891 0.0069536 0.0069201 0.0104161 0.0051655 0.0069153 0.0103838 0.0051601 0.0228238 0.0069150 0.0140169 0.0104682 0.0051766 0.0069539 0.0086885 0.0087066 0.0068787 0.0121405 0.0069128 0.0086986 0.0103987 0.0069441 
EPI346736|HA|B/Hong_Kong/591/2011|EPI_ISL_99943|B               0.0086453 0.0051505 0.0069094 0.0069039 0.0086185 0.0104849 0.0069073 0.0157877 0.0068950 0.0086378 0.0086609 0.0086185 0.0086288 0.0068851 0.0068929 0.0086381 0.0000000 0.0017112 0.0086260 0.0068722 0.0103939 0.0086584 0.0069005 0.0086534 0.0017092 0.0068818 0.0034283 0.0034401 0.0034373 0.0104073 0.0103498 0.0068694 0.0121991 0.0034309 0.0034298 0.0034241 0.0121421 0.0139092 0.0157974 0.0103899 0.0051527 0.0034340 0.0086540 0.0103937 0.0034372 0.0069717 0.0051897 0.0086260 0.0086271 0.0104161 0.0121438 0.0104348 0.0086226 0.0103821 0.0086324 0.0086558 0.0069048 0.0086605 0.0121851 0.0086324 0.0121879 0.0121247 0.0086411 0.0121780 0.0121662 0.0104182 0.0122149 0.0086597 0.0157657 0.0140840 0.0068694 0.0086155 0.0034237 0.0086311 0.0069028 0.0051619 0.0069128 0.0121254 0.0104073 0.0068960 0.0086409 0.0086622 0.0103617 0.0068755 0.0157570 0.0158037 0.0086030 0.0069091 0.0086260 0.0158106 0.0157570 0.0068901 0.0156373 0.0121454 0.0086271 0.0138366 0.0121518 0.0086472 0.0103783 0.0103994 0.0086527 0.0121281 0.0121334 0.0121029 0.0120841 0.0069094 0.0139362 0.0069891 0.0121029 0.0121026 0.0138437 0.0120981 0.0068755 0.0120937 0.0156287 0.0086372 0.0121128 0.0139098 0.0121048 0.0086625 0.0121281 0.0103744 0.0103500 0.0138644 0.0120981 0.0121128 0.0139535 0.0120876 0.0120981 0.0120825 0.0139108 0.0121029 0.0121281 0.0121311 0.0104328 0.0121153 0.0156756 0.0121661 0.0121110 0.0086853 0.0086433 0.0121426 0.0068818 0.0086372 0.0121048 0.0068745 0.0246897 0.0086370 0.0157570 0.0122033 0.0068966 0.0086855 0.0104182 0.0104398 0.0085913 0.0138637 0.0086341 0.0104300 0.0121222 0.0086733 
EPI346738|HA|B/Hong_Kong/591/2011|EPI_ISL_99944|B               0.0069016 0.0034264 0.0051710 0.0051670 0.0068804 0.0103576 0.0051695 0.0140038 0.0051604 0.0068956 0.0069140 0.0068804 0.0068884 0.0051529 0.0051587 0.0068961 0.0017112 0.0000000 0.0068863 0.0051434 0.0086433 0.0069120 0.0051644 0.0069081 0.0034237 0.0051505 0.0051505 0.0017163 0.0017150 0.0086544 0.0086069 0.0051413 0.0104344 0.0017118 0.0017112 0.0017085 0.0103858 0.0121451 0.0157461 0.0086400 0.0034279 0.0017133 0.0069084 0.0086431 0.0017149 0.0068860 0.0051581 0.0068863 0.0068872 0.0086618 0.0103871 0.0086773 0.0068836 0.0086336 0.0068913 0.0069099 0.0051677 0.0069137 0.0104222 0.0068913 0.0104248 0.0103708 0.0068983 0.0104161 0.0104062 0.0086635 0.0104477 0.0069130 0.0139841 0.0139977 0.0051413 0.0068780 0.0017082 0.0068904 0.0051661 0.0034339 0.0068910 0.0103716 0.0086544 0.0051610 0.0068981 0.0069151 0.0086167 0.0051458 0.0139766 0.0157523 0.0068681 0.0051708 0.0068863 0.0140241 0.0139766 0.0086260 0.0138711 0.0103886 0.0068872 0.0120822 0.0103942 0.0069030 0.0103453 0.0086479 0.0069074 0.0103739 0.0120946 0.0103523 0.0103364 0.0051710 0.0121688 0.0069030 0.0103523 0.0103521 0.0120883 0.0103483 0.0051458 0.0103445 0.0138634 0.0068952 0.0103607 0.0121456 0.0103540 0.0069152 0.0103739 0.0086272 0.0086071 0.0121061 0.0103483 0.0103607 0.0121836 0.0103394 0.0103483 0.0103351 0.0121466 0.0103523 0.0103739 0.0103764 0.0103694 0.0103630 0.0139052 0.0104062 0.0103592 0.0069333 0.0069000 0.0103860 0.0051505 0.0068952 0.0103540 0.0051451 0.0227553 0.0068949 0.0139766 0.0104379 0.0051615 0.0069335 0.0086633 0.0086813 0.0068588 0.0121058 0.0068927 0.0086733 0.0103687 0.0069238 
EPI346760|HA|B/Ankara/TR-10/2011|EPI_ISL_99955|B                0.0034224 0.0034314 0.0051786 0.0086500 0.0068906 0.0103733 0.0051770 0.0104146 0.0051680 0.0034194 0.0034284 0.0034425 0.0051741 0.0034404 0.0051663 0.0034505 0.0086260 0.0068863 0.0000000 0.0051509 0.0051432 0.0034275 0.0051720 0.0017097 0.0103540 0.0051580 0.0051581 0.0086525 0.0069068 0.0051496 0.0086197 0.0051488 0.0139746 0.0086290 0.0086260 0.0086115 0.0068668 0.0051581 0.0121440 0.0051412 0.0103671 0.0086369 0.0034257 0.0051431 0.0086447 0.0068962 0.0051657 0.0034149 0.0034153 0.0051540 0.0034312 0.0051632 0.0068938 0.0051375 0.0034173 0.0034264 0.0051753 0.0034283 0.0034423 0.0034173 0.0034435 0.0034259 0.0051816 0.0034403 0.0034373 0.0051551 0.0069070 0.0034279 0.0103998 0.0104100 0.0017149 0.0068882 0.0086103 0.0103890 0.0051737 0.0069189 0.0069012 0.0103873 0.0051496 0.0086658 0.0103932 0.0069254 0.0051275 0.0051533 0.0103945 0.0121485 0.0068782 0.0051784 0.0034149 0.0121636 0.0103945 0.0051330 0.0103173 0.0068687 0.0034153 0.0085594 0.0068725 0.0034230 0.0068403 0.0051458 0.0034252 0.0068591 0.0085680 0.0068449 0.0034149 0.0051786 0.0086202 0.0034230 0.0068449 0.0068447 0.0085637 0.0068422 0.0051533 0.0068397 0.0103116 0.0034192 0.0068503 0.0086034 0.0068460 0.0034290 0.0068591 0.0051337 0.0068658 0.0085759 0.0068422 0.0068503 0.0086301 0.0068365 0.0068422 0.0068337 0.0086044 0.0068449 0.0068591 0.0068607 0.0068561 0.0068518 0.0103429 0.0068800 0.0068493 0.0034379 0.0034216 0.0068667 0.0051580 0.0034192 0.0068460 0.0051526 0.0227952 0.0034191 0.0103945 0.0069007 0.0051691 0.0034380 0.0051547 0.0051654 0.0068690 0.0085760 0.0069030 0.0051609 0.0068555 0.0034332 
EPI346763|HA|B/Sivas/TR-14/2011|EPI_ISL_99957|B                 0.0051623 0.0017087 0.0034381 0.0068913 0.0051466 0.0086085 0.0034370 0.0122201 0.0034311 0.0051578 0.0051715 0.0051466 0.0051525 0.0034261 0.0034300 0.0051584 0.0068722 0.0051434 0.0051509 0.0000000 0.0068961 0.0051701 0.0034337 0.0068824 0.0085926 0.0034245 0.0034245 0.0068932 0.0051586 0.0069048 0.0068673 0.0034185 0.0121762 0.0068746 0.0068722 0.0068608 0.0086317 0.0103822 0.0139587 0.0068934 0.0086034 0.0068808 0.0051673 0.0068960 0.0068871 0.0051508 0.0034296 0.0051509 0.0051516 0.0069108 0.0086328 0.0069231 0.0051489 0.0068884 0.0051546 0.0051684 0.0034359 0.0051714 0.0086616 0.0051546 0.0086640 0.0086193 0.0051599 0.0086566 0.0086485 0.0069121 0.0086829 0.0051708 0.0122028 0.0122147 0.0034185 0.0051448 0.0068598 0.0086214 0.0034348 0.0086189 0.0051545 0.0086200 0.0069048 0.0103627 0.0086250 0.0051724 0.0068750 0.0034214 0.0121964 0.0139640 0.0051374 0.0034380 0.0051509 0.0122378 0.0121964 0.0068824 0.0121049 0.0086342 0.0051516 0.0103288 0.0086389 0.0051633 0.0085983 0.0068997 0.0051666 0.0086219 0.0103394 0.0086040 0.0085909 0.0034381 0.0104027 0.0051633 0.0086040 0.0086038 0.0103341 0.0086007 0.0034214 0.0085975 0.0120982 0.0051575 0.0086109 0.0103826 0.0086054 0.0051724 0.0086219 0.0068833 0.0068674 0.0103490 0.0086006 0.0086109 0.0104150 0.0085934 0.0086007 0.0085898 0.0103836 0.0086040 0.0086219 0.0086241 0.0086182 0.0086128 0.0121349 0.0086486 0.0086097 0.0051859 0.0051611 0.0086318 0.0034245 0.0051575 0.0086054 0.0034209 0.0208137 0.0051573 0.0121964 0.0086747 0.0034318 0.0051861 0.0069118 0.0069262 0.0051306 0.0103490 0.0051557 0.0069200 0.0086176 0.0051788 
EPI346981|HA|B/Bangladesh/5004/2011|EPI_ISL_100089|B            0.0051545 0.0051683 0.0069335 0.0104230 0.0086488 0.0121521 0.0069314 0.0122007 0.0069191 0.0051501 0.0051637 0.0086488 0.0069275 0.0051820 0.0069169 0.0086684 0.0103939 0.0086433 0.0051432 0.0068961 0.0000000 0.0051623 0.0069246 0.0068719 0.0121293 0.0069057 0.0069058 0.0104262 0.0086692 0.0068943 0.0103863 0.0068933 0.0157869 0.0103975 0.0103938 0.0103762 0.0086184 0.0103660 0.0139362 0.0068830 0.0121448 0.0104071 0.0051596 0.0068855 0.0104165 0.0086559 0.0069160 0.0051432 0.0051439 0.0069002 0.0086195 0.0069126 0.0086528 0.0068779 0.0051469 0.0051606 0.0069289 0.0051636 0.0086483 0.0051469 0.0086506 0.0086061 0.0069375 0.0086432 0.0086352 0.0069016 0.0086694 0.0051630 0.0121834 0.0121953 0.0068933 0.0086457 0.0103748 0.0121706 0.0069269 0.0121672 0.0086621 0.0121686 0.0068943 0.0139325 0.0121756 0.0086927 0.0068645 0.0068994 0.0121771 0.0139416 0.0086331 0.0069332 0.0051432 0.0139589 0.0121771 0.0068719 0.0120859 0.0086209 0.0051439 0.0103128 0.0086256 0.0051556 0.0085851 0.0068892 0.0051588 0.0086087 0.0103233 0.0085908 0.0085778 0.0069335 0.0103864 0.0051556 0.0085908 0.0085906 0.0103180 0.0085875 0.0068994 0.0085844 0.0120792 0.0051498 0.0085977 0.0103664 0.0085922 0.0051646 0.0086087 0.0068729 0.0086173 0.0103330 0.0085875 0.0085977 0.0103987 0.0085802 0.0085875 0.0085767 0.0103675 0.0085908 0.0086087 0.0086108 0.0086049 0.0085996 0.0121157 0.0086352 0.0085964 0.0051780 0.0051534 0.0086186 0.0069057 0.0051498 0.0051368 0.0068983 0.0247893 0.0051496 0.0121771 0.0086613 0.0069206 0.0051783 0.0069013 0.0069156 0.0086213 0.0103329 0.0086644 0.0069094 0.0086043 0.0051710 
EPI346979|HA|B/Bangladesh/1006/2011|EPI_ISL_100088|B            0.0034350 0.0034441 0.0051980 0.0086826 0.0051772 0.0104124 0.0051964 0.0104540 0.0051873 0.0034321 0.0034411 0.0051772 0.0051935 0.0034532 0.0051856 0.0069322 0.0086584 0.0069120 0.0034275 0.0051701 0.0051623 0.0000000 0.0051913 0.0051521 0.0103930 0.0051773 0.0051773 0.0086851 0.0069327 0.0034392 0.0086521 0.0051680 0.0140281 0.0086614 0.0086584 0.0086437 0.0068924 0.0068952 0.0121900 0.0051603 0.0104062 0.0086694 0.0034384 0.0051622 0.0086773 0.0069221 0.0051850 0.0034275 0.0034280 0.0051732 0.0052729 0.0017132 0.0069196 0.0051565 0.0034299 0.0017162 0.0051946 0.0034411 0.0051769 0.0034299 0.0051785 0.0051520 0.0052010 0.0051739 0.0051693 0.0051743 0.0069330 0.0034406 0.0104391 0.0104494 0.0051680 0.0069139 0.0086426 0.0086735 0.0051930 0.0104253 0.0069271 0.0086721 0.0051687 0.0121867 0.0104325 0.0069514 0.0051465 0.0051725 0.0104338 0.0121946 0.0069039 0.0034429 0.0034275 0.0122098 0.0104338 0.0051521 0.0103560 0.0068943 0.0034280 0.0085913 0.0068982 0.0034357 0.0068657 0.0051650 0.0034379 0.0068846 0.0086000 0.0068703 0.0068600 0.0051980 0.0086525 0.0034357 0.0068703 0.0068701 0.0085956 0.0068677 0.0051725 0.0051316 0.0103502 0.0034319 0.0068758 0.0086356 0.0068714 0.0034417 0.0034140 0.0051528 0.0068914 0.0086079 0.0068676 0.0068758 0.0086625 0.0068619 0.0068677 0.0068591 0.0086367 0.0068703 0.0068846 0.0068863 0.0068816 0.0068773 0.0103817 0.0069057 0.0068747 0.0034506 0.0034343 0.0068924 0.0051773 0.0034319 0.0068714 0.0051718 0.0228902 0.0034317 0.0104338 0.0069265 0.0051884 0.0034508 0.0051739 0.0051847 0.0068946 0.0051226 0.0069288 0.0051802 0.0068810 0.0034460 
EPI347644|HA|B/Hunan-Lusong/1540/2011|EPI_ISL_100500|B          0.0051835 0.0017155 0.0017136 0.0069197 0.0051676 0.0086442 0.0034511 0.0122721 0.0034451 0.0051790 0.0051928 0.0051676 0.0051736 0.0034400 0.0034439 0.0051795 0.0069005 0.0051644 0.0051720 0.0034337 0.0069246 0.0051913 0.0000000 0.0069108 0.0086282 0.0034384 0.0034385 0.0069216 0.0051798 0.0069334 0.0068955 0.0034323 0.0122278 0.0069029 0.0069005 0.0068890 0.0086676 0.0104257 0.0140183 0.0069219 0.0086391 0.0069092 0.0051886 0.0069245 0.0069155 0.0051719 0.0034435 0.0051720 0.0051727 0.0069394 0.0086687 0.0069519 0.0051700 0.0069168 0.0051757 0.0051896 0.0034499 0.0051926 0.0086978 0.0051757 0.0087001 0.0086551 0.0051811 0.0086927 0.0086846 0.0069408 0.0087192 0.0051920 0.0122546 0.0122666 0.0034323 0.0051658 0.0068880 0.0086572 0.0034488 0.0086547 0.0051756 0.0086558 0.0069334 0.0104061 0.0086608 0.0051936 0.0069033 0.0034353 0.0122482 0.0140237 0.0051584 0.0034520 0.0051720 0.0122899 0.0122482 0.0069108 0.0121559 0.0086701 0.0051727 0.0103719 0.0086748 0.0051845 0.0086339 0.0069282 0.0051878 0.0086578 0.0103825 0.0086397 0.0086265 0.0034521 0.0104463 0.0051845 0.0086397 0.0086395 0.0103771 0.0086363 0.0034353 0.0086331 0.0121491 0.0051786 0.0086467 0.0104261 0.0086411 0.0051937 0.0086578 0.0069117 0.0068957 0.0103923 0.0086363 0.0086467 0.0104588 0.0086290 0.0086363 0.0086254 0.0104272 0.0086397 0.0086578 0.0086599 0.0086539 0.0086486 0.0121861 0.0086846 0.0086454 0.0052073 0.0051823 0.0086677 0.0034384 0.0051786 0.0086411 0.0034348 0.0209113 0.0051785 0.0122482 0.0087110 0.0034458 0.0052075 0.0069405 0.0069550 0.0051515 0.0103922 0.0051769 0.0069487 0.0086533 0.0052001 
EPI347665|HA|B/Cambodia/1402/2011|EPI_ISL_100508|B              0.0051444 0.0051581 0.0069196 0.0086776 0.0086314 0.0121276 0.0069176 0.0121759 0.0069053 0.0051399 0.0051535 0.0051749 0.0069136 0.0051717 0.0069031 0.0051869 0.0086534 0.0069081 0.0017097 0.0068824 0.0068719 0.0051521 0.0069108 0.0000000 0.0103870 0.0068920 0.0068920 0.0086802 0.0069165 0.0068806 0.0103654 0.0068796 0.0140200 0.0086564 0.0086534 0.0086388 0.0086013 0.0068921 0.0139079 0.0068693 0.0104002 0.0086644 0.0051494 0.0068718 0.0086723 0.0086386 0.0069022 0.0051330 0.0051337 0.0068865 0.0051577 0.0068988 0.0086355 0.0068643 0.0051367 0.0051504 0.0069151 0.0051534 0.0051746 0.0051367 0.0051762 0.0051497 0.0069236 0.0051716 0.0051670 0.0068879 0.0086520 0.0051528 0.0121587 0.0121706 0.0034371 0.0086284 0.0086377 0.0121460 0.0069131 0.0069409 0.0086447 0.0121440 0.0068806 0.0086935 0.0104265 0.0086752 0.0068510 0.0068856 0.0121524 0.0139132 0.0086159 0.0069194 0.0051330 0.0139304 0.0121524 0.0068583 0.0120616 0.0086037 0.0051337 0.0102923 0.0086083 0.0051454 0.0085680 0.0068755 0.0051486 0.0085915 0.0103027 0.0085738 0.0051330 0.0069196 0.0103655 0.0051454 0.0085738 0.0085735 0.0102974 0.0085704 0.0068856 0.0085673 0.0120549 0.0051396 0.0085806 0.0103456 0.0085751 0.0051544 0.0085915 0.0068592 0.0086001 0.0103123 0.0085704 0.0085806 0.0103778 0.0085632 0.0085704 0.0085597 0.0103467 0.0085738 0.0085915 0.0085936 0.0085878 0.0085825 0.0120913 0.0086180 0.0085793 0.0051678 0.0051432 0.0086014 0.0068920 0.0051396 0.0085751 0.0068846 0.0247334 0.0051394 0.0121524 0.0086440 0.0069068 0.0051680 0.0068876 0.0069018 0.0086041 0.0103122 0.0086470 0.0068957 0.0085872 0.0051608 
