81
EPI342003|HA|B/India/9356/2010|EPI_ISL_98929|B                  0.0000000 0.0104089 0.0017086 0.0034329 0.0017129 0.0034511 0.0051880 0.0051686 0.0017101 0.0051644 0.0086646 0.0034412 0.0140107 0.0034308 0.0034385 0.0034446 0.0017071 0.0034390 0.0034409 0.0104580 0.0087069 0.0051710 0.0051448 0.0051435 0.0052002 0.0034468 0.0034390 0.0051619 0.0034428 0.0017136 0.0017098 0.0051781 0.0051699 0.0069018 0.0034441 0.0051997 0.0034363 0.0051575 0.0034533 0.0017098 0.0121888 0.0051874 0.0104534 0.0034404 0.0051776 0.0051883 0.0069525 0.0051821 0.0034390 0.0034469 0.0051971 0.0034369 0.0017098 0.0051883 0.0051470 0.0051596 0.0051550 0.0051277 0.0034469 0.0034385 0.0051354 0.0051244 0.0051452 0.0051523 0.0051328 0.0051364 0.0051403 0.0068704 0.0034324 0.0051244 0.0051237 0.0051286 0.0034441 0.0034371 0.0051495 0.0051667 0.0034324 0.0034399 0.0017227 0.0051858 0.0034572 
EPI342035|HA|B/Vietnam/101/2010|EPI_ISL_98938|B                 0.0104089 0.0000000 0.0121597 0.0139619 0.0121907 0.0140381 0.0158299 0.0157669 0.0121705 0.0157552 0.0086517 0.0139977 0.0139876 0.0139524 0.0139861 0.0140114 0.0121481 0.0139880 0.0139971 0.0068791 0.0068932 0.0157760 0.0156907 0.0156858 0.0158649 0.0140204 0.0139883 0.0157471 0.0140019 0.0121956 0.0121687 0.0157970 0.0157718 0.0068912 0.0140100 0.0158655 0.0139771 0.0157331 0.0140486 0.0121688 0.0121691 0.0158254 0.0034279 0.0139938 0.0157957 0.0158284 0.0176777 0.0158109 0.0139883 0.0140212 0.0158566 0.0139798 0.0121688 0.0141127 0.0156982 0.0157397 0.0144558 0.0156358 0.0140212 0.0139861 0.0156599 0.0156247 0.0156899 0.0157137 0.0156517 0.0156631 0.0156758 0.0174575 0.0139601 0.0156247 0.0156227 0.0156390 0.0122233 0.0139800 0.0157083 0.0157620 0.0139601 0.0139926 0.0122664 0.0158218 0.0140639 
EPI346036|HA|B/MALAYSIA/194/2010|EPI_ISL_99652|B                0.0017086 0.0121597 0.0000000 0.0051557 0.0034304 0.0051836 0.0069271 0.0069012 0.0034248 0.0068958 0.0104123 0.0051686 0.0157826 0.0051524 0.0051644 0.0051738 0.0034187 0.0051652 0.0051682 0.0122176 0.0104633 0.0069045 0.0068688 0.0068669 0.0069432 0.0051772 0.0051653 0.0068925 0.0051709 0.0034317 0.0034242 0.0069138 0.0069030 0.0086390 0.0051730 0.0069427 0.0051610 0.0068866 0.0051871 0.0034243 0.0139484 0.0069262 0.0122122 0.0051673 0.0069132 0.0069273 0.0087025 0.0069192 0.0051653 0.0051772 0.0069391 0.0051620 0.0034243 0.0069273 0.0068718 0.0068895 0.0068835 0.0068453 0.0051772 0.0051644 0.0068559 0.0068406 0.0068691 0.0068796 0.0068523 0.0068572 0.0068626 0.0085990 0.0051550 0.0068406 0.0068396 0.0068465 0.0051730 0.0051622 0.0068762 0.0068988 0.0051550 0.0051667 0.0034512 0.0069241 0.0051929 
EPI1490354|HA|B/Indonesia/09/2010|EPI_ISL_364539|B              0.0034329 0.0139619 0.0051557 0.0000000 0.0051690 0.0034360 0.0051648 0.0017141 0.0051604 0.0051421 0.0122047 0.0034261 0.0176191 0.0069027 0.0034234 0.0034295 0.0051509 0.0034239 0.0034258 0.0104102 0.0086675 0.0051475 0.0086257 0.0086233 0.0051770 0.0034317 0.0034240 0.0051396 0.0069269 0.0051711 0.0051595 0.0051547 0.0051474 0.0104152 0.0034290 0.0051765 0.0069140 0.0051353 0.0034382 0.0051596 0.0157657 0.0051642 0.0104057 0.0034253 0.0051543 0.0051651 0.0069213 0.0051588 0.0034240 0.0034317 0.0051739 0.0034219 0.0051596 0.0051651 0.0086295 0.0051374 0.0051330 0.0085963 0.0034317 0.0034234 0.0086095 0.0085904 0.0086259 0.0086391 0.0086050 0.0086112 0.0086179 0.0103662 0.0034174 0.0085904 0.0085892 0.0085979 0.0034290 0.0034220 0.0051277 0.0051443 0.0034174 0.0034249 0.0052009 0.0051625 0.0034420 
EPI247539|HA|B/Bangladesh/5816/2010|EPI_ISL_71460|B             0.0017129 0.0121907 0.0034304 0.0051690 0.0000000 0.0034487 0.0069447 0.0069187 0.0034334 0.0069132 0.0104384 0.0051818 0.0158233 0.0051658 0.0051776 0.0017158 0.0034273 0.0051784 0.0051814 0.0122488 0.0104901 0.0069219 0.0068862 0.0068842 0.0051967 0.0035031 0.0051785 0.0069099 0.0034404 0.0034404 0.0034328 0.0069313 0.0069204 0.0086600 0.0051862 0.0069595 0.0051743 0.0069040 0.0052003 0.0034329 0.0139841 0.0069437 0.0122431 0.0051805 0.0034388 0.0051849 0.0069481 0.0069367 0.0051785 0.0051904 0.0051937 0.0051753 0.0034329 0.0051849 0.0068892 0.0069069 0.0069008 0.0068629 0.0051904 0.0051776 0.0068733 0.0068583 0.0052282 0.0068970 0.0068698 0.0068746 0.0068800 0.0086208 0.0051683 0.0068583 0.0068574 0.0068641 0.0051862 0.0051755 0.0068936 0.0069162 0.0051683 0.0051799 0.0034600 0.0069416 0.0034856 
EPI247558|HA|B/Heilongjiang-Hulan/116/2010|EPI_ISL_71468|B      0.0034511 0.0140381 0.0051836 0.0034360 0.0034487 0.0000000 0.0051926 0.0051732 0.0051882 0.0051690 0.0122704 0.0034443 0.0177165 0.0069396 0.0034415 0.0017159 0.0051789 0.0034420 0.0034440 0.0104664 0.0087145 0.0051755 0.0086715 0.0086690 0.0017146 0.0017833 0.0034421 0.0051665 0.0034410 0.0051989 0.0051873 0.0051826 0.0051744 0.0104715 0.0034471 0.0052043 0.0069511 0.0051620 0.0034564 0.0051875 0.0158522 0.0051920 0.0104619 0.0034434 0.0034391 0.0017107 0.0034382 0.0051866 0.0034421 0.0034499 0.0017135 0.0034400 0.0051875 0.0017107 0.0086755 0.0051642 0.0051596 0.0086424 0.0034499 0.0034415 0.0086555 0.0086366 0.0071425 0.0086852 0.0086511 0.0086572 0.0086634 0.0104220 0.0034355 0.0086366 0.0086355 0.0086439 0.0034471 0.0034401 0.0051541 0.0051713 0.0034355 0.0034430 0.0052288 0.0051903 0.0017362 
EPI247571|HA|B/Heilongjiang-Xiangfang/1197/2010|EPI_ISL_71473|B 0.0051880 0.0158299 0.0069271 0.0051648 0.0069447 0.0051926 0.0000000 0.0051711 0.0052570 0.0069076 0.0140570 0.0051775 0.0195348 0.0086939 0.0051734 0.0051827 0.0069208 0.0051741 0.0051771 0.0122388 0.0104815 0.0069163 0.0104298 0.0104268 0.0069542 0.0051861 0.0051742 0.0069043 0.0087248 0.0069475 0.0069321 0.0051805 0.0052430 0.0122445 0.0051819 0.0069536 0.0087086 0.0068984 0.0051960 0.0069323 0.0176553 0.0069381 0.0122334 0.0051762 0.0069251 0.0069393 0.0087176 0.0034467 0.0051742 0.0051862 0.0069511 0.0051710 0.0069323 0.0069393 0.0104338 0.0069012 0.0068952 0.0103939 0.0051862 0.0051734 0.0104099 0.0103863 0.0104299 0.0104456 0.0104045 0.0104120 0.0104202 0.0121863 0.0051641 0.0103863 0.0103848 0.0103958 0.0051819 0.0051712 0.0068880 0.0069106 0.0051641 0.0051756 0.0069873 0.0069360 0.0052018 
EPI247569|HA|B/Bangladesh/6166/2010|EPI_ISL_71472|B             0.0051686 0.0157669 0.0069012 0.0017141 0.0069187 0.0051732 0.0051711 0.0000000 0.0052024 0.0068818 0.0140016 0.0051581 0.0194549 0.0086602 0.0051539 0.0051633 0.0068949 0.0051546 0.0051576 0.0121912 0.0104412 0.0068904 0.0103896 0.0103864 0.0069290 0.0051667 0.0051547 0.0068785 0.0086915 0.0069214 0.0069061 0.0034237 0.0051886 0.0121976 0.0051625 0.0069285 0.0086752 0.0068726 0.0051766 0.0069063 0.0175841 0.0069121 0.0121860 0.0051567 0.0068992 0.0069132 0.0086843 0.0051651 0.0051547 0.0051668 0.0069250 0.0051514 0.0069063 0.0069132 0.0103945 0.0068755 0.0068695 0.0103544 0.0051668 0.0051539 0.0103701 0.0103474 0.0103898 0.0104058 0.0103646 0.0103722 0.0103804 0.0121392 0.0051454 0.0103474 0.0103461 0.0103563 0.0051625 0.0051516 0.0068622 0.0068848 0.0051454 0.0051561 0.0069604 0.0069100 0.0051824 
EPI249550|HA|B/Bangladesh/9628/2010|EPI_ISL_71842|B             0.0017101 0.0121705 0.0034248 0.0051604 0.0034334 0.0051882 0.0052570 0.0052024 0.0000000 0.0069019 0.0104216 0.0051732 0.0157968 0.0051571 0.0051690 0.0051784 0.0034217 0.0051698 0.0051728 0.0122278 0.0104727 0.0069106 0.0068749 0.0068730 0.0069493 0.0051818 0.0051699 0.0068985 0.0051756 0.0034347 0.0034272 0.0052118 0.0034409 0.0086466 0.0051776 0.0069488 0.0051657 0.0068927 0.0051917 0.0034273 0.0139608 0.0069323 0.0122231 0.0051719 0.0069193 0.0069335 0.0087103 0.0052510 0.0051699 0.0051818 0.0069453 0.0051666 0.0034273 0.0069335 0.0068779 0.0068955 0.0068895 0.0068515 0.0051818 0.0051690 0.0068620 0.0068469 0.0068752 0.0068857 0.0068584 0.0068633 0.0068687 0.0086066 0.0051597 0.0068469 0.0068459 0.0068527 0.0051776 0.0051668 0.0068823 0.0069049 0.0051597 0.0051713 0.0034543 0.0069302 0.0051975 
EPI270016|HA|B/Macau/200185/2010|EPI_ISL_76641|B                0.0051644 0.0157552 0.0068958 0.0051421 0.0069132 0.0051690 0.0069076 0.0068818 0.0069019 0.0000000 0.0139910 0.0051538 0.0194406 0.0086543 0.0051496 0.0051591 0.0068895 0.0051504 0.0051534 0.0121819 0.0104331 0.0068850 0.0103820 0.0103789 0.0069235 0.0051625 0.0051504 0.0068730 0.0086846 0.0069160 0.0069007 0.0068943 0.0068835 0.0121883 0.0051583 0.0069230 0.0086683 0.0068672 0.0051724 0.0069009 0.0175711 0.0069066 0.0121767 0.0051525 0.0068937 0.0069078 0.0086774 0.0068997 0.0051504 0.0051626 0.0069195 0.0051471 0.0069009 0.0069078 0.0103859 0.0068700 0.0068640 0.0103465 0.0051626 0.0051496 0.0103614 0.0103395 0.0103820 0.0103978 0.0103569 0.0103639 0.0103724 0.0121300 0.0051414 0.0103395 0.0103381 0.0103484 0.0051583 0.0051473 0.0068568 0.0068794 0.0051414 0.0051519 0.0069547 0.0069045 0.0051783 
EPI270044|HA|B/Macau/200119/2010|EPI_ISL_76649|B                0.0086646 0.0086517 0.0104123 0.0122047 0.0104384 0.0122704 0.0140570 0.0140016 0.0104216 0.0139910 0.0000000 0.0122357 0.0122273 0.0121965 0.0122257 0.0122476 0.0104025 0.0122274 0.0122351 0.0086921 0.0087098 0.0140093 0.0139342 0.0139299 0.0140884 0.0122557 0.0122276 0.0139839 0.0122398 0.0104427 0.0104200 0.0140281 0.0140058 0.0051625 0.0122462 0.0140886 0.0122178 0.0139716 0.0122800 0.0104201 0.0104205 0.0140533 0.0086884 0.0122323 0.0140270 0.0140559 0.0158944 0.0140402 0.0122276 0.0122563 0.0140808 0.0122201 0.0104201 0.0123361 0.0139407 0.0139774 0.0139650 0.0138858 0.0122563 0.0122257 0.0139070 0.0138760 0.0139337 0.0139549 0.0138998 0.0139098 0.0139211 0.0156978 0.0122031 0.0138760 0.0138742 0.0138884 0.0104665 0.0122204 0.0139497 0.0139971 0.0122031 0.0122311 0.0105035 0.0140500 0.0122936 
EPI271556|HA|B/India/5949/2010|EPI_ISL_76925|B                  0.0034412 0.0139977 0.0051686 0.0034261 0.0051818 0.0034443 0.0051775 0.0051581 0.0051732 0.0051538 0.0122357 0.0000000 0.0176653 0.0069197 0.0034317 0.0034378 0.0051638 0.0034322 0.0034341 0.0104358 0.0086897 0.0051604 0.0086471 0.0086446 0.0051897 0.0034400 0.0034322 0.0051513 0.0069441 0.0051839 0.0051723 0.0051676 0.0051593 0.0104410 0.0034372 0.0051892 0.0069311 0.0051468 0.0034465 0.0051724 0.0158065 0.0051770 0.0104310 0.0034335 0.0051671 0.0051778 0.0069383 0.0051716 0.0034322 0.0034400 0.0051866 0.0034301 0.0051724 0.0051778 0.0086509 0.0051490 0.0051454 0.0086177 0.0034400 0.0034317 0.0086308 0.0086119 0.0086473 0.0086597 0.0086263 0.0086325 0.0086392 0.0103920 0.0034257 0.0086119 0.0086108 0.0086192 0.0034372 0.0034303 0.0051401 0.0051561 0.0034257 0.0034331 0.0052137 0.0051753 0.0034503 
EPI271553|HA|B/India/5908/2010|EPI_ISL_76924|B                  0.0140107 0.0139876 0.0157826 0.0176191 0.0158233 0.0177165 0.0195348 0.0194549 0.0157968 0.0194406 0.0122273 0.0176653 0.0000000 0.0176065 0.0176503 0.0176825 0.0157670 0.0176527 0.0176648 0.0140549 0.0140843 0.0194669 0.0193593 0.0157675 0.0195773 0.0176940 0.0140613 0.0194304 0.0176695 0.0158296 0.0157946 0.0194929 0.0194614 0.0104343 0.0176812 0.0195789 0.0176389 0.0194127 0.0177306 0.0157946 0.0017128 0.0195280 0.0140487 0.0176602 0.0194913 0.0195319 0.0214188 0.0195108 0.0140613 0.0176953 0.0195675 0.0176424 0.0157946 0.0178113 0.0193689 0.0194209 0.0194035 0.0192902 0.0176953 0.0176503 0.0193203 0.0192759 0.0193576 0.0193870 0.0193101 0.0193243 0.0193404 0.0174174 0.0176168 0.0192759 0.0192735 0.0192943 0.0158665 0.0176424 0.0193814 0.0194491 0.0176168 0.0176588 0.0159227 0.0177710 0.0177498 
EPI271614|HA|B/Bangladesh/4588/2010|EPI_ISL_76945|B             0.0034308 0.0139524 0.0051524 0.0069027 0.0051658 0.0069396 0.0086939 0.0086602 0.0051571 0.0086543 0.0121965 0.0069197 0.0176065 0.0000000 0.0069141 0.0069265 0.0051476 0.0069151 0.0069192 0.0140194 0.0122566 0.0086647 0.0086202 0.0086178 0.0087140 0.0069310 0.0069152 0.0086501 0.0069226 0.0051679 0.0051562 0.0086767 0.0086626 0.0104084 0.0069255 0.0087135 0.0069097 0.0086427 0.0069443 0.0051564 0.0157547 0.0086924 0.0140133 0.0069179 0.0086760 0.0086940 0.0104855 0.0086838 0.0069152 0.0069311 0.0087090 0.0069110 0.0051564 0.0086940 0.0086240 0.0086463 0.0086387 0.0085907 0.0069311 0.0069141 0.0086039 0.0085846 0.0086204 0.0086335 0.0085995 0.0086056 0.0086124 0.0103595 0.0069018 0.0085846 0.0085833 0.0085922 0.0069255 0.0069112 0.0086296 0.0086581 0.0069018 0.0069171 0.0051977 0.0086899 0.0069520 
EPI271620|HA|B/Bangladesh/1005/2010|EPI_ISL_76947|B             0.0034385 0.0139861 0.0051644 0.0034234 0.0051776 0.0034415 0.0051734 0.0051539 0.0051690 0.0051496 0.0122257 0.0034317 0.0176503 0.0069141 0.0000000 0.0034351 0.0051596 0.0034295 0.0034314 0.0104278 0.0086826 0.0051562 0.0086401 0.0086377 0.0051856 0.0034373 0.0034295 0.0051470 0.0069385 0.0051797 0.0051681 0.0051634 0.0051551 0.0104320 0.0034345 0.0051851 0.0034475 0.0051437 0.0034438 0.0051683 0.0157933 0.0051728 0.0104234 0.0034309 0.0051630 0.0051737 0.0069328 0.0051674 0.0034295 0.0034373 0.0051825 0.0034274 0.0017153 0.0051737 0.0086440 0.0051458 0.0051414 0.0086108 0.0034373 0.0034290 0.0086239 0.0086050 0.0086404 0.0086535 0.0086194 0.0086256 0.0086323 0.0103828 0.0034230 0.0086050 0.0086039 0.0086123 0.0034345 0.0034276 0.0051361 0.0051519 0.0034230 0.0034304 0.0052095 0.0051711 0.0034476 
EPI271644|HA|B/Taiwan/77/2010|EPI_ISL_76955|B                   0.0034446 0.0140114 0.0051738 0.0034295 0.0017158 0.0017159 0.0051827 0.0051633 0.0051784 0.0051591 0.0122476 0.0034378 0.0176825 0.0069265 0.0034351 0.0000000 0.0051690 0.0034356 0.0034375 0.0104464 0.0086983 0.0051657 0.0086556 0.0086531 0.0034475 0.0017435 0.0034356 0.0051566 0.0051894 0.0051891 0.0051775 0.0051728 0.0051646 0.0104515 0.0034407 0.0051944 0.0069380 0.0051521 0.0034499 0.0051776 0.0158219 0.0051821 0.0104418 0.0034370 0.0017111 0.0034397 0.0051851 0.0051768 0.0034356 0.0034435 0.0034454 0.0034335 0.0051776 0.0034397 0.0086585 0.0051543 0.0051496 0.0086262 0.0034435 0.0034351 0.0086393 0.0086204 0.0070082 0.0086685 0.0086348 0.0086410 0.0086477 0.0104024 0.0034291 0.0086204 0.0086193 0.0086277 0.0034407 0.0034337 0.0051452 0.0051614 0.0034291 0.0034365 0.0052189 0.0051805 0.0017342 
EPI271869|HA|B/Hong_Kong/264/2010|EPI_ISL_76999|B               0.0017071 0.0121481 0.0034187 0.0051509 0.0034273 0.0051789 0.0069208 0.0068949 0.0034217 0.0068895 0.0104025 0.0051638 0.0157670 0.0051476 0.0051596 0.0051690 0.0000000 0.0051604 0.0051634 0.0122058 0.0104534 0.0068981 0.0068625 0.0068606 0.0069368 0.0051724 0.0051605 0.0068861 0.0051662 0.0034287 0.0034211 0.0069074 0.0068966 0.0086309 0.0051682 0.0069363 0.0051562 0.0068803 0.0051823 0.0034212 0.0139348 0.0069198 0.0122005 0.0051625 0.0069069 0.0069210 0.0086943 0.0069128 0.0051605 0.0051725 0.0069327 0.0051572 0.0034212 0.0069210 0.0068655 0.0068831 0.0068771 0.0068387 0.0051725 0.0051596 0.0068495 0.0068352 0.0068628 0.0068733 0.0068458 0.0068508 0.0068562 0.0085908 0.0051502 0.0068352 0.0068343 0.0068399 0.0051682 0.0051574 0.0068699 0.0068925 0.0051502 0.0051619 0.0034482 0.0069177 0.0051881 
EPI271871|HA|B/Hong_Kong/270/2010|EPI_ISL_77000|B               0.0034390 0.0139880 0.0051652 0.0034239 0.0051784 0.0034420 0.0051741 0.0051546 0.0051698 0.0051504 0.0122274 0.0034322 0.0176527 0.0069151 0.0034295 0.0034356 0.0051604 0.0000000 0.0034319 0.0104293 0.0086839 0.0051570 0.0086414 0.0086389 0.0051863 0.0034378 0.0034300 0.0051478 0.0069395 0.0051805 0.0051689 0.0051641 0.0051559 0.0104336 0.0034350 0.0051858 0.0069265 0.0051445 0.0034443 0.0051690 0.0157954 0.0051736 0.0104248 0.0034313 0.0051637 0.0051744 0.0069338 0.0051682 0.0034300 0.0034378 0.0051832 0.0034279 0.0051690 0.0051744 0.0086452 0.0051466 0.0051421 0.0086120 0.0034378 0.0034295 0.0086251 0.0086062 0.0086416 0.0086548 0.0086206 0.0086268 0.0086335 0.0103845 0.0034235 0.0086062 0.0086051 0.0086135 0.0034350 0.0034281 0.0051368 0.0051527 0.0034235 0.0034309 0.0052103 0.0051719 0.0034481 
EPI271998|HA|B/SINGAPORE/536/2010|EPI_ISL_77057|B               0.0034409 0.0139971 0.0051682 0.0034258 0.0051814 0.0034440 0.0051771 0.0051576 0.0051728 0.0051534 0.0122351 0.0034341 0.0176648 0.0069192 0.0034314 0.0034375 0.0051634 0.0034319 0.0000000 0.0104351 0.0086891 0.0051600 0.0086465 0.0086441 0.0051893 0.0034397 0.0034319 0.0051509 0.0069436 0.0051835 0.0051719 0.0051671 0.0051589 0.0104404 0.0034370 0.0051888 0.0069306 0.0051474 0.0034462 0.0051720 0.0158059 0.0051765 0.0104303 0.0034333 0.0051667 0.0051774 0.0069378 0.0051712 0.0034319 0.0034397 0.0051862 0.0034298 0.0051720 0.0051774 0.0086504 0.0051486 0.0051450 0.0086172 0.0034397 0.0034314 0.0086302 0.0086114 0.0086468 0.0086591 0.0086258 0.0086319 0.0086387 0.0103914 0.0034254 0.0086114 0.0086103 0.0086187 0.0034370 0.0034300 0.0051397 0.0051557 0.0034254 0.0034328 0.0052133 0.0051749 0.0034500 
EPI272000|HA|B/SINGAPORE/505/2010|EPI_ISL_77058|B               0.0104580 0.0068791 0.0122176 0.0104102 0.0122488 0.0104664 0.0122388 0.0121912 0.0122278 0.0121819 0.0086921 0.0104358 0.0140549 0.0140194 0.0104278 0.0104464 0.0122058 0.0104293 0.0104351 0.0000000 0.0000010 0.0121977 0.0157665 0.0157615 0.0122664 0.0104533 0.0104295 0.0121758 0.0140694 0.0122538 0.0122267 0.0122141 0.0121947 0.0069231 0.0104451 0.0122663 0.0140443 0.0121652 0.0104739 0.0122268 0.0122263 0.0122360 0.0034182 0.0104328 0.0122131 0.0122382 0.0140577 0.0122243 0.0104295 0.0104537 0.0122596 0.0104231 0.0122268 0.0105209 0.0157740 0.0086559 0.0121596 0.0157110 0.0104537 0.0104278 0.0157353 0.0156997 0.0157656 0.0157897 0.0157271 0.0157385 0.0157514 0.0175424 0.0104088 0.0156997 0.0156977 0.0157142 0.0086794 0.0104234 0.0121464 0.0121872 0.0104088 0.0104317 0.0123245 0.0122329 0.0104854 
EPI272014|HA|B/PHILIPPINES/1400/2010|EPI_ISL_77065|B            0.0087069 0.0068932 0.0104633 0.0086675 0.0104901 0.0087145 0.0104815 0.0104412 0.0104727 0.0104331 0.0087098 0.0086897 0.0140843 0.0122566 0.0086826 0.0086983 0.0104534 0.0086839 0.0086891 0.0000010 0.0000000 0.0104465 0.0140030 0.0139987 0.0105053 0.0087030 0.0086840 0.0104279 0.0123003 0.0104943 0.0104710 0.0104606 0.0104440 0.0069366 0.0086971 0.0105050 0.0122781 0.0104189 0.0087207 0.0104712 0.0122524 0.0104794 0.0034252 0.0086874 0.0104597 0.0104812 0.0122901 0.0104692 0.0086840 0.0087032 0.0104994 0.0086787 0.0104712 0.0087145 0.0140096 0.0069190 0.0104141 0.0139541 0.0087032 0.0086826 0.0139756 0.0139442 0.0140025 0.0140239 0.0139683 0.0139784 0.0139898 0.0157756 0.0086662 0.0139442 0.0139424 0.0139568 0.0069372 0.0086789 0.0104029 0.0104376 0.0086662 0.0086865 0.0105554 0.0104765 0.0087305 
EPI272054|HA|B/SINGAPORE/525/2010|EPI_ISL_77079|B               0.0051710 0.0157760 0.0069045 0.0051475 0.0069219 0.0051755 0.0069163 0.0068904 0.0069106 0.0068850 0.0140093 0.0051604 0.0194669 0.0086647 0.0051562 0.0051657 0.0068981 0.0051570 0.0051600 0.0121977 0.0104465 0.0000000 0.0103951 0.0103920 0.0069323 0.0051691 0.0051571 0.0068817 0.0086958 0.0069247 0.0069094 0.0069030 0.0068922 0.0122041 0.0051649 0.0069318 0.0086796 0.0068759 0.0051790 0.0069096 0.0175946 0.0069153 0.0121924 0.0051591 0.0069024 0.0069165 0.0086886 0.0069084 0.0051571 0.0051691 0.0069282 0.0051538 0.0069096 0.0069165 0.0103999 0.0068787 0.0068727 0.0103597 0.0051691 0.0051562 0.0103754 0.0103525 0.0103952 0.0104111 0.0103700 0.0103775 0.0103848 0.0121456 0.0051468 0.0103525 0.0103509 0.0103616 0.0051649 0.0051540 0.0068655 0.0068880 0.0051468 0.0051585 0.0069638 0.0069132 0.0051848 
EPI464421|HA|B/Cambodia/U0707330/2010|EPI_ISL_144656|B          0.0051448 0.0156907 0.0068688 0.0086257 0.0068862 0.0086715 0.0104298 0.0103896 0.0068749 0.0103820 0.0139342 0.0086471 0.0193593 0.0086202 0.0086401 0.0086556 0.0068625 0.0086414 0.0086465 0.0157665 0.0140030 0.0103951 0.0000000 0.0034289 0.0104534 0.0086604 0.0086415 0.0103768 0.0086505 0.0068889 0.0068737 0.0104092 0.0103926 0.0121393 0.0069316 0.0104531 0.0086346 0.0103678 0.0086777 0.0068739 0.0174985 0.0104278 0.0157595 0.0086449 0.0104083 0.0104296 0.0122290 0.0104177 0.0086415 0.0086606 0.0104475 0.0086362 0.0068739 0.0104296 0.0068924 0.0103722 0.0103626 0.0068661 0.0086606 0.0086401 0.0068765 0.0068616 0.0068897 0.0069002 0.0068730 0.0068779 0.0068832 0.0086250 0.0086246 0.0068616 0.0068606 0.0068673 0.0086545 0.0086365 0.0103519 0.0103857 0.0086246 0.0086440 0.0069283 0.0104250 0.0086874 
EPI464422|HA|B/Cambodia/U1102389/2010|EPI_ISL_144657|B          0.0051435 0.0156858 0.0068669 0.0086233 0.0068842 0.0086690 0.0104268 0.0103864 0.0068730 0.0103789 0.0139299 0.0086446 0.0157675 0.0086178 0.0086377 0.0086531 0.0068606 0.0086389 0.0086441 0.0157615 0.0139987 0.0103920 0.0034289 0.0000000 0.0104503 0.0086578 0.0086391 0.0103738 0.0086480 0.0068870 0.0068718 0.0104061 0.0103894 0.0121357 0.0069297 0.0104500 0.0086322 0.0103647 0.0086751 0.0068720 0.0139352 0.0104247 0.0157546 0.0086424 0.0104053 0.0104266 0.0122256 0.0104146 0.0051606 0.0086580 0.0104444 0.0086338 0.0068720 0.0104266 0.0068905 0.0103691 0.0103601 0.0068642 0.0086580 0.0086377 0.0068746 0.0068596 0.0068878 0.0068983 0.0068711 0.0068760 0.0068813 0.0086225 0.0086221 0.0068596 0.0068587 0.0068654 0.0086520 0.0086340 0.0103491 0.0103834 0.0086221 0.0086415 0.0069264 0.0104219 0.0086849 
EPI278964|HA|B/Mie/06/2010|EPI_ISL_79381|B                      0.0052002 0.0158649 0.0069432 0.0051770 0.0051967 0.0017146 0.0069542 0.0069290 0.0069493 0.0069235 0.0140884 0.0051897 0.0195773 0.0087140 0.0051856 0.0034475 0.0069368 0.0051863 0.0051893 0.0122664 0.0105053 0.0069323 0.0104534 0.0104503 0.0000000 0.0035776 0.0051864 0.0069202 0.0051848 0.0069629 0.0069482 0.0069416 0.0069307 0.0122723 0.0051941 0.0069703 0.0087287 0.0069143 0.0052082 0.0069483 0.0176940 0.0069532 0.0122610 0.0051884 0.0051821 0.0034368 0.0051805 0.0069471 0.0051864 0.0051984 0.0034426 0.0051832 0.0069483 0.0034368 0.0104582 0.0069172 0.0069111 0.0104176 0.0051984 0.0051856 0.0104328 0.0104104 0.0089583 0.0104695 0.0104281 0.0104350 0.0104436 0.0122129 0.0051763 0.0104104 0.0104091 0.0104195 0.0051941 0.0051834 0.0069039 0.0069265 0.0051763 0.0051878 0.0070037 0.0069520 0.0034883 
EPI278990|HA|B/Taiwan/11/2010|EPI_ISL_79388|B                   0.0034468 0.0140204 0.0051772 0.0034317 0.0035031 0.0017833 0.0051861 0.0051667 0.0051818 0.0051625 0.0122557 0.0034400 0.0176940 0.0069310 0.0034373 0.0017435 0.0051724 0.0034378 0.0034397 0.0104533 0.0087030 0.0051691 0.0086604 0.0086578 0.0035776 0.0000000 0.0034379 0.0051600 0.0053778 0.0051924 0.0051809 0.0051761 0.0051680 0.0104584 0.0034429 0.0051978 0.0069424 0.0051555 0.0034521 0.0051810 0.0158322 0.0051855 0.0104487 0.0034392 0.0034930 0.0035692 0.0053732 0.0051802 0.0034379 0.0034457 0.0035754 0.0034357 0.0051810 0.0035692 0.0086644 0.0051577 0.0051531 0.0086318 0.0034457 0.0034373 0.0086448 0.0086259 0.0051508 0.0086743 0.0086404 0.0086465 0.0086533 0.0104091 0.0034313 0.0086259 0.0086248 0.0086333 0.0034429 0.0034359 0.0051475 0.0051648 0.0034313 0.0034388 0.0052223 0.0051839 0.0017158 
EPI278996|HA|B/Yamaguchi/01/2010|EPI_ISL_79390|B                0.0034390 0.0139883 0.0051653 0.0034240 0.0051785 0.0034421 0.0051742 0.0051547 0.0051699 0.0051504 0.0122276 0.0034322 0.0140613 0.0069152 0.0034295 0.0034356 0.0051605 0.0034300 0.0034319 0.0104295 0.0086840 0.0051571 0.0086415 0.0086391 0.0051864 0.0034379 0.0000000 0.0051479 0.0069396 0.0051806 0.0051690 0.0051642 0.0051560 0.0104338 0.0034351 0.0051859 0.0069266 0.0051445 0.0034443 0.0051691 0.0122323 0.0051736 0.0104250 0.0034314 0.0051638 0.0051745 0.0069339 0.0051683 0.0034301 0.0034379 0.0051833 0.0034280 0.0051691 0.0051745 0.0086454 0.0051466 0.0051422 0.0086122 0.0034379 0.0034295 0.0086252 0.0086064 0.0086417 0.0086549 0.0086208 0.0086269 0.0086337 0.0103847 0.0034235 0.0086064 0.0086052 0.0086137 0.0034351 0.0034281 0.0051369 0.0051528 0.0034235 0.0034310 0.0052104 0.0034521 0.0034482 
EPI279203|HA|B/CAMBODIA/5/2010|EPI_ISL_79476|B                  0.0051619 0.0157471 0.0068925 0.0051396 0.0069099 0.0051665 0.0069043 0.0068785 0.0068985 0.0068730 0.0139839 0.0051513 0.0194304 0.0086501 0.0051470 0.0051566 0.0068861 0.0051478 0.0051509 0.0121758 0.0104279 0.0068817 0.0103768 0.0103738 0.0069202 0.0051600 0.0051479 0.0000000 0.0086803 0.0069126 0.0068974 0.0068910 0.0068802 0.0121822 0.0051558 0.0069197 0.0086639 0.0068639 0.0051699 0.0068976 0.0175620 0.0069033 0.0121706 0.0051500 0.0068904 0.0069045 0.0086730 0.0068964 0.0051479 0.0051600 0.0069162 0.0051457 0.0068976 0.0069045 0.0103815 0.0068667 0.0068607 0.0103407 0.0051600 0.0051470 0.0103571 0.0103344 0.0103769 0.0103925 0.0103516 0.0103592 0.0087004 0.0121239 0.0051389 0.0103344 0.0103331 0.0103433 0.0051558 0.0051459 0.0068534 0.0068760 0.0051389 0.0051493 0.0069523 0.0069012 0.0051758 
EPI280403|HA|B/Bangladesh/2009/2010|EPI_ISL_79742|B             0.0034428 0.0140019 0.0051709 0.0069269 0.0034404 0.0034410 0.0087248 0.0086915 0.0051756 0.0086846 0.0122398 0.0069441 0.0176695 0.0069226 0.0069385 0.0051894 0.0051662 0.0069395 0.0069436 0.0140694 0.0123003 0.0086958 0.0086505 0.0086480 0.0051848 0.0053778 0.0069396 0.0086803 0.0000000 0.0051862 0.0051747 0.0087076 0.0086938 0.0104450 0.0069500 0.0087445 0.0069340 0.0086727 0.0069683 0.0051748 0.0158108 0.0087233 0.0140632 0.0069423 0.0069342 0.0051729 0.0069320 0.0087147 0.0069396 0.0069547 0.0051817 0.0069353 0.0051748 0.0051729 0.0086543 0.0086764 0.0086686 0.0086211 0.0069547 0.0069385 0.0086342 0.0086153 0.0071245 0.0069511 0.0086297 0.0086359 0.0086426 0.0103959 0.0069260 0.0086153 0.0086142 0.0086226 0.0069500 0.0069355 0.0086590 0.0086885 0.0069260 0.0069415 0.0052161 0.0087208 0.0052505 
EPI902769|HA|B/Hong_Kong/2207/2010|EPI_ISL_246650|B             0.0017136 0.0121956 0.0034317 0.0051711 0.0034404 0.0051989 0.0069475 0.0069214 0.0034347 0.0069160 0.0104427 0.0051839 0.0158296 0.0051679 0.0051797 0.0051891 0.0034287 0.0051805 0.0051835 0.0122538 0.0104943 0.0069247 0.0068889 0.0068870 0.0069629 0.0051924 0.0051806 0.0069126 0.0051862 0.0000000 0.0034341 0.0069340 0.0069232 0.0086636 0.0051883 0.0069624 0.0051764 0.0069068 0.0052024 0.0034342 0.0139897 0.0069465 0.0122484 0.0051826 0.0069335 0.0069477 0.0087283 0.0069395 0.0051806 0.0051925 0.0069588 0.0051773 0.0034342 0.0069477 0.0068919 0.0069096 0.0069036 0.0068657 0.0051925 0.0051797 0.0068760 0.0068611 0.0068892 0.0068997 0.0068725 0.0068774 0.0068827 0.0086242 0.0051704 0.0068611 0.0068602 0.0068668 0.0051883 0.0051775 0.0068963 0.0069190 0.0051704 0.0051820 0.0034614 0.0069444 0.0052082 
EPI902783|HA|B/Tehran/5277/2010|EPI_ISL_246657|B                0.0017098 0.0121687 0.0034242 0.0051595 0.0034328 0.0051873 0.0069321 0.0069061 0.0034272 0.0069007 0.0104200 0.0051723 0.0157946 0.0051562 0.0051681 0.0051775 0.0034211 0.0051689 0.0051719 0.0122267 0.0104710 0.0069094 0.0068737 0.0068718 0.0069482 0.0051809 0.0051690 0.0068974 0.0051747 0.0034341 0.0000000 0.0069187 0.0069079 0.0086452 0.0051767 0.0069477 0.0051647 0.0068915 0.0051908 0.0034267 0.0139588 0.0069311 0.0122214 0.0051710 0.0069182 0.0069323 0.0087089 0.0069242 0.0051690 0.0051809 0.0069441 0.0051657 0.0034267 0.0069323 0.0068767 0.0068944 0.0068884 0.0068503 0.0051809 0.0051681 0.0068608 0.0068457 0.0068740 0.0068845 0.0068573 0.0068622 0.0068675 0.0086052 0.0051588 0.0068457 0.0068447 0.0068515 0.0051767 0.0051659 0.0068811 0.0069037 0.0051588 0.0051704 0.0034537 0.0069290 0.0051966 
EPI291629|HA|B/Chongqing-Yuzhong/1384/2010|EPI_ISL_83191|B      0.0051781 0.0157970 0.0069138 0.0051547 0.0069313 0.0051826 0.0051805 0.0034237 0.0052118 0.0068943 0.0140281 0.0051676 0.0194929 0.0086767 0.0051634 0.0051728 0.0069074 0.0051641 0.0051671 0.0122141 0.0104606 0.0069030 0.0104092 0.0104061 0.0069416 0.0051761 0.0051642 0.0068910 0.0087076 0.0069340 0.0069187 0.0000000 0.0017247 0.0122204 0.0051720 0.0069411 0.0086914 0.0068851 0.0051860 0.0069189 0.0176180 0.0069247 0.0122088 0.0051662 0.0069117 0.0034480 0.0087004 0.0051746 0.0051642 0.0051762 0.0069376 0.0051610 0.0069189 0.0069258 0.0104139 0.0068880 0.0068820 0.0103735 0.0051762 0.0051634 0.0103889 0.0103664 0.0104092 0.0104251 0.0103839 0.0103911 0.0103995 0.0121618 0.0051540 0.0103664 0.0103649 0.0103754 0.0051720 0.0051612 0.0068747 0.0068973 0.0051540 0.0051656 0.0069735 0.0069226 0.0051919 
EPI291626|HA|B/Chongqing-Yuzhong/1342/2010|EPI_ISL_83190|B      0.0051699 0.0157718 0.0069030 0.0051474 0.0069204 0.0051744 0.0052430 0.0051886 0.0034409 0.0068835 0.0140058 0.0051593 0.0194614 0.0086626 0.0051551 0.0051646 0.0068966 0.0051559 0.0051589 0.0121947 0.0104440 0.0068922 0.0103926 0.0103894 0.0069307 0.0051680 0.0051560 0.0068802 0.0086938 0.0069232 0.0069079 0.0017247 0.0000000 0.0122011 0.0051638 0.0069303 0.0086776 0.0068744 0.0051779 0.0069081 0.0175898 0.0069138 0.0121894 0.0051580 0.0069009 0.0034426 0.0086866 0.0052370 0.0051560 0.0051680 0.0069267 0.0051527 0.0069081 0.0069150 0.0103974 0.0068772 0.0068712 0.0103573 0.0051680 0.0051551 0.0103730 0.0103497 0.0103927 0.0104087 0.0103676 0.0103751 0.0103833 0.0121427 0.0051467 0.0103497 0.0103489 0.0103592 0.0051638 0.0051529 0.0068640 0.0068865 0.0051467 0.0051574 0.0069622 0.0069117 0.0051837 
EPI293608|HA|B/Beijing-Xicheng/11082/2010|EPI_ISL_83656|B       0.0069018 0.0068912 0.0086390 0.0104152 0.0086600 0.0104715 0.0122445 0.0121976 0.0086466 0.0121883 0.0051625 0.0104410 0.0104343 0.0104084 0.0104320 0.0104515 0.0086309 0.0104336 0.0104404 0.0069231 0.0069366 0.0122041 0.0121393 0.0121357 0.0122723 0.0104584 0.0104338 0.0121822 0.0104450 0.0086636 0.0086452 0.0122204 0.0122011 0.0000000 0.0104503 0.0122720 0.0104262 0.0121715 0.0104790 0.0086454 0.0086459 0.0122415 0.0069202 0.0104381 0.0122193 0.0122442 0.0140655 0.0122301 0.0104338 0.0104588 0.0122661 0.0104282 0.0086454 0.0105263 0.0121449 0.0121766 0.0121659 0.0120976 0.0104588 0.0104320 0.0121160 0.0120892 0.0121392 0.0121576 0.0121097 0.0121184 0.0121281 0.0138934 0.0104139 0.0120892 0.0120876 0.0120998 0.0086833 0.0104284 0.0121527 0.0121936 0.0104139 0.0104370 0.0087142 0.0122393 0.0104905 
EPI293640|HA|B/Fujian-Licheng/118/2010|EPI_ISL_83660|B          0.0034441 0.0140100 0.0051730 0.0034290 0.0051862 0.0034471 0.0051819 0.0051625 0.0051776 0.0051583 0.0122462 0.0034372 0.0176812 0.0069255 0.0034345 0.0034407 0.0051682 0.0034350 0.0034370 0.0104451 0.0086971 0.0051649 0.0069316 0.0069297 0.0051941 0.0034429 0.0034351 0.0051558 0.0069500 0.0051883 0.0051767 0.0051720 0.0051638 0.0104503 0.0000000 0.0051936 0.0069370 0.0051513 0.0034494 0.0051769 0.0158206 0.0051814 0.0104405 0.0034364 0.0051716 0.0051822 0.0069443 0.0051760 0.0034351 0.0034429 0.0051910 0.0034330 0.0051769 0.0051822 0.0086583 0.0051535 0.0051488 0.0086251 0.0034429 0.0034345 0.0086382 0.0086193 0.0086547 0.0086674 0.0086337 0.0086399 0.0086466 0.0104011 0.0034285 0.0086193 0.0086182 0.0086266 0.0034401 0.0034331 0.0051444 0.0051606 0.0034285 0.0034360 0.0052181 0.0051797 0.0034532 
EPI294765|HA|B/Guangdong-Zhongshan/5756/2010|EPI_ISL_83935|B    0.0051997 0.0158655 0.0069427 0.0051765 0.0069595 0.0052043 0.0069536 0.0069285 0.0069488 0.0069230 0.0140886 0.0051892 0.0195789 0.0087135 0.0051851 0.0051944 0.0069363 0.0051858 0.0051888 0.0122663 0.0105050 0.0069318 0.0104531 0.0104500 0.0069703 0.0051978 0.0051859 0.0069197 0.0087445 0.0069624 0.0069477 0.0069411 0.0069303 0.0122720 0.0051936 0.0000000 0.0087283 0.0069138 0.0052077 0.0069478 0.0176950 0.0069536 0.0122609 0.0051879 0.0069406 0.0069539 0.0087372 0.0069466 0.0051859 0.0051979 0.0069661 0.0051827 0.0069478 0.0069539 0.0104579 0.0069167 0.0069106 0.0104173 0.0051979 0.0051851 0.0104324 0.0104101 0.0104532 0.0104692 0.0104277 0.0104346 0.0104433 0.0122131 0.0051758 0.0104101 0.0104087 0.0104191 0.0051936 0.0051829 0.0069034 0.0069261 0.0051758 0.0051873 0.0070032 0.0069515 0.0052136 
EPI294795|HA|B/Kyrgyzstan/126/2010|EPI_ISL_83945|B              0.0034363 0.0139771 0.0051610 0.0069140 0.0051743 0.0069511 0.0087086 0.0086752 0.0051657 0.0086683 0.0122178 0.0069311 0.0176389 0.0069097 0.0034475 0.0069380 0.0051562 0.0069265 0.0069306 0.0140443 0.0122781 0.0086796 0.0086346 0.0086322 0.0087287 0.0069424 0.0069266 0.0086639 0.0069340 0.0051764 0.0051647 0.0086914 0.0086776 0.0104262 0.0069370 0.0087283 0.0000000 0.0086572 0.0069548 0.0051649 0.0157831 0.0087072 0.0140382 0.0069293 0.0086907 0.0087087 0.0105035 0.0086985 0.0069266 0.0069426 0.0087237 0.0069224 0.0017142 0.0087087 0.0051295 0.0086599 0.0086532 0.0086053 0.0069426 0.0069255 0.0086183 0.0085994 0.0086348 0.0086480 0.0086139 0.0086200 0.0086268 0.0103771 0.0069131 0.0085994 0.0085983 0.0086068 0.0069370 0.0069226 0.0086440 0.0086722 0.0069131 0.0069286 0.0052061 0.0087047 0.0069628 
EPI294822|HA|B/Nepal/188/2010|EPI_ISL_83954|B                   0.0051575 0.0157331 0.0068866 0.0051353 0.0069040 0.0051620 0.0068984 0.0068726 0.0068927 0.0068672 0.0139716 0.0051468 0.0194127 0.0086427 0.0051437 0.0051521 0.0068803 0.0051445 0.0051474 0.0121652 0.0104189 0.0068759 0.0103678 0.0103647 0.0069143 0.0051555 0.0051445 0.0068639 0.0086727 0.0069068 0.0068915 0.0068851 0.0068744 0.0121715 0.0051513 0.0069138 0.0086572 0.0000000 0.0051655 0.0068917 0.0175462 0.0068974 0.0121600 0.0051465 0.0068846 0.0068986 0.0086654 0.0068905 0.0051445 0.0051556 0.0069103 0.0051414 0.0068917 0.0068986 0.0103726 0.0034281 0.0068548 0.0103326 0.0051556 0.0051437 0.0103482 0.0103255 0.0103679 0.0103828 0.0103429 0.0103496 0.0103584 0.0121134 0.0051346 0.0103255 0.0103242 0.0103344 0.0051513 0.0051416 0.0068475 0.0068702 0.0051346 0.0051459 0.0069464 0.0068954 0.0051713 
EPI294866|HA|B/Thailand/820/2010|EPI_ISL_83969|B                0.0034533 0.0140486 0.0051871 0.0034382 0.0052003 0.0034564 0.0051960 0.0051766 0.0051917 0.0051724 0.0122800 0.0034465 0.0177306 0.0069443 0.0034438 0.0034499 0.0051823 0.0034443 0.0034462 0.0104739 0.0087207 0.0051790 0.0086777 0.0086751 0.0052082 0.0034521 0.0034443 0.0051699 0.0069683 0.0052024 0.0051908 0.0051860 0.0051779 0.0104790 0.0034494 0.0052077 0.0069548 0.0051655 0.0000000 0.0051909 0.0158644 0.0051954 0.0104694 0.0034456 0.0051856 0.0051963 0.0069624 0.0051901 0.0034443 0.0034522 0.0052051 0.0034422 0.0051909 0.0051963 0.0086816 0.0051677 0.0051631 0.0086484 0.0034522 0.0034438 0.0086607 0.0086426 0.0086779 0.0086913 0.0086571 0.0086625 0.0086696 0.0104294 0.0034377 0.0086426 0.0086415 0.0069303 0.0034494 0.0034423 0.0051576 0.0051747 0.0034377 0.0034452 0.0052323 0.0051938 0.0034625 
EPI301211|HA|B/Guangdong-Duanzhou/1766/2010|EPI_ISL_85665|B     0.0017098 0.0121688 0.0034243 0.0051596 0.0034329 0.0051875 0.0069323 0.0069063 0.0034273 0.0069009 0.0104201 0.0051724 0.0157946 0.0051564 0.0051683 0.0051776 0.0034212 0.0051690 0.0051720 0.0122268 0.0104712 0.0069096 0.0068739 0.0068720 0.0069483 0.0051810 0.0051691 0.0068976 0.0051748 0.0034342 0.0034267 0.0069189 0.0069081 0.0086454 0.0051769 0.0069478 0.0051649 0.0068917 0.0051909 0.0000000 0.0139589 0.0069313 0.0122208 0.0051711 0.0069183 0.0069325 0.0087090 0.0069243 0.0051691 0.0051811 0.0069443 0.0051659 0.0034268 0.0069325 0.0068769 0.0068945 0.0068885 0.0068505 0.0051811 0.0051683 0.0068610 0.0068458 0.0068742 0.0068847 0.0068574 0.0068624 0.0068677 0.0086054 0.0051589 0.0068458 0.0068449 0.0068517 0.0051769 0.0051661 0.0068813 0.0069039 0.0051589 0.0051705 0.0034538 0.0069292 0.0051967 
EPI302086|HA|B/India/6613/2010|EPI_ISL_86012|B                  0.0121888 0.0121691 0.0139484 0.0157657 0.0139841 0.0158522 0.0176553 0.0175841 0.0139608 0.0175711 0.0104205 0.0158065 0.0017128 0.0157547 0.0157933 0.0158219 0.0139348 0.0157954 0.0158059 0.0122263 0.0122524 0.0175946 0.0174985 0.0139352 0.0176940 0.0158322 0.0122323 0.0175620 0.0158108 0.0139897 0.0139588 0.0176180 0.0175898 0.0086459 0.0158206 0.0176950 0.0157831 0.0175462 0.0158644 0.0139589 0.0000000 0.0176497 0.0122216 0.0158020 0.0176166 0.0176531 0.0195191 0.0176338 0.0122323 0.0158332 0.0176849 0.0157862 0.0139589 0.0159366 0.0175070 0.0175536 0.0175379 0.0174368 0.0158332 0.0157933 0.0174637 0.0174241 0.0174973 0.0175239 0.0174546 0.0174673 0.0174817 0.0192735 0.0157637 0.0174241 0.0174219 0.0174404 0.0140218 0.0157863 0.0175183 0.0175788 0.0157637 0.0158007 0.0140713 0.0159005 0.0158816 
EPI302448|HA|B/MALAYSIA/481/2010|EPI_ISL_86148|B                0.0051874 0.0158254 0.0069262 0.0051642 0.0069437 0.0051920 0.0069381 0.0069121 0.0069323 0.0069066 0.0140533 0.0051770 0.0195280 0.0086924 0.0051728 0.0051821 0.0069198 0.0051736 0.0051765 0.0122360 0.0104794 0.0069153 0.0104278 0.0104247 0.0069532 0.0051855 0.0051736 0.0069033 0.0087233 0.0069465 0.0069311 0.0069247 0.0069138 0.0122415 0.0051814 0.0069536 0.0087072 0.0068974 0.0051954 0.0069313 0.0176497 0.0000000 0.0122306 0.0051757 0.0069241 0.0069383 0.0087161 0.0069301 0.0051736 0.0051856 0.0069501 0.0051704 0.0069313 0.0069383 0.0104317 0.0069003 0.0068943 0.0103919 0.0051856 0.0051728 0.0104078 0.0103842 0.0104278 0.0104436 0.0104025 0.0104099 0.0104182 0.0121835 0.0051635 0.0103842 0.0103826 0.0103938 0.0051814 0.0051706 0.0068870 0.0069096 0.0051635 0.0051751 0.0069863 0.0069350 0.0052012 
EPI302460|HA|B/PHILIPPINES/2118/2010|EPI_ISL_86152|B            0.0104534 0.0034279 0.0122122 0.0104057 0.0122431 0.0104619 0.0122334 0.0121860 0.0122231 0.0121767 0.0086884 0.0104310 0.0140487 0.0140133 0.0104234 0.0104418 0.0122005 0.0104248 0.0104303 0.0034182 0.0034252 0.0121924 0.0157595 0.0157546 0.0122610 0.0104487 0.0104250 0.0121706 0.0140632 0.0122484 0.0122214 0.0122088 0.0121894 0.0069202 0.0104405 0.0122609 0.0140382 0.0121600 0.0104694 0.0122208 0.0122216 0.0122306 0.0000000 0.0104291 0.0122078 0.0122329 0.0140515 0.0122190 0.0104250 0.0104491 0.0122543 0.0104186 0.0122208 0.0105173 0.0157671 0.0121650 0.0107942 0.0157041 0.0104491 0.0104234 0.0157284 0.0156929 0.0157587 0.0157827 0.0157202 0.0157316 0.0157445 0.0175346 0.0104044 0.0156929 0.0156909 0.0157073 0.0086756 0.0104189 0.0121412 0.0121820 0.0104044 0.0104281 0.0123199 0.0122269 0.0104809 
EPI302483|HA|B/PHILIPPINES/5390/2010|EPI_ISL_86160|B            0.0034404 0.0139938 0.0051673 0.0034253 0.0051805 0.0034434 0.0051762 0.0051567 0.0051719 0.0051525 0.0122323 0.0034335 0.0176602 0.0069179 0.0034309 0.0034370 0.0051625 0.0034313 0.0034333 0.0104328 0.0086874 0.0051591 0.0086449 0.0086424 0.0051884 0.0034392 0.0034314 0.0051500 0.0069423 0.0051826 0.0051710 0.0051662 0.0051580 0.0104381 0.0034364 0.0051879 0.0069293 0.0051465 0.0034456 0.0051711 0.0158020 0.0051757 0.0104291 0.0000000 0.0051658 0.0051765 0.0069366 0.0051703 0.0034314 0.0034392 0.0051853 0.0034293 0.0051711 0.0051765 0.0086487 0.0051477 0.0051441 0.0086155 0.0034392 0.0034309 0.0086286 0.0086097 0.0086451 0.0086573 0.0086241 0.0086303 0.0086370 0.0103891 0.0034248 0.0086097 0.0086086 0.0086170 0.0034364 0.0034294 0.0051388 0.0051548 0.0034248 0.0034323 0.0052124 0.0051740 0.0034495 
EPI302520|HA|B/Taiwan/717/2010|EPI_ISL_86173|B                  0.0051776 0.0157957 0.0069132 0.0051543 0.0034388 0.0034391 0.0069251 0.0068992 0.0069193 0.0068937 0.0140270 0.0051671 0.0194913 0.0086760 0.0051630 0.0017111 0.0069069 0.0051637 0.0051667 0.0122131 0.0104597 0.0069024 0.0104083 0.0104053 0.0051821 0.0034930 0.0051638 0.0068904 0.0069342 0.0069335 0.0069182 0.0069117 0.0069009 0.0122193 0.0051716 0.0069406 0.0086907 0.0068846 0.0051856 0.0069183 0.0176166 0.0069241 0.0122078 0.0051658 0.0000000 0.0051702 0.0069285 0.0069171 0.0051638 0.0051758 0.0051790 0.0051606 0.0069183 0.0051702 0.0104130 0.0068874 0.0068814 0.0103727 0.0051758 0.0051630 0.0103880 0.0103655 0.0087766 0.0104243 0.0103831 0.0103903 0.0103987 0.0121608 0.0051536 0.0103655 0.0103640 0.0103746 0.0051716 0.0051608 0.0068742 0.0068967 0.0051536 0.0051652 0.0069729 0.0069220 0.0034759 
