86
EPI431338|HA|B/Hong_Kong/6/2013|EPI_ISL_137206|B                           0.0000000 0.0068549 0.0068899 0.0034251 0.0103598 0.0086070 0.0051677 0.0051506 0.0051557 0.0051673 0.0051621 0.0070280 0.0069240 0.0034249 0.0051431 0.0034240 0.0069025 0.0138242 0.0051449 0.0051591 0.0051512 0.0051702 0.0086103 0.0069314 0.0069227 0.0103723 0.0051786 0.0103749 0.0068938 0.0017092 0.0068764 0.0034240 0.0051495 0.0051541 0.0069157 0.0069049 0.0051650 0.0051465 0.0051706 0.0121551 0.0104069 0.0103760 0.0051642 0.0069084 0.0051650 0.0051535 0.0051595 0.0086191 0.0051650 0.0051620 0.0017100 0.0051442 0.0051442 0.0051565 0.0034271 0.0034380 0.0051701 0.0034349 0.0051517 0.0034410 0.0069218 0.0051546 0.0051795 0.0034380 0.0051650 0.0051502 0.0051575 0.0051480 0.0051447 0.0051427 0.0051541 0.0051442 0.0069176 0.0034380 0.0051582 0.0051738 0.0034361 0.0068597 0.0103495 0.0051724 0.0051851 0.0051564 0.0017098 0.0034240 0.0051390 0.0000010 
EPI431477|HA|B/SHIZUOKA/5/2013|EPI_ISL_137262|B                            0.0068549 0.0000000 0.0068860 0.0068520 0.0103540 0.0120494 0.0086154 0.0085852 0.0085955 0.0086148 0.0086063 0.0105400 0.0103869 0.0068518 0.0085727 0.0068498 0.0103544 0.0172779 0.0085756 0.0086010 0.0085864 0.0086198 0.0086054 0.0103979 0.0103849 0.0138282 0.0086331 0.0138315 0.0103412 0.0085850 0.0103150 0.0068498 0.0085836 0.0085911 0.0103743 0.0103586 0.0086108 0.0085783 0.0086201 0.0156261 0.0138747 0.0138332 0.0086098 0.0103635 0.0086108 0.0085901 0.0086018 0.0120666 0.0086108 0.0086060 0.0085889 0.0085745 0.0085745 0.0085968 0.0068560 0.0068780 0.0086191 0.0068716 0.0085872 0.0068836 0.0103836 0.0085937 0.0086348 0.0068779 0.0086110 0.0085845 0.0085986 0.0085810 0.0085753 0.0085719 0.0085911 0.0051413 0.0103771 0.0068780 0.0085998 0.0086253 0.0068743 0.0102896 0.0137977 0.0086231 0.0086444 0.0085967 0.0051307 0.0068498 0.0051362 0.0068549 
EPI431475|HA|B/FUKUOKA-C/1/2013|EPI_ISL_137261|B                           0.0068899 0.0068860 0.0000000 0.0068869 0.0069156 0.0121124 0.0086598 0.0086294 0.0086397 0.0086593 0.0086506 0.0105957 0.0104411 0.0068867 0.0086167 0.0068847 0.0104082 0.0173700 0.0086196 0.0086453 0.0086305 0.0086643 0.0069697 0.0104522 0.0104391 0.0139013 0.0086778 0.0139048 0.0103949 0.0086291 0.0103684 0.0068847 0.0086277 0.0086353 0.0104283 0.0104125 0.0086552 0.0086224 0.0086646 0.0157086 0.0139483 0.0139064 0.0086542 0.0104174 0.0086552 0.0086343 0.0086461 0.0121297 0.0086552 0.0086503 0.0086331 0.0086185 0.0086185 0.0086411 0.0068910 0.0069131 0.0086635 0.0069067 0.0086313 0.0069188 0.0104378 0.0086380 0.0086795 0.0069131 0.0086554 0.0086286 0.0086429 0.0086250 0.0086193 0.0086158 0.0086353 0.0051665 0.0104311 0.0069131 0.0069057 0.0086699 0.0069095 0.0103428 0.0138707 0.0086676 0.0086891 0.0086410 0.0051556 0.0068847 0.0017149 0.0068899 
EPI431489|HA|B/WAKAYAMA/32/2013|EPI_ISL_137268|B                           0.0034251 0.0068520 0.0068869 0.0000000 0.0103554 0.0086033 0.0051655 0.0017110 0.0051545 0.0051651 0.0051599 0.0070249 0.0069210 0.0034235 0.0051409 0.0034225 0.0068996 0.0138181 0.0051427 0.0051569 0.0051490 0.0051680 0.0086066 0.0069284 0.0069198 0.0103678 0.0051764 0.0103703 0.0068908 0.0051482 0.0068735 0.0034225 0.0051474 0.0051519 0.0069128 0.0069020 0.0051628 0.0051443 0.0051684 0.0121498 0.0104023 0.0103715 0.0051620 0.0069055 0.0051628 0.0051513 0.0051572 0.0086154 0.0051628 0.0051597 0.0051506 0.0051420 0.0051420 0.0051552 0.0034256 0.0034366 0.0051679 0.0034335 0.0051495 0.0034395 0.0069189 0.0051534 0.0051772 0.0034365 0.0051628 0.0051480 0.0051553 0.0051459 0.0051426 0.0051405 0.0051519 0.0051420 0.0069146 0.0034366 0.0051560 0.0051716 0.0034347 0.0068568 0.0103450 0.0051702 0.0051828 0.0017132 0.0017090 0.0034225 0.0051369 0.0034251 
EPI433127|HA|B/Chiang_Rai/15/2013|EPI_ISL_137519|B                         0.0103598 0.0103540 0.0069156 0.0103554 0.0000000 0.0156089 0.0121531 0.0121099 0.0121247 0.0121525 0.0121402 0.0141572 0.0139547 0.0103551 0.0120921 0.0103521 0.0139103 0.0174023 0.0120960 0.0121323 0.0121117 0.0121597 0.0104799 0.0139696 0.0139520 0.0174163 0.0121780 0.0174206 0.0138924 0.0121096 0.0138566 0.0103521 0.0121076 0.0121184 0.0139373 0.0139167 0.0121464 0.0121001 0.0121597 0.0192433 0.0174756 0.0174228 0.0085845 0.0139229 0.0121464 0.0121169 0.0121337 0.0156317 0.0121464 0.0121398 0.0121152 0.0120944 0.0120944 0.0121267 0.0103615 0.0103952 0.0121580 0.0103851 0.0104680 0.0104034 0.0139503 0.0121223 0.0121808 0.0103951 0.0121469 0.0121088 0.0121292 0.0121038 0.0120955 0.0120906 0.0121184 0.0086338 0.0139412 0.0103952 0.0103839 0.0121671 0.0103899 0.0103613 0.0157659 0.0121640 0.0121949 0.0121264 0.0086154 0.0103521 0.0051570 0.0103598 
EPI2187250|HA|B/Macau/610434/2013|EPI_ISL_15146494|B                       0.0086070 0.0120494 0.0121124 0.0086033 0.0156089 0.0000000 0.0103851 0.0103485 0.0103610 0.0103846 0.0103741 0.0123511 0.0121730 0.0086031 0.0103333 0.0086006 0.0121346 0.0120545 0.0103367 0.0103676 0.0103500 0.0103906 0.0138374 0.0121859 0.0121706 0.0017147 0.0104065 0.0017151 0.0121190 0.0103482 0.0120881 0.0086006 0.0103465 0.0103557 0.0121580 0.0121398 0.0103795 0.0103401 0.0103908 0.0068951 0.0051643 0.0069041 0.0103784 0.0121453 0.0103795 0.0103544 0.0103686 0.0034219 0.0103795 0.0103738 0.0103530 0.0103354 0.0103354 0.0103626 0.0086084 0.0086362 0.0103894 0.0086280 0.0103509 0.0086431 0.0121691 0.0103589 0.0104087 0.0086361 0.0103798 0.0103476 0.0103648 0.0103433 0.0103363 0.0103322 0.0103557 0.0103354 0.0121613 0.0086362 0.0103662 0.0103971 0.0086317 0.0120579 0.0017109 0.0103944 0.0104205 0.0103625 0.0068715 0.0086006 0.0103247 0.0086070 
EPI2186906|HA|B/Hanoi/ELI13169/2013|EPI_ISL_15146343|B                     0.0051677 0.0086154 0.0086598 0.0051655 0.0121531 0.0103851 0.0000000 0.0034357 0.0069133 0.0034474 0.0069220 0.0088325 0.0087030 0.0051653 0.0068950 0.0051638 0.0086757 0.0156385 0.0068973 0.0069178 0.0069060 0.0069329 0.0103890 0.0017177 0.0017156 0.0121677 0.0069439 0.0121706 0.0086647 0.0069049 0.0051599 0.0051638 0.0069037 0.0069099 0.0086925 0.0086790 0.0069258 0.0068995 0.0069333 0.0139684 0.0122086 0.0121720 0.0069248 0.0086833 0.0069258 0.0034376 0.0034422 0.0103998 0.0069258 0.0069218 0.0034371 0.0068964 0.0068964 0.0069144 0.0051685 0.0051853 0.0069325 0.0051804 0.0069067 0.0051896 0.0087002 0.0069119 0.0069451 0.0051852 0.0069259 0.0069045 0.0069159 0.0069017 0.0068971 0.0068944 0.0069099 0.0068964 0.0086948 0.0051853 0.0069168 0.0034518 0.0051824 0.0086214 0.0121408 0.0069357 0.0069527 0.0069143 0.0034381 0.0051638 0.0068894 0.0051677 
EPI566791|HA|B/Vietnam/13V_B-4/2013|EPI_ISL_173057|B                       0.0051506 0.0085852 0.0086294 0.0017110 0.0121099 0.0103485 0.0034357 0.0000000 0.0068892 0.0034354 0.0068978 0.0088019 0.0086723 0.0051482 0.0068710 0.0051468 0.0086452 0.0155826 0.0068733 0.0068937 0.0068819 0.0069086 0.0103524 0.0051832 0.0051767 0.0121244 0.0069195 0.0121274 0.0086342 0.0068808 0.0051430 0.0051468 0.0068796 0.0068857 0.0086618 0.0086484 0.0069015 0.0068755 0.0069090 0.0139182 0.0121650 0.0121287 0.0069006 0.0086527 0.0069015 0.0034257 0.0034303 0.0103631 0.0069015 0.0068976 0.0034252 0.0068724 0.0068724 0.0068903 0.0051514 0.0051670 0.0069082 0.0051622 0.0068826 0.0051714 0.0086695 0.0068878 0.0069207 0.0051670 0.0069016 0.0068804 0.0068917 0.0068776 0.0068731 0.0068704 0.0068857 0.0068724 0.0086641 0.0051670 0.0068926 0.0034397 0.0051642 0.0085912 0.0120977 0.0069114 0.0069283 0.0034347 0.0034262 0.0051468 0.0068655 0.0051506 
EPI445774|HA|B/AICHI/2/2013|EPI_ISL_140294|B                               0.0051557 0.0085955 0.0086397 0.0051545 0.0121247 0.0103610 0.0069133 0.0068892 0.0000000 0.0069129 0.0069060 0.0088126 0.0086827 0.0051543 0.0068791 0.0051528 0.0086556 0.0156018 0.0068814 0.0069018 0.0068901 0.0069168 0.0103649 0.0086920 0.0086811 0.0121392 0.0069277 0.0121421 0.0086446 0.0068890 0.0086226 0.0051528 0.0068878 0.0068939 0.0086722 0.0086588 0.0069097 0.0068836 0.0069172 0.0139354 0.0121799 0.0121435 0.0069088 0.0086631 0.0069097 0.0068931 0.0069024 0.0103756 0.0069097 0.0069058 0.0068921 0.0068805 0.0068805 0.0068984 0.0051565 0.0051732 0.0069164 0.0051684 0.0068907 0.0051775 0.0086800 0.0068959 0.0069290 0.0051731 0.0069098 0.0068886 0.0068999 0.0068858 0.0068812 0.0068785 0.0068939 0.0068805 0.0086745 0.0051732 0.0069008 0.0069214 0.0051703 0.0086015 0.0121124 0.0069196 0.0069366 0.0068984 0.0034302 0.0051528 0.0068736 0.0051557 
EPI566821|HA|B/Vietnam/13V_B-9/2013|EPI_ISL_173060|B                       0.0051673 0.0086148 0.0086593 0.0051651 0.0121525 0.0103846 0.0034474 0.0034354 0.0069129 0.0000000 0.0069216 0.0088320 0.0087025 0.0051649 0.0068945 0.0051634 0.0086752 0.0156380 0.0068969 0.0069174 0.0069056 0.0069324 0.0103885 0.0052012 0.0051946 0.0121671 0.0069434 0.0121701 0.0086642 0.0069045 0.0051595 0.0051634 0.0069033 0.0069094 0.0086919 0.0086785 0.0069253 0.0068991 0.0069328 0.0139678 0.0122080 0.0121715 0.0069244 0.0086828 0.0069253 0.0034374 0.0034420 0.0103993 0.0069253 0.0069213 0.0034369 0.0068960 0.0068960 0.0069140 0.0051681 0.0051849 0.0069320 0.0051801 0.0069062 0.0051893 0.0086997 0.0069115 0.0069447 0.0051848 0.0069254 0.0069041 0.0069154 0.0069012 0.0068967 0.0068939 0.0069094 0.0068960 0.0086943 0.0051849 0.0069163 0.0034515 0.0051820 0.0086209 0.0121402 0.0069352 0.0069522 0.0069139 0.0034378 0.0051634 0.0068890 0.0051673 
EPI873555|HA|B/Cambodia/X0117311/2013|EPI_ISL_240647|B                     0.0051621 0.0086063 0.0086506 0.0051599 0.0121402 0.0103741 0.0069220 0.0068978 0.0069060 0.0069216 0.0000000 0.0017407 0.0017140 0.0051597 0.0068877 0.0051583 0.0086665 0.0156220 0.0068900 0.0069105 0.0068987 0.0069255 0.0103780 0.0087030 0.0086921 0.0121547 0.0069365 0.0121577 0.0086555 0.0068976 0.0086335 0.0051583 0.0068964 0.0069025 0.0086832 0.0086698 0.0069184 0.0068922 0.0069259 0.0139535 0.0121956 0.0121591 0.0069175 0.0086741 0.0069184 0.0069017 0.0069111 0.0103888 0.0069184 0.0069144 0.0069008 0.0068891 0.0068891 0.0069071 0.0051630 0.0051797 0.0069251 0.0051749 0.0068993 0.0051841 0.0086910 0.0069046 0.0069377 0.0051796 0.0069185 0.0068972 0.0069085 0.0068944 0.0068898 0.0068871 0.0069025 0.0068891 0.0086855 0.0051797 0.0069094 0.0069301 0.0051769 0.0086123 0.0121279 0.0069283 0.0069453 0.0069070 0.0034344 0.0051583 0.0068822 0.0051621 
EPI873554|HA|B/Cambodia/X0117308/2013|EPI_ISL_240646|B                     0.0070280 0.0105400 0.0105957 0.0070249 0.0141572 0.0123511 0.0088325 0.0088019 0.0088126 0.0088320 0.0017407 0.0000000 0.0035012 0.0070247 0.0087887 0.0070227 0.0106155 0.0177047 0.0087917 0.0088184 0.0088031 0.0088372 0.0123559 0.0106612 0.0106476 0.0141743 0.0088513 0.0141778 0.0106017 0.0088016 0.0105742 0.0070227 0.0088001 0.0088081 0.0106364 0.0106199 0.0088287 0.0087946 0.0088375 0.0160163 0.0142230 0.0141795 0.0088277 0.0106251 0.0088287 0.0088070 0.0088192 0.0123691 0.0088287 0.0088236 0.0088057 0.0072300 0.0087905 0.0088140 0.0070292 0.0070523 0.0088364 0.0070456 0.0088039 0.0070583 0.0106462 0.0088108 0.0088531 0.0070523 0.0088289 0.0088011 0.0088159 0.0087974 0.0087914 0.0087878 0.0088081 0.0087905 0.0106393 0.0070523 0.0088171 0.0088431 0.0070485 0.0105475 0.0141425 0.0088407 0.0088633 0.0088139 0.0052609 0.0070227 0.0087814 0.0070280 
EPI873557|HA|B/Cambodia/X0314305/2013|EPI_ISL_240649|B                     0.0069240 0.0103869 0.0104411 0.0069210 0.0139547 0.0121730 0.0087030 0.0086723 0.0086827 0.0087025 0.0017140 0.0035012 0.0000000 0.0069208 0.0086595 0.0069188 0.0068912 0.0174575 0.0086624 0.0086883 0.0086735 0.0087075 0.0121776 0.0069200 0.0089923 0.0139713 0.0051699 0.0139748 0.0104469 0.0086720 0.0104201 0.0069188 0.0086705 0.0086783 0.0104806 0.0104646 0.0086984 0.0086652 0.0087078 0.0157884 0.0140187 0.0139764 0.0086973 0.0104696 0.0086984 0.0086772 0.0086891 0.0121905 0.0071653 0.0086934 0.0086760 0.0086613 0.0086613 0.0086841 0.0069251 0.0069475 0.0087068 0.0069410 0.0086742 0.0069532 0.0104901 0.0086809 0.0087229 0.0069474 0.0086986 0.0086715 0.0086859 0.0086679 0.0086621 0.0086586 0.0086783 0.0086613 0.0104835 0.0069475 0.0086871 0.0087132 0.0069438 0.0103942 0.0139404 0.0087109 0.0087326 0.0086840 0.0051814 0.0069188 0.0086524 0.0069240 
EPI460867|HA|B/SAPPORO/16/2013|EPI_ISL_143699|B                            0.0034249 0.0068518 0.0068867 0.0034235 0.0103551 0.0086031 0.0051653 0.0051482 0.0051543 0.0051649 0.0051597 0.0070247 0.0069208 0.0000000 0.0051407 0.0034224 0.0068993 0.0138179 0.0051425 0.0017126 0.0051489 0.0051678 0.0086063 0.0069282 0.0069195 0.0103676 0.0051762 0.0103701 0.0068906 0.0051481 0.0068732 0.0034224 0.0051472 0.0051517 0.0069125 0.0069017 0.0051626 0.0051441 0.0017164 0.0121496 0.0104021 0.0103713 0.0051618 0.0069052 0.0051626 0.0051511 0.0051571 0.0086152 0.0051626 0.0051595 0.0051504 0.0051418 0.0051418 0.0051550 0.0034255 0.0034364 0.0051677 0.0034333 0.0051493 0.0034394 0.0069186 0.0051532 0.0051771 0.0034364 0.0051626 0.0051478 0.0051551 0.0051457 0.0051424 0.0051403 0.0051517 0.0051418 0.0069144 0.0034364 0.0051558 0.0051714 0.0034345 0.0068566 0.0103448 0.0051700 0.0051826 0.0051550 0.0017090 0.0034224 0.0051367 0.0034249 
EPI461910|HA|B/Kutaisi/384/2013|EPI_ISL_143987|B                           0.0051431 0.0085727 0.0086167 0.0051409 0.0120921 0.0103333 0.0068950 0.0068710 0.0068791 0.0068945 0.0068877 0.0087887 0.0086595 0.0051407 0.0000000 0.0017076 0.0051626 0.0155597 0.0068633 0.0068836 0.0068719 0.0068984 0.0103372 0.0086687 0.0086579 0.0121065 0.0069093 0.0121095 0.0086215 0.0068708 0.0068876 0.0051393 0.0068696 0.0068756 0.0086490 0.0086357 0.0068914 0.0068654 0.0068988 0.0138976 0.0121471 0.0121109 0.0068905 0.0086400 0.0068914 0.0051610 0.0068841 0.0103479 0.0068914 0.0068874 0.0068739 0.0068624 0.0068624 0.0068802 0.0051439 0.0051593 0.0068980 0.0051546 0.0068725 0.0051637 0.0086567 0.0068777 0.0069106 0.0051593 0.0068915 0.0051576 0.0068816 0.0068675 0.0068631 0.0068603 0.0068756 0.0068624 0.0086514 0.0051593 0.0068825 0.0069030 0.0051565 0.0085787 0.0120799 0.0069012 0.0069181 0.0068801 0.0034211 0.0017076 0.0068554 0.0051431 
EPI461914|HA|B/Ozirgeti/542/2013|EPI_ISL_143989|B                          0.0034240 0.0068498 0.0068847 0.0034225 0.0103521 0.0086006 0.0051638 0.0051468 0.0051528 0.0051634 0.0051583 0.0070227 0.0069188 0.0034224 0.0017076 0.0000000 0.0034377 0.0138137 0.0051411 0.0051552 0.0051474 0.0051663 0.0086038 0.0069262 0.0069176 0.0103645 0.0051747 0.0103671 0.0068886 0.0051466 0.0051583 0.0034214 0.0051457 0.0051503 0.0069106 0.0068998 0.0051612 0.0051426 0.0051667 0.0121459 0.0103990 0.0103682 0.0051604 0.0069033 0.0051612 0.0034365 0.0051556 0.0086127 0.0051612 0.0051581 0.0051490 0.0051404 0.0051404 0.0051536 0.0034245 0.0034355 0.0051662 0.0034324 0.0051479 0.0034384 0.0069166 0.0051518 0.0051756 0.0034354 0.0051612 0.0034343 0.0051547 0.0051442 0.0051409 0.0051389 0.0051503 0.0051404 0.0069124 0.0034355 0.0051554 0.0051699 0.0034336 0.0068546 0.0103417 0.0051686 0.0051812 0.0051536 0.0017085 0.0000010 0.0051352 0.0034240 
EPI461926|HA|B/Tbilisi/524/2013|EPI_ISL_143995|B                           0.0069025 0.0103544 0.0104082 0.0068996 0.0139103 0.0121346 0.0086757 0.0086452 0.0086556 0.0086752 0.0086665 0.0106155 0.0068912 0.0068993 0.0051626 0.0034377 0.0000000 0.0174016 0.0086354 0.0086612 0.0086464 0.0086802 0.0121392 0.0068985 0.0089633 0.0139269 0.0051548 0.0139303 0.0104140 0.0086450 0.0086664 0.0068974 0.0086435 0.0086512 0.0104475 0.0104316 0.0086711 0.0086382 0.0086806 0.0157376 0.0139740 0.0139319 0.0086701 0.0104366 0.0086711 0.0069280 0.0086620 0.0121520 0.0071424 0.0086662 0.0086489 0.0086343 0.0086343 0.0086570 0.0069036 0.0069259 0.0086795 0.0069194 0.0086472 0.0069316 0.0104570 0.0086538 0.0086955 0.0069258 0.0086713 0.0069235 0.0086588 0.0086409 0.0086351 0.0086316 0.0086512 0.0086343 0.0104504 0.0069259 0.0086599 0.0086858 0.0069222 0.0103617 0.0138961 0.0086836 0.0087052 0.0086568 0.0051652 0.0034377 0.0086254 0.0069025 
EPI464807|HA|B/Laos/044/2013|EPI_ISL_144863|B                              0.0138242 0.0172779 0.0173700 0.0138181 0.0174023 0.0120545 0.0156385 0.0155826 0.0156018 0.0156380 0.0156220 0.0177047 0.0174575 0.0138179 0.0155597 0.0138137 0.0174016 0.0000000 0.0155645 0.0156114 0.0155851 0.0156475 0.0190982 0.0174761 0.0174540 0.0138341 0.0156701 0.0138375 0.0173792 0.0155822 0.0173343 0.0138137 0.0155797 0.0155936 0.0174353 0.0174106 0.0156296 0.0155698 0.0156468 0.0191129 0.0173580 0.0191420 0.0156287 0.0174176 0.0156296 0.0155915 0.0156135 0.0155277 0.0156296 0.0156215 0.0155895 0.0155625 0.0155625 0.0156045 0.0138264 0.0138719 0.0156443 0.0138581 0.0138717 0.0138825 0.0174520 0.0138827 0.0139501 0.0138719 0.0139110 0.0155810 0.0156077 0.0138612 0.0155637 0.0138459 0.0138782 0.0155625 0.0157159 0.0138719 0.0156099 0.0156563 0.0138651 0.0121132 0.0138036 0.0156523 0.0156920 0.0156041 0.0120721 0.0138137 0.0155460 0.0138242 
EPI465227|HA|B/KUMAMOTO/24/2013|EPI_ISL_144999|B                           0.0051449 0.0085756 0.0086196 0.0051427 0.0120960 0.0103367 0.0068973 0.0068733 0.0068814 0.0068969 0.0068900 0.0087917 0.0086624 0.0051425 0.0068633 0.0051411 0.0086354 0.0155645 0.0000000 0.0068859 0.0034182 0.0034314 0.0103406 0.0086716 0.0086608 0.0121104 0.0069117 0.0121134 0.0086244 0.0068731 0.0086026 0.0051411 0.0068719 0.0034201 0.0051624 0.0051551 0.0034280 0.0034151 0.0051346 0.0139020 0.0121510 0.0121148 0.0068928 0.0051568 0.0034280 0.0068772 0.0052016 0.0103513 0.0034280 0.0034260 0.0068762 0.0034136 0.0034136 0.0034224 0.0051457 0.0051612 0.0069004 0.0051564 0.0068748 0.0051655 0.0086597 0.0068800 0.0069129 0.0051611 0.0068939 0.0068727 0.0068840 0.0068699 0.0068654 0.0068627 0.0068780 0.0034136 0.0086543 0.0051612 0.0034235 0.0069054 0.0051584 0.0085815 0.0120838 0.0069036 0.0034411 0.0068824 0.0034224 0.0051411 0.0068578 0.0051449 
EPI465224|HA|B/SAPPORO/24/2013|EPI_ISL_144996|B                            0.0051591 0.0086010 0.0086453 0.0051569 0.0121323 0.0103676 0.0069178 0.0068937 0.0069018 0.0069174 0.0069105 0.0088184 0.0086883 0.0017126 0.0068836 0.0051552 0.0086612 0.0156114 0.0068859 0.0000000 0.0068946 0.0069213 0.0103715 0.0086976 0.0086867 0.0121469 0.0069323 0.0121498 0.0086501 0.0068935 0.0086282 0.0051552 0.0068923 0.0068984 0.0086778 0.0086644 0.0069143 0.0068881 0.0034474 0.0139442 0.0121877 0.0121512 0.0069133 0.0086687 0.0069143 0.0068976 0.0069069 0.0103823 0.0069143 0.0069103 0.0068966 0.0068850 0.0068850 0.0069029 0.0051599 0.0051766 0.0069209 0.0051718 0.0068952 0.0051810 0.0086856 0.0069004 0.0069335 0.0051766 0.0069143 0.0068931 0.0069044 0.0068902 0.0068857 0.0068830 0.0068984 0.0068850 0.0086802 0.0051766 0.0069053 0.0069259 0.0051738 0.0086070 0.0121201 0.0069241 0.0069411 0.0069028 0.0034325 0.0051552 0.0068780 0.0051591 
EPI465231|HA|B/AICHI/55/2013|EPI_ISL_145003|B                              0.0051512 0.0085864 0.0086305 0.0051490 0.0121117 0.0103500 0.0069060 0.0068819 0.0068901 0.0069056 0.0068987 0.0088031 0.0086735 0.0051489 0.0068719 0.0051474 0.0086464 0.0155851 0.0034182 0.0068946 0.0000000 0.0034356 0.0103539 0.0086827 0.0086719 0.0121262 0.0069204 0.0121292 0.0086354 0.0068817 0.0086135 0.0051474 0.0068805 0.0034244 0.0051689 0.0051606 0.0034323 0.0034193 0.0051410 0.0139204 0.0121669 0.0121306 0.0069015 0.0051633 0.0034323 0.0068858 0.0052081 0.0068830 0.0034323 0.0034302 0.0068849 0.0034178 0.0034178 0.0034266 0.0051520 0.0051677 0.0069091 0.0051629 0.0068835 0.0051720 0.0086707 0.0068887 0.0069217 0.0051676 0.0069025 0.0068813 0.0068926 0.0068785 0.0068740 0.0068713 0.0068866 0.0034178 0.0086653 0.0051677 0.0034278 0.0069141 0.0051648 0.0085924 0.0120995 0.0069123 0.0034454 0.0068911 0.0034266 0.0051474 0.0068664 0.0051512 
EPI465229|HA|B/ISHIKAWA/76/2013|EPI_ISL_145001|B                           0.0051702 0.0086198 0.0086643 0.0051680 0.0121597 0.0103906 0.0069329 0.0069086 0.0069168 0.0069324 0.0069255 0.0088372 0.0087075 0.0051678 0.0068984 0.0051663 0.0086802 0.0156475 0.0034314 0.0069213 0.0034356 0.0000000 0.0103945 0.0087168 0.0087059 0.0121743 0.0069474 0.0121773 0.0086691 0.0069084 0.0086471 0.0051663 0.0069072 0.0034375 0.0051890 0.0051807 0.0034455 0.0034324 0.0051598 0.0139762 0.0122153 0.0121787 0.0069283 0.0051834 0.0034455 0.0069125 0.0052285 0.0104054 0.0034455 0.0034434 0.0069115 0.0034309 0.0034309 0.0034397 0.0051710 0.0051878 0.0069360 0.0051830 0.0069101 0.0051922 0.0087048 0.0069154 0.0069486 0.0051877 0.0069293 0.0069080 0.0069193 0.0069051 0.0069006 0.0068978 0.0069133 0.0034309 0.0086993 0.0051878 0.0034409 0.0069410 0.0051850 0.0086258 0.0121474 0.0069392 0.0034586 0.0069178 0.0034397 0.0051663 0.0068929 0.0051702 
EPI465900|HA|B/Phuket/151/2013|EPI_ISL_145275|B                            0.0086103 0.0086054 0.0069697 0.0086066 0.0104799 0.0138374 0.0103890 0.0103524 0.0103649 0.0103885 0.0103780 0.0123559 0.0121776 0.0086063 0.0103372 0.0086038 0.0121392 0.0190982 0.0103406 0.0103715 0.0103539 0.0103945 0.0000000 0.0121906 0.0121753 0.0156333 0.0104104 0.0156371 0.0121237 0.0103521 0.0120927 0.0086038 0.0103504 0.0103596 0.0121626 0.0104199 0.0103835 0.0103440 0.0103947 0.0174475 0.0156852 0.0156390 0.0103824 0.0103937 0.0103835 0.0103583 0.0103725 0.0138575 0.0103835 0.0103777 0.0103569 0.0103393 0.0103393 0.0103666 0.0086116 0.0086394 0.0103934 0.0086312 0.0103548 0.0086464 0.0121738 0.0103628 0.0104127 0.0086394 0.0103838 0.0103515 0.0103687 0.0103472 0.0103402 0.0103361 0.0103596 0.0068885 0.0121660 0.0086394 0.0086565 0.0104011 0.0086350 0.0120625 0.0155990 0.0103984 0.0104244 0.0103664 0.0068740 0.0086038 0.0051977 0.0086103 
EPI465912|HA|B/Vietnam/3071/2013|EPI_ISL_145279|B                          0.0069314 0.0103979 0.0104522 0.0069284 0.0139696 0.0121859 0.0017177 0.0051832 0.0086920 0.0052012 0.0087030 0.0106612 0.0069200 0.0069282 0.0086687 0.0069262 0.0068985 0.0174761 0.0086716 0.0086976 0.0086827 0.0087168 0.0121906 0.0000000 0.0017843 0.0139863 0.0051755 0.0139897 0.0104581 0.0086813 0.0069210 0.0069262 0.0086798 0.0086875 0.0104918 0.0104758 0.0087077 0.0086744 0.0087172 0.0158054 0.0140338 0.0139914 0.0087066 0.0104808 0.0087077 0.0051862 0.0051933 0.0122035 0.0071732 0.0087027 0.0051855 0.0086705 0.0086705 0.0086934 0.0069325 0.0069549 0.0087161 0.0069484 0.0086835 0.0069607 0.0105014 0.0086902 0.0087322 0.0069548 0.0087079 0.0086807 0.0086952 0.0086771 0.0086713 0.0086678 0.0086875 0.0086705 0.0104947 0.0069549 0.0086964 0.0052077 0.0069512 0.0104052 0.0139553 0.0087202 0.0087420 0.0086932 0.0051869 0.0069262 0.0086616 0.0069314 
EPI465924|HA|B/Vietnam/3072/2013|EPI_ISL_145283|B                          0.0069227 0.0103849 0.0104391 0.0069198 0.0139520 0.0121706 0.0017156 0.0051767 0.0086811 0.0051946 0.0086921 0.0106476 0.0089923 0.0069195 0.0086579 0.0069176 0.0089633 0.0174540 0.0086608 0.0086867 0.0086719 0.0087059 0.0121753 0.0017843 0.0000000 0.0139686 0.0071832 0.0139721 0.0104449 0.0086704 0.0069124 0.0069176 0.0086689 0.0086767 0.0104786 0.0104626 0.0086968 0.0086636 0.0087062 0.0157853 0.0140160 0.0139737 0.0086957 0.0104676 0.0086968 0.0051797 0.0051867 0.0121881 0.0051712 0.0086918 0.0051790 0.0086597 0.0086597 0.0086825 0.0069238 0.0069462 0.0087052 0.0069397 0.0086726 0.0069520 0.0104882 0.0086793 0.0087213 0.0069462 0.0086969 0.0086699 0.0086843 0.0086663 0.0086605 0.0086570 0.0086767 0.0086597 0.0104815 0.0069462 0.0086855 0.0052012 0.0069425 0.0103922 0.0139377 0.0087093 0.0087310 0.0086824 0.0051804 0.0069176 0.0086508 0.0069227 
EPI465918|HA|B/Hong_Kong/74/2013|EPI_ISL_145281|B                          0.0103723 0.0138282 0.0139013 0.0103678 0.0174163 0.0017147 0.0121677 0.0121244 0.0121392 0.0121671 0.0121547 0.0141743 0.0139713 0.0103676 0.0121065 0.0103645 0.0139269 0.0138341 0.0121104 0.0121469 0.0121262 0.0121743 0.0156333 0.0139863 0.0139686 0.0000000 0.0121926 0.0034449 0.0139089 0.0121241 0.0138730 0.0103645 0.0121221 0.0121329 0.0139539 0.0139333 0.0121610 0.0121145 0.0121743 0.0086556 0.0069164 0.0086672 0.0121599 0.0139394 0.0121610 0.0121313 0.0121482 0.0051544 0.0121610 0.0121543 0.0121297 0.0121089 0.0121089 0.0121412 0.0103739 0.0104077 0.0121726 0.0103977 0.0121273 0.0104159 0.0139669 0.0121368 0.0121955 0.0104076 0.0121614 0.0121232 0.0121437 0.0121182 0.0121099 0.0121050 0.0121329 0.0121089 0.0139578 0.0104077 0.0121454 0.0121817 0.0104024 0.0138379 0.0034364 0.0121785 0.0122095 0.0121409 0.0086259 0.0103645 0.0120962 0.0103723 
EPI466151|HA|B/MALAYSIA/18/2013|EPI_ISL_145334|B                           0.0051786 0.0086331 0.0086778 0.0051764 0.0121780 0.0104065 0.0069439 0.0069195 0.0069277 0.0069434 0.0069365 0.0088513 0.0051699 0.0051762 0.0069093 0.0051747 0.0051548 0.0156701 0.0069117 0.0069323 0.0069204 0.0069474 0.0104104 0.0051755 0.0071832 0.0121926 0.0000000 0.0121956 0.0086827 0.0069193 0.0086605 0.0051747 0.0069181 0.0069243 0.0087106 0.0086971 0.0069402 0.0069139 0.0069478 0.0139970 0.0122337 0.0121970 0.0069393 0.0087014 0.0069402 0.0069234 0.0069328 0.0104213 0.0053667 0.0069362 0.0069225 0.0069108 0.0069108 0.0069288 0.0051795 0.0051962 0.0069470 0.0035049 0.0069210 0.0052006 0.0087184 0.0069263 0.0069597 0.0051962 0.0069403 0.0069189 0.0069303 0.0069160 0.0069115 0.0069087 0.0069243 0.0069108 0.0087129 0.0051962 0.0069312 0.0069520 0.0051934 0.0086392 0.0121657 0.0069502 0.0069673 0.0069288 0.0034454 0.0051747 0.0069038 0.0051786 
EPI467015|HA|B/Taiwan/12/2013|EPI_ISL_145553|B                             0.0103749 0.0138315 0.0139048 0.0103703 0.0174206 0.0017151 0.0121706 0.0121274 0.0121421 0.0121701 0.0121577 0.0141778 0.0139748 0.0103701 0.0121095 0.0103671 0.0139303 0.0138375 0.0121134 0.0121498 0.0121292 0.0121773 0.0156371 0.0139897 0.0139721 0.0034449 0.0121956 0.0000000 0.0139123 0.0121271 0.0138764 0.0103671 0.0121250 0.0121359 0.0139573 0.0139367 0.0121639 0.0121175 0.0121773 0.0086577 0.0069181 0.0086693 0.0121629 0.0139428 0.0121639 0.0121343 0.0121512 0.0051557 0.0121639 0.0121573 0.0121327 0.0121118 0.0121118 0.0121442 0.0103765 0.0104103 0.0121755 0.0104002 0.0121302 0.0104185 0.0139703 0.0121398 0.0121985 0.0104102 0.0121644 0.0121262 0.0121467 0.0121212 0.0121129 0.0121080 0.0121359 0.0121118 0.0139612 0.0104103 0.0121484 0.0121847 0.0104050 0.0138413 0.0034373 0.0121815 0.0122125 0.0121439 0.0086280 0.0103671 0.0120992 0.0103749 
EPI468054|HA|B/Jordan/30266/2013|EPI_ISL_145978|B                          0.0068938 0.0103412 0.0103949 0.0068908 0.0138924 0.0121190 0.0086647 0.0086342 0.0086446 0.0086642 0.0086555 0.0106017 0.0104469 0.0068906 0.0086215 0.0068886 0.0104140 0.0173792 0.0086244 0.0086501 0.0086354 0.0086691 0.0121237 0.0104581 0.0104449 0.0139089 0.0086827 0.0139123 0.0000000 0.0051559 0.0103742 0.0068886 0.0086325 0.0086402 0.0104341 0.0104183 0.0086601 0.0086272 0.0086695 0.0157171 0.0139560 0.0103891 0.0086590 0.0104232 0.0086601 0.0086391 0.0086509 0.0121364 0.0086601 0.0086552 0.0086379 0.0086233 0.0086233 0.0086459 0.0068949 0.0069171 0.0086684 0.0069106 0.0086362 0.0069227 0.0104436 0.0086428 0.0086844 0.0069170 0.0086603 0.0086335 0.0051675 0.0086299 0.0086242 0.0086207 0.0086402 0.0086233 0.0104370 0.0069171 0.0086489 0.0086748 0.0069134 0.0103485 0.0138782 0.0086725 0.0086940 0.0086458 0.0051586 0.0068886 0.0086145 0.0068938 
EPI468060|HA|B/Jordan/30306/2013|EPI_ISL_145981|B                          0.0017092 0.0085850 0.0086291 0.0051482 0.0121096 0.0103482 0.0069049 0.0068808 0.0068890 0.0069045 0.0068976 0.0088016 0.0086720 0.0051481 0.0068708 0.0051466 0.0086450 0.0155822 0.0068731 0.0068935 0.0068817 0.0069084 0.0103521 0.0086813 0.0086704 0.0121241 0.0069193 0.0121271 0.0051559 0.0000000 0.0086121 0.0051466 0.0068794 0.0068855 0.0086616 0.0086482 0.0069013 0.0068753 0.0069088 0.0139179 0.0121647 0.0086245 0.0069004 0.0086525 0.0069013 0.0068847 0.0068940 0.0103629 0.0069013 0.0068974 0.0034266 0.0068722 0.0068722 0.0068901 0.0051512 0.0051669 0.0069080 0.0051621 0.0068824 0.0051712 0.0086693 0.0068876 0.0069205 0.0051668 0.0069014 0.0068802 0.0068915 0.0068774 0.0068729 0.0068702 0.0068855 0.0068722 0.0086639 0.0051669 0.0068924 0.0069130 0.0051640 0.0085910 0.0120974 0.0069112 0.0069281 0.0068900 0.0034261 0.0051466 0.0068653 0.0017092 
EPI468522|HA|B/Taiwan/13/2013|EPI_ISL_146084|B                             0.0068764 0.0103150 0.0103684 0.0068735 0.0138566 0.0120881 0.0051599 0.0051430 0.0086226 0.0051595 0.0086335 0.0105742 0.0104201 0.0068732 0.0068876 0.0051583 0.0086664 0.0173343 0.0086026 0.0086282 0.0086135 0.0086471 0.0120927 0.0069210 0.0069124 0.0138730 0.0086605 0.0138764 0.0103742 0.0086121 0.0000000 0.0068713 0.0086106 0.0086183 0.0104074 0.0103916 0.0086381 0.0086054 0.0086474 0.0156771 0.0139199 0.0138781 0.0086370 0.0103965 0.0086381 0.0017085 0.0051528 0.0121053 0.0086381 0.0086332 0.0051452 0.0086015 0.0086015 0.0086240 0.0068775 0.0068996 0.0086464 0.0068931 0.0086143 0.0069052 0.0104168 0.0086209 0.0086622 0.0068995 0.0086383 0.0051470 0.0086258 0.0086080 0.0086023 0.0085989 0.0086183 0.0086015 0.0104102 0.0068996 0.0086269 0.0051660 0.0068959 0.0103222 0.0138425 0.0086504 0.0086718 0.0086239 0.0051466 0.0051583 0.0085927 0.0068764 
EPI477357|HA|B/Guangdong-Duanzhou/1160/2013|EPI_ISL_148706|B               0.0034240 0.0068498 0.0068847 0.0034225 0.0103521 0.0086006 0.0051638 0.0051468 0.0051528 0.0051634 0.0051583 0.0070227 0.0069188 0.0034224 0.0051393 0.0034214 0.0068974 0.0138137 0.0051411 0.0051552 0.0051474 0.0051663 0.0086038 0.0069262 0.0069176 0.0103645 0.0051747 0.0103671 0.0068886 0.0051466 0.0068713 0.0000000 0.0051457 0.0051503 0.0069106 0.0068998 0.0051612 0.0051426 0.0051667 0.0121459 0.0103990 0.0103682 0.0051604 0.0069033 0.0051612 0.0051497 0.0051556 0.0086127 0.0051612 0.0051581 0.0051490 0.0051404 0.0051404 0.0034444 0.0034245 0.0034355 0.0051662 0.0034324 0.0051479 0.0034384 0.0069166 0.0051518 0.0051756 0.0034354 0.0051612 0.0051464 0.0051547 0.0051442 0.0051409 0.0051389 0.0051503 0.0051404 0.0069124 0.0034355 0.0051554 0.0051699 0.0034336 0.0068546 0.0103417 0.0051686 0.0051812 0.0051536 0.0017085 0.0034214 0.0051352 0.0034240 
EPI486449|HA|B/Jiangsu-Qingpu/1256/2013|EPI_ISL_150187|B                   0.0051495 0.0085836 0.0086277 0.0051474 0.0121076 0.0103465 0.0069037 0.0068796 0.0068878 0.0069033 0.0068964 0.0088001 0.0086705 0.0051472 0.0068696 0.0051457 0.0086435 0.0155797 0.0068719 0.0068923 0.0068805 0.0069072 0.0103504 0.0086798 0.0086689 0.0121221 0.0069181 0.0121250 0.0086325 0.0068794 0.0086106 0.0051457 0.0000000 0.0051681 0.0086601 0.0086467 0.0069002 0.0068741 0.0069076 0.0104058 0.0121627 0.0121264 0.0034384 0.0086510 0.0069002 0.0068835 0.0068928 0.0103611 0.0069002 0.0068962 0.0068826 0.0068710 0.0068710 0.0068889 0.0051503 0.0051659 0.0069068 0.0051612 0.0068812 0.0051703 0.0086678 0.0068864 0.0069194 0.0051659 0.0069002 0.0068791 0.0068903 0.0068762 0.0068717 0.0068690 0.0068843 0.0068710 0.0086624 0.0051659 0.0068912 0.0069118 0.0051631 0.0085895 0.0120954 0.0069100 0.0069269 0.0068888 0.0034255 0.0051457 0.0068641 0.0051495 
EPI486455|HA|B/Bangladesh/8010/2013|EPI_ISL_150189|B                       0.0051541 0.0085911 0.0086353 0.0051519 0.0121184 0.0103557 0.0069099 0.0068857 0.0068939 0.0069094 0.0069025 0.0088081 0.0086783 0.0051517 0.0068756 0.0051503 0.0086512 0.0155936 0.0034201 0.0068984 0.0034244 0.0034375 0.0103596 0.0086875 0.0086767 0.0121329 0.0069243 0.0121359 0.0086402 0.0068855 0.0086183 0.0051503 0.0051681 0.0000000 0.0051718 0.0051635 0.0034342 0.0034212 0.0051438 0.0122024 0.0121736 0.0121373 0.0051840 0.0051662 0.0034342 0.0068896 0.0052111 0.0103703 0.0034342 0.0034321 0.0068887 0.0034197 0.0034197 0.0034285 0.0051549 0.0051706 0.0069129 0.0051658 0.0068873 0.0051749 0.0086755 0.0068925 0.0069255 0.0051705 0.0069064 0.0068851 0.0068964 0.0068823 0.0068778 0.0068751 0.0068904 0.0034197 0.0086701 0.0051706 0.0034297 0.0069179 0.0051677 0.0085971 0.0121062 0.0069161 0.0034473 0.0068949 0.0034285 0.0051503 0.0068701 0.0051541 
EPI491356|HA|B/PHILIPPINES/10/2013|EPI_ISL_151535|B                        0.0069157 0.0103743 0.0104283 0.0069128 0.0139373 0.0121580 0.0086925 0.0086618 0.0086722 0.0086919 0.0086832 0.0106364 0.0104806 0.0069125 0.0086490 0.0069106 0.0104475 0.0174353 0.0051624 0.0086778 0.0051689 0.0051890 0.0121626 0.0104918 0.0104786 0.0139539 0.0087106 0.0139573 0.0104341 0.0086616 0.0104074 0.0069106 0.0086601 0.0051718 0.0000000 0.0069298 0.0051838 0.0051640 0.0069019 0.0157684 0.0140012 0.0139590 0.0086868 0.0069333 0.0051838 0.0086668 0.0069920 0.0121754 0.0051838 0.0051807 0.0086655 0.0051617 0.0051617 0.0051752 0.0069168 0.0069392 0.0086962 0.0069327 0.0086638 0.0069449 0.0104773 0.0086705 0.0087123 0.0069391 0.0086880 0.0086610 0.0086754 0.0086574 0.0086517 0.0086482 0.0086678 0.0051617 0.0104706 0.0069392 0.0051770 0.0087026 0.0069355 0.0103815 0.0139230 0.0087003 0.0052039 0.0086735 0.0051752 0.0069106 0.0086419 0.0069157 
EPI492589|HA|B/Hong_Kong/223/2013|EPI_ISL_151771|B                         0.0069049 0.0103586 0.0104125 0.0069020 0.0139167 0.0121398 0.0086790 0.0086484 0.0086588 0.0086785 0.0086698 0.0106199 0.0104646 0.0069017 0.0086357 0.0068998 0.0104316 0.0174106 0.0051551 0.0086644 0.0051606 0.0051807 0.0104199 0.0104758 0.0104626 0.0139333 0.0086971 0.0139367 0.0104183 0.0086482 0.0103916 0.0068998 0.0086467 0.0051635 0.0069298 0.0000000 0.0051755 0.0051557 0.0068911 0.0157454 0.0139805 0.0139384 0.0086734 0.0051723 0.0051755 0.0086534 0.0069808 0.0121572 0.0051755 0.0051724 0.0086522 0.0051544 0.0051544 0.0051669 0.0069060 0.0069283 0.0086828 0.0069218 0.0086504 0.0069340 0.0104613 0.0086571 0.0086988 0.0069282 0.0086746 0.0086477 0.0086620 0.0086441 0.0086384 0.0086349 0.0086544 0.0051544 0.0104546 0.0069283 0.0051687 0.0086891 0.0069246 0.0103658 0.0139025 0.0086869 0.0051956 0.0086601 0.0051669 0.0068998 0.0086287 0.0069049 
EPI492881|HA|B/TOTTORI/37/2013|EPI_ISL_151859|B                            0.0051650 0.0086108 0.0086552 0.0051628 0.0121464 0.0103795 0.0069258 0.0069015 0.0069097 0.0069253 0.0069184 0.0088287 0.0086984 0.0051626 0.0068914 0.0051612 0.0086711 0.0156296 0.0034280 0.0069143 0.0034323 0.0034455 0.0103835 0.0087077 0.0086968 0.0121610 0.0069402 0.0121639 0.0086601 0.0069013 0.0086381 0.0051612 0.0069002 0.0034342 0.0051838 0.0051755 0.0000000 0.0034291 0.0051546 0.0139605 0.0122018 0.0121653 0.0069212 0.0051782 0.0034421 0.0069055 0.0052232 0.0103942 0.0034421 0.0034400 0.0069045 0.0034276 0.0034276 0.0034364 0.0051659 0.0051826 0.0069289 0.0051778 0.0069031 0.0051870 0.0086956 0.0069083 0.0069415 0.0051825 0.0069223 0.0069010 0.0069123 0.0068981 0.0068936 0.0068908 0.0069063 0.0034276 0.0086902 0.0051826 0.0034376 0.0069339 0.0051798 0.0086168 0.0121341 0.0034352 0.0034553 0.0069108 0.0034364 0.0051612 0.0068859 0.0051650 
EPI1399071|HA|B/Taiwan/80823/2013|EPI_ISL_348552|B                         0.0051465 0.0085783 0.0086224 0.0051443 0.0121001 0.0103401 0.0068995 0.0068755 0.0068836 0.0068991 0.0068922 0.0087946 0.0086652 0.0051441 0.0068654 0.0051426 0.0086382 0.0155698 0.0034151 0.0068881 0.0034193 0.0034324 0.0103440 0.0086744 0.0086636 0.0121145 0.0069139 0.0121175 0.0086272 0.0068753 0.0086054 0.0051426 0.0068741 0.0034212 0.0051640 0.0051557 0.0034291 0.0000000 0.0051362 0.0139068 0.0121551 0.0121188 0.0068950 0.0051585 0.0034291 0.0068794 0.0052032 0.0103547 0.0034291 0.0034270 0.0068784 0.0034146 0.0034146 0.0034234 0.0051473 0.0051628 0.0069026 0.0051580 0.0068770 0.0051672 0.0086625 0.0068822 0.0069151 0.0051627 0.0068960 0.0068749 0.0068861 0.0068721 0.0068676 0.0068648 0.0068802 0.0034146 0.0086571 0.0051628 0.0034246 0.0069076 0.0051600 0.0085843 0.0120878 0.0069058 0.0034422 0.0068846 0.0034234 0.0051426 0.0068599 0.0051465 
EPI497549|HA|B/SHIZUOKA/122/2013|EPI_ISL_152861|B                          0.0051706 0.0086201 0.0086646 0.0051684 0.0121597 0.0103908 0.0069333 0.0069090 0.0069172 0.0069328 0.0069259 0.0088375 0.0087078 0.0017164 0.0068988 0.0051667 0.0086806 0.0156468 0.0051346 0.0034474 0.0051410 0.0051598 0.0103947 0.0087172 0.0087062 0.0121743 0.0069478 0.0121773 0.0086695 0.0069088 0.0086474 0.0051667 0.0069076 0.0051438 0.0069019 0.0068911 0.0051546 0.0051362 0.0000000 0.0139759 0.0122152 0.0121787 0.0069287 0.0068946 0.0051546 0.0069129 0.0051771 0.0104056 0.0051546 0.0051526 0.0069119 0.0051340 0.0051340 0.0051472 0.0051715 0.0051882 0.0069364 0.0051834 0.0069105 0.0051926 0.0087051 0.0069158 0.0069490 0.0051882 0.0069297 0.0069084 0.0069197 0.0069055 0.0069010 0.0068982 0.0069137 0.0051340 0.0086996 0.0051882 0.0051489 0.0069414 0.0051854 0.0086261 0.0121474 0.0069396 0.0051746 0.0069182 0.0034401 0.0051667 0.0068933 0.0051706 
EPI498303|HA|B/Indonesia/Nihrds-0242/2013|EPI_ISL_153135|B                 0.0121551 0.0156261 0.0157086 0.0121498 0.0192433 0.0068951 0.0139684 0.0139182 0.0139354 0.0139678 0.0139535 0.0160163 0.0157884 0.0121496 0.0138976 0.0121459 0.0157376 0.0191129 0.0139020 0.0139442 0.0139204 0.0139762 0.0174475 0.0158054 0.0157853 0.0086556 0.0139970 0.0086577 0.0157171 0.0139179 0.0156771 0.0121459 0.0104058 0.0122024 0.0157684 0.0157454 0.0139605 0.0139068 0.0139759 0.0000000 0.0086844 0.0104476 0.0104381 0.0157520 0.0139605 0.0139263 0.0139459 0.0069047 0.0139605 0.0139530 0.0139244 0.0139003 0.0139003 0.0139378 0.0121571 0.0121970 0.0139738 0.0121849 0.0139216 0.0122064 0.0157834 0.0139327 0.0140005 0.0121969 0.0139612 0.0139169 0.0139407 0.0139111 0.0139014 0.0138957 0.0139281 0.0139003 0.0157728 0.0121970 0.0139426 0.0139845 0.0121909 0.0156371 0.0086364 0.0139809 0.0140170 0.0139375 0.0103974 0.0121459 0.0138855 0.0121551 
EPI498305|HA|B/Indonesia/Nihrdi-Mks1003/2013|EPI_ISL_153136|B              0.0104069 0.0138747 0.0139483 0.0104023 0.0174756 0.0051643 0.0122086 0.0121650 0.0121799 0.0122080 0.0121956 0.0142230 0.0140187 0.0104021 0.0121471 0.0103990 0.0139740 0.0173580 0.0121510 0.0121877 0.0121669 0.0122153 0.0156852 0.0140338 0.0140160 0.0069164 0.0122337 0.0069181 0.0139560 0.0121647 0.0139199 0.0103990 0.0121627 0.0121736 0.0140012 0.0139805 0.0122018 0.0121551 0.0122152 0.0086844 0.0000000 0.0086960 0.0122007 0.0139866 0.0122018 0.0121720 0.0121890 0.0051715 0.0122018 0.0121952 0.0121704 0.0121494 0.0121494 0.0121819 0.0104085 0.0104425 0.0122135 0.0104324 0.0121679 0.0104508 0.0140143 0.0121775 0.0122366 0.0104424 0.0122023 0.0121639 0.0121845 0.0121588 0.0121505 0.0121455 0.0121736 0.0121494 0.0140051 0.0104425 0.0121862 0.0122227 0.0104372 0.0138845 0.0069010 0.0122195 0.0122507 0.0121817 0.0086545 0.0103990 0.0121367 0.0104069 
EPI498325|HA|B/Indonesia/Nihrdi-Plk159/2013|EPI_ISL_153146|B               0.0103760 0.0138332 0.0139064 0.0103715 0.0174228 0.0069041 0.0121720 0.0121287 0.0121435 0.0121715 0.0121591 0.0141795 0.0139764 0.0103713 0.0121109 0.0103682 0.0139319 0.0191420 0.0121148 0.0121512 0.0121306 0.0121787 0.0156390 0.0139914 0.0139737 0.0086672 0.0121970 0.0086693 0.0103891 0.0086245 0.0138781 0.0103682 0.0121264 0.0121373 0.0139590 0.0139384 0.0121653 0.0121188 0.0121787 0.0104476 0.0086960 0.0000000 0.0121642 0.0139445 0.0121653 0.0121357 0.0121526 0.0069137 0.0121653 0.0121587 0.0121341 0.0121132 0.0121132 0.0121455 0.0103776 0.0104114 0.0121769 0.0104014 0.0121316 0.0104197 0.0139720 0.0121411 0.0121999 0.0104113 0.0121658 0.0121276 0.0121481 0.0121226 0.0121143 0.0121094 0.0121373 0.0121132 0.0139629 0.0104114 0.0121497 0.0121861 0.0104061 0.0138429 0.0086480 0.0121829 0.0122139 0.0121453 0.0086289 0.0103682 0.0121006 0.0103760 
