125
EPI401276|HA|B/Beijing-Chaoyang/1943/2012|EPI_ISL_131199|B                   0.0000000 0.0051723 0.0051963 0.0069389 0.0051786 0.0103719 0.0068937 0.0034450 0.0051590 0.0051367 0.0051584 0.0034305 0.0051820 0.0051919 0.0034450 0.0034312 0.0034314 0.0086221 0.0104119 0.0051477 0.0051578 0.0034293 0.0068786 0.0051584 0.0051608 0.0034547 0.0104546 0.0034401 0.0017201 0.0051680 0.0051786 0.0051430 0.0052027 0.0087037 0.0104405 0.0051856 0.0051684 0.0034446 0.0068629 0.0104241 0.0034240 0.0086600 0.0051914 0.0051460 0.0034314 0.0069250 0.0068982 0.0069265 0.0068945 0.0068795 0.0034288 0.0034314 0.0051484 0.0034288 0.0086632 0.0069101 0.0051834 0.0086710 0.0069269 0.0068813 0.0034235 0.0086382 0.0068881 0.0069036 0.0086559 0.0034440 0.0034277 0.0034375 0.0051871 0.0069148 0.0051482 0.0034314 0.0034379 0.0034387 0.0069461 0.0104472 0.0121901 0.0051608 0.0051924 0.0122694 0.0051750 0.0052027 0.0052027 0.0051770 0.0051835 0.0051690 0.0069833 0.0034324 0.0069056 0.0068884 0.0069477 0.0085993 0.0104965 0.0034288 0.0034277 0.0034501 0.0051634 0.0034392 0.0052035 0.0069304 0.0034330 0.0034401 0.0034294 0.0034401 0.0034274 0.0069053 0.0034373 0.0034472 0.0034254 0.0034440 0.0034293 0.0051430 0.0034341 0.0085926 0.0034309 0.0034421 0.0051673 0.0051656 0.0034387 0.0017112 0.0085908 0.0051775 0.0017112 0.0034312 0.0051723 
EPI406170|HA|B/GUNMA/19/2012|EPI_ISL_132211|B                                0.0051723 0.0000000 0.0069603 0.0087138 0.0069368 0.0121555 0.0086565 0.0051913 0.0034257 0.0068798 0.0069093 0.0051693 0.0069412 0.0069546 0.0051913 0.0051703 0.0051707 0.0103936 0.0122029 0.0068949 0.0069084 0.0051674 0.0086373 0.0069093 0.0069126 0.0052061 0.0122535 0.0051839 0.0034561 0.0069223 0.0069364 0.0068884 0.0069691 0.0104929 0.0122369 0.0069459 0.0069228 0.0051908 0.0086173 0.0122176 0.0051594 0.0034319 0.0069541 0.0068926 0.0051707 0.0086960 0.0017087 0.0086981 0.0086575 0.0086384 0.0051668 0.0051707 0.0068958 0.0051668 0.0051552 0.0017115 0.0034417 0.0034362 0.0017156 0.0086407 0.0051587 0.0034236 0.0086494 0.0086692 0.0104348 0.0051898 0.0051651 0.0034564 0.0017147 0.0017127 0.0068955 0.0051707 0.0051806 0.0051818 0.0087230 0.0105591 0.0123202 0.0069126 0.0069552 0.0124009 0.0052044 0.0069693 0.0069693 0.0069346 0.0069432 0.0069236 0.0087700 0.0051722 0.0086716 0.0086498 0.0087250 0.0103657 0.0123032 0.0051668 0.0051651 0.0069081 0.0069162 0.0051825 0.0069702 0.0017165 0.0051731 0.0051839 0.0051676 0.0051839 0.0051647 0.0086714 0.0051796 0.0051946 0.0051614 0.0051898 0.0051674 0.0068884 0.0051748 0.0087032 0.0051699 0.0051869 0.0069214 0.0069192 0.0051818 0.0034381 0.0103553 0.0069349 0.0034381 0.0051703 0.0000010 
EPI406957|HA|B/Bangkok/282/2012|EPI_ISL_132487|B                             0.0051963 0.0069603 0.0000000 0.0069872 0.0069690 0.0104438 0.0069413 0.0052154 0.0069422 0.0069115 0.0051939 0.0051932 0.0069735 0.0069870 0.0052154 0.0051943 0.0051947 0.0086817 0.0104843 0.0069267 0.0053308 0.0051914 0.0071047 0.0069412 0.0069446 0.0052304 0.0123102 0.0052080 0.0034723 0.0069544 0.0069687 0.0069202 0.0070016 0.0105416 0.0122935 0.0034541 0.0069549 0.0052149 0.0086569 0.0122740 0.0051832 0.0104880 0.0069865 0.0069244 0.0051947 0.0069731 0.0087022 0.0087384 0.0069421 0.0069269 0.0051907 0.0051947 0.0069276 0.0051907 0.0104918 0.0087175 0.0069754 0.0105014 0.0087390 0.0086805 0.0051826 0.0104612 0.0069356 0.0087093 0.0104830 0.0052139 0.0051890 0.0052040 0.0069805 0.0087235 0.0069273 0.0051947 0.0052046 0.0052059 0.0087636 0.0123014 0.0140600 0.0069446 0.0069876 0.0141526 0.0069638 0.0070018 0.0070018 0.0069668 0.0069755 0.0069557 0.0088110 0.0051962 0.0087117 0.0086897 0.0087656 0.0104133 0.0123603 0.0051907 0.0051890 0.0069400 0.0069482 0.0052066 0.0070027 0.0051933 0.0051971 0.0052080 0.0051916 0.0052080 0.0051886 0.0087115 0.0052037 0.0052188 0.0051853 0.0052139 0.0051914 0.0069202 0.0051988 0.0104050 0.0051938 0.0052110 0.0052030 0.0069512 0.0052059 0.0034541 0.0104028 0.0069671 0.0034541 0.0051943 0.0069603 
EPI408664|HA|B/Prachuapkhirikhan/78/2012|EPI_ISL_133081|B                    0.0069389 0.0087138 0.0069872 0.0000000 0.0087250 0.0069254 0.0034517 0.0069645 0.0086909 0.0086522 0.0017218 0.0069348 0.0087303 0.0087475 0.0069645 0.0069362 0.0069367 0.0051809 0.0069518 0.0086714 0.0034762 0.0069323 0.0052160 0.0086898 0.0086940 0.0069847 0.0140912 0.0069545 0.0052162 0.0087062 0.0087241 0.0086632 0.0087656 0.0123181 0.0140721 0.0069727 0.0087070 0.0052170 0.0104037 0.0140497 0.0069213 0.0122551 0.0087470 0.0086684 0.0069367 0.0034674 0.0104587 0.0105026 0.0034521 0.0034447 0.0069314 0.0069367 0.0086726 0.0069314 0.0087523 0.0104773 0.0087329 0.0122708 0.0105032 0.0104323 0.0069204 0.0087268 0.0034489 0.0104674 0.0122492 0.0069626 0.0069291 0.0069493 0.0087392 0.0104845 0.0086721 0.0069367 0.0069502 0.0069518 0.0068936 0.0140812 0.0158441 0.0086940 0.0051534 0.0159486 0.0087182 0.0087661 0.0087661 0.0087221 0.0087329 0.0087081 0.0105902 0.0069388 0.0104703 0.0104436 0.0105355 0.0121668 0.0141492 0.0069314 0.0069291 0.0086882 0.0086986 0.0069529 0.0087670 0.0087368 0.0069400 0.0069545 0.0069326 0.0069545 0.0069286 0.0104700 0.0069488 0.0069689 0.0069241 0.0069626 0.0069323 0.0086632 0.0069423 0.0121571 0.0069356 0.0069588 0.0051781 0.0087024 0.0069518 0.0051889 0.0121545 0.0087222 0.0051889 0.0069362 0.0087138 
EPI408678|HA|B/Bangladesh/8007/2012|EPI_ISL_133088|B                         0.0051786 0.0069368 0.0069690 0.0087250 0.0000000 0.0121717 0.0086676 0.0051976 0.0069188 0.0068884 0.0069179 0.0051756 0.0069499 0.0069634 0.0051976 0.0051766 0.0051770 0.0104071 0.0122193 0.0069034 0.0069170 0.0051737 0.0086483 0.0069179 0.0069212 0.0052125 0.0122700 0.0051902 0.0034602 0.0069309 0.0069451 0.0068970 0.0069778 0.0105067 0.0122533 0.0069546 0.0069315 0.0051971 0.0086282 0.0122340 0.0051656 0.0104534 0.0069629 0.0069011 0.0051770 0.0087072 0.0086732 0.0087092 0.0086685 0.0086494 0.0051730 0.0051770 0.0069044 0.0051730 0.0104572 0.0086884 0.0069518 0.0104668 0.0087098 0.0086517 0.0051649 0.0104268 0.0086604 0.0086803 0.0104484 0.0051961 0.0051713 0.0051863 0.0069569 0.0086944 0.0069040 0.0051770 0.0051869 0.0051881 0.0087342 0.0122612 0.0140158 0.0069212 0.0069639 0.0141067 0.0069403 0.0069780 0.0069780 0.0069433 0.0069519 0.0069323 0.0087813 0.0051785 0.0086827 0.0051334 0.0087362 0.0103791 0.0123198 0.0051730 0.0051713 0.0069167 0.0069248 0.0051889 0.0069789 0.0087141 0.0051794 0.0051902 0.0051739 0.0051902 0.0051709 0.0086824 0.0051859 0.0052010 0.0051677 0.0051961 0.0051737 0.0068970 0.0051811 0.0103709 0.0051762 0.0051932 0.0069300 0.0069278 0.0051881 0.0034422 0.0103687 0.0069436 0.0034422 0.0051766 0.0069368 
EPI413192|HA|B/Laos/I612/2012|EPI_ISL_133550|B                               0.0103719 0.0121555 0.0104438 0.0069254 0.0121717 0.0000000 0.0068804 0.0104099 0.0121240 0.0120695 0.0051484 0.0103656 0.0121784 0.0122026 0.0104099 0.0086521 0.0103684 0.0017097 0.0034408 0.0120968 0.0069294 0.0103619 0.0086637 0.0121224 0.0121286 0.0104405 0.0139939 0.0103950 0.0086632 0.0121443 0.0121692 0.0120851 0.0122276 0.0122324 0.0139751 0.0104223 0.0121456 0.0104098 0.0138209 0.0139531 0.0103450 0.0156988 0.0122024 0.0120924 0.0103684 0.0069116 0.0138944 0.0139530 0.0068811 0.0068662 0.0103604 0.0103684 0.0120982 0.0103604 0.0122096 0.0139194 0.0121822 0.0157188 0.0139538 0.0138591 0.0103436 0.0121739 0.0034257 0.0139064 0.0121643 0.0104075 0.0103569 0.0103874 0.0121911 0.0139289 0.0120975 0.0103684 0.0103888 0.0103912 0.0122620 0.0139840 0.0157336 0.0121285 0.0104756 0.0158365 0.0121612 0.0122290 0.0122290 0.0121673 0.0121819 0.0121473 0.0140687 0.0103715 0.0139101 0.0138745 0.0139970 0.0155850 0.0140498 0.0103604 0.0103569 0.0121203 0.0121339 0.0103930 0.0122295 0.0121876 0.0103734 0.0103950 0.0103621 0.0103950 0.0103563 0.0139099 0.0103865 0.0104164 0.0103494 0.0104075 0.0103619 0.0120851 0.0103772 0.0155726 0.0103668 0.0104019 0.0086003 0.0121395 0.0103912 0.0086186 0.0155692 0.0121666 0.0086186 0.0086521 0.0121555 
EPI413196|HA|B/Laos/O020/2012|EPI_ISL_133554|B                               0.0068937 0.0086565 0.0069413 0.0034517 0.0086676 0.0068804 0.0000000 0.0069189 0.0086339 0.0085957 0.0017107 0.0068896 0.0086728 0.0086897 0.0069189 0.0068910 0.0068915 0.0051474 0.0069064 0.0086147 0.0034537 0.0068872 0.0051821 0.0086327 0.0086369 0.0069388 0.0139973 0.0069091 0.0051822 0.0086490 0.0086667 0.0086066 0.0087076 0.0122356 0.0139785 0.0069270 0.0086497 0.0069185 0.0103353 0.0139566 0.0068763 0.0121733 0.0086892 0.0086117 0.0068915 0.0034450 0.0103895 0.0104329 0.0034299 0.0034225 0.0068862 0.0068915 0.0086158 0.0068862 0.0086944 0.0104079 0.0086753 0.0121888 0.0104335 0.0103635 0.0068754 0.0086693 0.0034267 0.0103981 0.0121674 0.0069171 0.0068840 0.0069039 0.0086816 0.0104150 0.0086153 0.0068915 0.0069048 0.0069064 0.0104629 0.0139875 0.0157374 0.0086369 0.0086904 0.0158404 0.0086608 0.0087081 0.0087081 0.0086647 0.0086753 0.0086508 0.0105194 0.0068935 0.0104010 0.0103746 0.0104654 0.0120873 0.0140533 0.0068862 0.0068840 0.0086312 0.0086414 0.0069075 0.0087090 0.0086792 0.0051924 0.0069091 0.0068874 0.0069091 0.0068835 0.0104007 0.0069034 0.0069233 0.0068791 0.0069171 0.0068872 0.0086066 0.0068971 0.0120778 0.0068904 0.0069133 0.0051447 0.0086453 0.0069064 0.0051553 0.0120752 0.0086648 0.0051553 0.0068910 0.0086565 
EPI413200|HA|B/OKINAWA/38/2012|EPI_ISL_133558|B                              0.0034450 0.0051913 0.0052154 0.0069645 0.0051976 0.0104099 0.0069189 0.0000000 0.0051779 0.0051554 0.0051772 0.0034430 0.0052010 0.0052110 0.0034576 0.0034437 0.0034439 0.0086536 0.0104502 0.0051665 0.0051766 0.0034418 0.0069037 0.0051772 0.0051796 0.0034674 0.0104932 0.0034527 0.0017264 0.0051869 0.0051976 0.0051617 0.0052219 0.0087359 0.0104790 0.0052046 0.0051873 0.0034572 0.0068879 0.0104625 0.0034365 0.0086918 0.0052105 0.0051648 0.0034439 0.0069505 0.0069234 0.0069519 0.0069197 0.0069046 0.0034414 0.0034439 0.0051672 0.0034414 0.0086950 0.0069354 0.0052024 0.0087029 0.0069524 0.0069064 0.0034360 0.0086699 0.0069132 0.0069289 0.0086877 0.0034566 0.0034402 0.0034501 0.0052062 0.0069402 0.0051670 0.0034439 0.0034505 0.0034513 0.0069717 0.0104857 0.0122351 0.0051797 0.0052115 0.0123149 0.0051939 0.0052219 0.0052219 0.0051960 0.0052025 0.0051879 0.0070092 0.0034450 0.0069309 0.0069135 0.0069733 0.0086307 0.0105354 0.0034414 0.0034402 0.0051763 0.0051823 0.0034518 0.0052227 0.0069559 0.0034455 0.0034527 0.0034419 0.0034527 0.0034399 0.0069306 0.0034499 0.0034599 0.0034378 0.0034566 0.0034418 0.0051617 0.0034466 0.0086240 0.0034434 0.0034547 0.0051862 0.0051845 0.0034513 0.0017175 0.0086221 0.0051964 0.0017175 0.0034437 0.0051913 
EPI413204|HA|B/Laos/I418/2012|EPI_ISL_133562|B                               0.0051590 0.0034257 0.0069422 0.0086909 0.0069188 0.0121240 0.0086339 0.0051779 0.0000000 0.0068621 0.0068914 0.0051560 0.0069232 0.0069365 0.0051779 0.0051571 0.0051574 0.0103661 0.0121701 0.0068770 0.0068905 0.0051542 0.0086147 0.0068914 0.0068947 0.0051926 0.0122205 0.0051706 0.0034473 0.0069043 0.0069184 0.0068707 0.0069509 0.0104649 0.0122040 0.0069278 0.0069049 0.0051774 0.0085948 0.0121847 0.0051462 0.0068822 0.0069360 0.0068747 0.0051574 0.0086732 0.0051398 0.0086752 0.0086348 0.0086158 0.0051535 0.0051574 0.0068780 0.0051535 0.0086144 0.0051485 0.0034329 0.0068909 0.0051610 0.0086181 0.0051455 0.0068652 0.0086267 0.0086465 0.0104071 0.0051764 0.0051518 0.0034476 0.0051584 0.0051521 0.0068776 0.0051574 0.0051673 0.0051685 0.0087000 0.0122118 0.0139588 0.0068947 0.0069371 0.0140487 0.0051910 0.0069511 0.0069511 0.0069166 0.0069251 0.0069057 0.0087468 0.0051589 0.0086489 0.0086272 0.0087020 0.0103383 0.0122699 0.0051535 0.0051518 0.0068902 0.0068982 0.0051692 0.0069520 0.0051635 0.0051598 0.0051706 0.0051544 0.0051706 0.0051514 0.0086486 0.0051663 0.0051812 0.0051482 0.0051764 0.0051542 0.0068707 0.0051615 0.0103302 0.0051566 0.0051736 0.0069034 0.0069012 0.0051685 0.0034294 0.0103280 0.0069169 0.0034294 0.0051571 0.0034257 
EPI413203|HA|B/NAGANO/3470/2012|EPI_ISL_133561|B                             0.0051367 0.0068798 0.0069115 0.0086522 0.0068884 0.0120695 0.0085957 0.0051554 0.0068621 0.0000000 0.0068612 0.0051337 0.0068927 0.0069059 0.0051554 0.0051347 0.0051351 0.0103198 0.0121161 0.0034215 0.0068604 0.0051319 0.0051435 0.0068612 0.0068644 0.0051700 0.0121649 0.0051481 0.0034324 0.0068740 0.0068880 0.0068407 0.0069202 0.0104178 0.0121485 0.0068973 0.0068746 0.0051549 0.0085570 0.0121305 0.0051239 0.0103654 0.0069054 0.0068447 0.0051351 0.0086346 0.0086013 0.0086367 0.0085967 0.0085778 0.0051312 0.0051351 0.0068479 0.0051312 0.0103691 0.0086162 0.0068946 0.0103785 0.0086372 0.0085801 0.0051232 0.0103392 0.0085886 0.0086082 0.0103605 0.0051539 0.0051295 0.0051442 0.0068996 0.0086221 0.0068476 0.0051351 0.0051448 0.0051460 0.0086612 0.0121563 0.0104172 0.0068645 0.0069065 0.0139852 0.0068833 0.0069204 0.0069204 0.0068862 0.0068947 0.0068754 0.0087076 0.0051366 0.0086105 0.0017156 0.0086632 0.0034274 0.0122139 0.0035803 0.0051295 0.0068600 0.0068680 0.0051468 0.0069213 0.0086415 0.0051374 0.0051481 0.0051320 0.0051481 0.0051291 0.0086103 0.0051439 0.0051587 0.0051260 0.0051539 0.0051319 0.0068407 0.0051391 0.0102842 0.0051343 0.0051511 0.0068732 0.0068710 0.0051460 0.0034147 0.0102820 0.0068865 0.0034147 0.0051347 0.0068798 
EPI417330|HA|B/BANGKOK/29/2012|EPI_ISL_134483|B                              0.0051584 0.0069093 0.0051939 0.0017218 0.0069179 0.0051484 0.0017107 0.0051772 0.0068914 0.0068612 0.0000000 0.0051553 0.0069222 0.0069356 0.0051772 0.0051564 0.0051567 0.0034237 0.0051677 0.0068761 0.0017228 0.0051535 0.0034467 0.0068905 0.0068937 0.0051919 0.0122189 0.0051699 0.0034468 0.0069034 0.0069175 0.0068698 0.0069500 0.0104636 0.0122024 0.0051832 0.0069039 0.0051767 0.0085937 0.0121832 0.0051455 0.0104107 0.0069351 0.0068738 0.0051567 0.0017185 0.0086384 0.0086741 0.0017109 0.0017073 0.0051528 0.0051567 0.0068771 0.0051528 0.0069393 0.0086534 0.0069242 0.0104239 0.0086746 0.0086170 0.0051448 0.0069193 0.0017094 0.0086453 0.0104057 0.0051757 0.0051512 0.0051660 0.0069292 0.0086594 0.0068767 0.0051567 0.0051666 0.0051678 0.0086988 0.0122102 0.0139570 0.0068938 0.0069362 0.0140469 0.0069128 0.0069502 0.0069502 0.0069157 0.0069242 0.0069048 0.0087456 0.0051583 0.0086477 0.0086260 0.0087009 0.0103370 0.0122683 0.0051528 0.0051512 0.0068893 0.0068973 0.0051685 0.0069510 0.0069272 0.0051591 0.0051699 0.0051537 0.0051699 0.0051508 0.0086475 0.0051656 0.0051805 0.0051476 0.0051757 0.0051535 0.0068698 0.0051608 0.0103289 0.0051559 0.0051729 0.0034219 0.0069003 0.0051678 0.0034290 0.0103266 0.0069160 0.0034290 0.0051564 0.0069093 
EPI417749|HA|B/Jordan/30014/2012|EPI_ISL_134619|B                            0.0034305 0.0051693 0.0051932 0.0069348 0.0051756 0.0103656 0.0068896 0.0034430 0.0051560 0.0051337 0.0051553 0.0000000 0.0051790 0.0051889 0.0034430 0.0034292 0.0034294 0.0086169 0.0104056 0.0051447 0.0051547 0.0034273 0.0068745 0.0051553 0.0051577 0.0034527 0.0104482 0.0034381 0.0017192 0.0051650 0.0051755 0.0051400 0.0051996 0.0086985 0.0104341 0.0051825 0.0017127 0.0034426 0.0068588 0.0104177 0.0034220 0.0086548 0.0051884 0.0051430 0.0034294 0.0069209 0.0068941 0.0069224 0.0068904 0.0068754 0.0034269 0.0034294 0.0051454 0.0034269 0.0086580 0.0069060 0.0051803 0.0086657 0.0069228 0.0068772 0.0034216 0.0086331 0.0068840 0.0068995 0.0086507 0.0034419 0.0034257 0.0034355 0.0051841 0.0069107 0.0051452 0.0034294 0.0034359 0.0034367 0.0069420 0.0104408 0.0121826 0.0051578 0.0051893 0.0122617 0.0051719 0.0051996 0.0051996 0.0051740 0.0051804 0.0051659 0.0069791 0.0034304 0.0069014 0.0068843 0.0069436 0.0085942 0.0104900 0.0034269 0.0034257 0.0051544 0.0051604 0.0034372 0.0052004 0.0069263 0.0034310 0.0034381 0.0034274 0.0034381 0.0034255 0.0069012 0.0034353 0.0034452 0.0034234 0.0034419 0.0034273 0.0051400 0.0034321 0.0085875 0.0034289 0.0034400 0.0051643 0.0051626 0.0034367 0.0017103 0.0085856 0.0051744 0.0017103 0.0034292 0.0051693 
EPI422687|HA|B/Jiangsu-Hailing/1740/2012|EPI_ISL_135847|B                    0.0051820 0.0069412 0.0069735 0.0087303 0.0069499 0.0121784 0.0086728 0.0052010 0.0069232 0.0068927 0.0069222 0.0051790 0.0000000 0.0069678 0.0052010 0.0051800 0.0051804 0.0104131 0.0122260 0.0069078 0.0069214 0.0051771 0.0086535 0.0069222 0.0052062 0.0052159 0.0122767 0.0051936 0.0034626 0.0051939 0.0069495 0.0069013 0.0069823 0.0105128 0.0104940 0.0069590 0.0069358 0.0052005 0.0086334 0.0122407 0.0051690 0.0104594 0.0069673 0.0069055 0.0051804 0.0087124 0.0086785 0.0087145 0.0086738 0.0086546 0.0051765 0.0051804 0.0069087 0.0051765 0.0104632 0.0086937 0.0069562 0.0087150 0.0087151 0.0051712 0.0051683 0.0104328 0.0086656 0.0086855 0.0104545 0.0051996 0.0034447 0.0051897 0.0069613 0.0086997 0.0069084 0.0051804 0.0051903 0.0051915 0.0087395 0.0122680 0.0140230 0.0069256 0.0069684 0.0141141 0.0069447 0.0069825 0.0069825 0.0069477 0.0069563 0.0069367 0.0087867 0.0051819 0.0086879 0.0086660 0.0069829 0.0103851 0.0123266 0.0051765 0.0051748 0.0069210 0.0069292 0.0051923 0.0069834 0.0087194 0.0051828 0.0051936 0.0051773 0.0051936 0.0051744 0.0086877 0.0051894 0.0052044 0.0051711 0.0051996 0.0051771 0.0069013 0.0051845 0.0103769 0.0051796 0.0051967 0.0069344 0.0069322 0.0051915 0.0034446 0.0086341 0.0069480 0.0034446 0.0051800 0.0069412 
EPI422700|HA|B/Pakistan/1009/2012|EPI_ISL_135851|B                           0.0051919 0.0069546 0.0069870 0.0087475 0.0069634 0.0122026 0.0086897 0.0052110 0.0069365 0.0069059 0.0069356 0.0051889 0.0069678 0.0000000 0.0052110 0.0051899 0.0051903 0.0104336 0.0122504 0.0069211 0.0069348 0.0051870 0.0086703 0.0069356 0.0069389 0.0052259 0.0123013 0.0052036 0.0034692 0.0069487 0.0069630 0.0069146 0.0069959 0.0105337 0.0122847 0.0069725 0.0069493 0.0052105 0.0086502 0.0122652 0.0051789 0.0104801 0.0069808 0.0069188 0.0051903 0.0087295 0.0086954 0.0087316 0.0051881 0.0086714 0.0051863 0.0051903 0.0034436 0.0051863 0.0104839 0.0087107 0.0069697 0.0104935 0.0087322 0.0086738 0.0051782 0.0104534 0.0086825 0.0087025 0.0104751 0.0052095 0.0051846 0.0051996 0.0069748 0.0087167 0.0069217 0.0051903 0.0052002 0.0052015 0.0087567 0.0122926 0.0140503 0.0069389 0.0069819 0.0141429 0.0069582 0.0069961 0.0069961 0.0069612 0.0069698 0.0069501 0.0088041 0.0051918 0.0087049 0.0086829 0.0087587 0.0104055 0.0123514 0.0051863 0.0051846 0.0069344 0.0069425 0.0052022 0.0069970 0.0087365 0.0051927 0.0052036 0.0051872 0.0052036 0.0051842 0.0087047 0.0051993 0.0052144 0.0051810 0.0052095 0.0051870 0.0069146 0.0051944 0.0103973 0.0051895 0.0052066 0.0069478 0.0069456 0.0052015 0.0034511 0.0103950 0.0069615 0.0034511 0.0051899 0.0069546 
EPI422690|HA|B/Jiangsu-Tianning/1502/2012|EPI_ISL_135848|B                   0.0034450 0.0051913 0.0052154 0.0069645 0.0051976 0.0104099 0.0069189 0.0034576 0.0051779 0.0051554 0.0051772 0.0034430 0.0052010 0.0052110 0.0000000 0.0034437 0.0034439 0.0086536 0.0104502 0.0051665 0.0051766 0.0034418 0.0069037 0.0051772 0.0051796 0.0034674 0.0104932 0.0034527 0.0017264 0.0051869 0.0051976 0.0051617 0.0052219 0.0087359 0.0104790 0.0052046 0.0034402 0.0034572 0.0068879 0.0104625 0.0034365 0.0086918 0.0052105 0.0051648 0.0034439 0.0069505 0.0069234 0.0069519 0.0069197 0.0069046 0.0034414 0.0034439 0.0051672 0.0034414 0.0086950 0.0069354 0.0052024 0.0087029 0.0051874 0.0069064 0.0034360 0.0086699 0.0069132 0.0069289 0.0086877 0.0034566 0.0034402 0.0034501 0.0052062 0.0069402 0.0051670 0.0034439 0.0034505 0.0034513 0.0069717 0.0104857 0.0122351 0.0051797 0.0052115 0.0086780 0.0051939 0.0052219 0.0052219 0.0051960 0.0052025 0.0051879 0.0034572 0.0034450 0.0069309 0.0069135 0.0069733 0.0086307 0.0105354 0.0034414 0.0034402 0.0051763 0.0051823 0.0034518 0.0052227 0.0069559 0.0034455 0.0034527 0.0034419 0.0034527 0.0034399 0.0069306 0.0034499 0.0034599 0.0017647 0.0034566 0.0034418 0.0051617 0.0034466 0.0086240 0.0034434 0.0034547 0.0051862 0.0051845 0.0034513 0.0017175 0.0086221 0.0017091 0.0017175 0.0034437 0.0051913 
EPI431334|HA|B/Hong_Kong/3608/2012|EPI_ISL_137204|B                          0.0034312 0.0051703 0.0051943 0.0069362 0.0051766 0.0086521 0.0068910 0.0034437 0.0051571 0.0051347 0.0051564 0.0034292 0.0051800 0.0051899 0.0034437 0.0000000 0.0034301 0.0069044 0.0086853 0.0051457 0.0051558 0.0034280 0.0068759 0.0051564 0.0051588 0.0034534 0.0087207 0.0034388 0.0017195 0.0051660 0.0051766 0.0051410 0.0052007 0.0069696 0.0087089 0.0051836 0.0051664 0.0034433 0.0068602 0.0086952 0.0034227 0.0086564 0.0051894 0.0051440 0.0034301 0.0069223 0.0068955 0.0069237 0.0068918 0.0068767 0.0034276 0.0034301 0.0051464 0.0034276 0.0086597 0.0069073 0.0051814 0.0086674 0.0069242 0.0068786 0.0034223 0.0086347 0.0051709 0.0069009 0.0069314 0.0034427 0.0034264 0.0034362 0.0051851 0.0069121 0.0051462 0.0034301 0.0034366 0.0034374 0.0034559 0.0087145 0.0104596 0.0051588 0.0017222 0.0105273 0.0051730 0.0052007 0.0052007 0.0051750 0.0051815 0.0051670 0.0069805 0.0034311 0.0069028 0.0068856 0.0069449 0.0085958 0.0087554 0.0034276 0.0034264 0.0051555 0.0051614 0.0034379 0.0052015 0.0069276 0.0034317 0.0034388 0.0034281 0.0034388 0.0034262 0.0069026 0.0034360 0.0034459 0.0034241 0.0034427 0.0034280 0.0051410 0.0034328 0.0085891 0.0034296 0.0034408 0.0051653 0.0051636 0.0034374 0.0017106 0.0085873 0.0051755 0.0017106 0.0000010 0.0051703 
EPI431352|HA|B/Jordan/30465/2012|EPI_ISL_137213|B                            0.0034314 0.0051707 0.0051947 0.0069367 0.0051770 0.0103684 0.0068915 0.0034439 0.0051574 0.0051351 0.0051567 0.0034294 0.0051804 0.0051903 0.0034439 0.0034301 0.0000000 0.0086192 0.0104084 0.0051461 0.0051562 0.0034282 0.0068764 0.0051567 0.0051591 0.0034536 0.0104510 0.0034391 0.0017196 0.0051664 0.0051770 0.0051414 0.0052011 0.0087008 0.0104369 0.0051839 0.0051668 0.0034435 0.0068607 0.0104205 0.0034230 0.0086571 0.0051898 0.0051444 0.0034304 0.0069228 0.0068960 0.0069242 0.0068923 0.0068772 0.0034278 0.0034304 0.0051468 0.0034278 0.0086603 0.0069078 0.0051818 0.0086681 0.0069247 0.0068791 0.0034225 0.0086354 0.0068858 0.0069014 0.0086531 0.0034429 0.0034267 0.0034365 0.0051855 0.0069126 0.0051466 0.0034304 0.0034368 0.0034376 0.0069439 0.0104436 0.0121858 0.0051592 0.0051907 0.0122650 0.0051733 0.0052011 0.0052011 0.0051754 0.0051818 0.0051673 0.0069810 0.0034314 0.0069033 0.0068862 0.0069455 0.0085965 0.0104929 0.0034278 0.0034267 0.0051559 0.0051618 0.0034381 0.0052019 0.0069282 0.0034319 0.0034391 0.0034284 0.0034391 0.0034264 0.0069031 0.0034363 0.0034462 0.0034243 0.0034429 0.0034282 0.0051414 0.0034330 0.0085898 0.0034298 0.0034410 0.0051657 0.0051640 0.0034376 0.0017107 0.0085880 0.0051758 0.0017107 0.0034301 0.0051707 
EPI431465|HA|B/AICHI/48/2012|EPI_ISL_137257|B                                0.0086221 0.0103936 0.0086817 0.0051809 0.0104071 0.0017097 0.0051474 0.0086536 0.0103661 0.0103198 0.0034237 0.0086169 0.0104131 0.0104336 0.0086536 0.0069044 0.0086192 0.0000000 0.0017160 0.0103429 0.0051839 0.0086138 0.0069137 0.0103648 0.0103699 0.0086787 0.0122135 0.0086413 0.0069136 0.0103843 0.0104055 0.0103331 0.0104550 0.0104588 0.0121970 0.0086638 0.0103853 0.0086533 0.0120645 0.0121778 0.0086000 0.0139206 0.0104332 0.0103393 0.0086192 0.0051707 0.0121280 0.0121781 0.0051480 0.0051369 0.0086126 0.0086192 0.0103442 0.0086126 0.0104394 0.0121487 0.0104163 0.0139383 0.0121788 0.0120975 0.0085989 0.0104091 0.0017085 0.0121373 0.0104010 0.0086515 0.0086098 0.0086349 0.0104238 0.0121571 0.0103436 0.0086192 0.0086360 0.0086380 0.0104839 0.0122048 0.0139510 0.0103699 0.0087077 0.0140418 0.0103986 0.0104559 0.0104559 0.0104035 0.0104162 0.0103867 0.0122796 0.0086218 0.0121406 0.0121107 0.0122163 0.0138206 0.0122628 0.0086126 0.0086098 0.0103630 0.0103753 0.0086394 0.0104567 0.0104209 0.0086233 0.0086413 0.0086141 0.0086413 0.0086092 0.0121404 0.0086342 0.0086590 0.0086036 0.0086515 0.0086138 0.0103331 0.0086264 0.0138097 0.0086179 0.0086468 0.0068635 0.0103800 0.0086380 0.0068779 0.0138067 0.0104033 0.0068779 0.0069044 0.0103936 
EPI439257|HA|B/Laos/992/2012|EPI_ISL_137524|B                                0.0104119 0.0122029 0.0104843 0.0069518 0.0122193 0.0034408 0.0069064 0.0104502 0.0121701 0.0121161 0.0051677 0.0104056 0.0122260 0.0122504 0.0104502 0.0086853 0.0104084 0.0017160 0.0000000 0.0121426 0.0069558 0.0104018 0.0086969 0.0121686 0.0121748 0.0104810 0.0122972 0.0104351 0.0086966 0.0121917 0.0122167 0.0121318 0.0122756 0.0122804 0.0140301 0.0104626 0.0121930 0.0104501 0.0138746 0.0140079 0.0103848 0.0157609 0.0122502 0.0121382 0.0104084 0.0069378 0.0139487 0.0140079 0.0069072 0.0068921 0.0104003 0.0104084 0.0121440 0.0104003 0.0122575 0.0139739 0.0122299 0.0157810 0.0140086 0.0139131 0.0103834 0.0122215 0.0034385 0.0139608 0.0122118 0.0104478 0.0103968 0.0104275 0.0122388 0.0139835 0.0121434 0.0104084 0.0104289 0.0104313 0.0123102 0.0140391 0.0157959 0.0104401 0.0105164 0.0158997 0.0122087 0.0122770 0.0122770 0.0122148 0.0122296 0.0121947 0.0141247 0.0104115 0.0121733 0.0139286 0.0140512 0.0156461 0.0141056 0.0104003 0.0103968 0.0121664 0.0121812 0.0104332 0.0122775 0.0122353 0.0104134 0.0104351 0.0104021 0.0104351 0.0103962 0.0139644 0.0104266 0.0104567 0.0103892 0.0068821 0.0104018 0.0121318 0.0104172 0.0138467 0.0104067 0.0104421 0.0086331 0.0121869 0.0104313 0.0086515 0.0138437 0.0122141 0.0086515 0.0086853 0.0122029 
EPI378062|HA|B/Oman/65/2012|EPI_ISL_105782|B                                 0.0051477 0.0068949 0.0069267 0.0086714 0.0069034 0.0120968 0.0086147 0.0051665 0.0068770 0.0034215 0.0068761 0.0051447 0.0069078 0.0069211 0.0051665 0.0051457 0.0051461 0.0103429 0.0121426 0.0000000 0.0068753 0.0051429 0.0051546 0.0068761 0.0068794 0.0051811 0.0121928 0.0051592 0.0034397 0.0068890 0.0069031 0.0068555 0.0069354 0.0104414 0.0121763 0.0069124 0.0068896 0.0051660 0.0085758 0.0121572 0.0051349 0.0103887 0.0069206 0.0068596 0.0051461 0.0086538 0.0086203 0.0086558 0.0086156 0.0085967 0.0051422 0.0051461 0.0068628 0.0051422 0.0103924 0.0086353 0.0069097 0.0104019 0.0086564 0.0085990 0.0051342 0.0103623 0.0086076 0.0086272 0.0103838 0.0051650 0.0051405 0.0051553 0.0069147 0.0086412 0.0068625 0.0051461 0.0051559 0.0051571 0.0086805 0.0121841 0.0104407 0.0068794 0.0069217 0.0140177 0.0068983 0.0069356 0.0069356 0.0069013 0.0069097 0.0068904 0.0087271 0.0051476 0.0086296 0.0051618 0.0086825 0.0068740 0.0122420 0.0035883 0.0051405 0.0068749 0.0068830 0.0051578 0.0069365 0.0086607 0.0051485 0.0051592 0.0051431 0.0051592 0.0051401 0.0086294 0.0051549 0.0051698 0.0051369 0.0051650 0.0051429 0.0068555 0.0051501 0.0103072 0.0051453 0.0051622 0.0068882 0.0068859 0.0051571 0.0034219 0.0103049 0.0069016 0.0034219 0.0051457 0.0068949 
EPI356970|HA|B/WAKAYAMA/2/2012|EPI_ISL_106359|B                              0.0051578 0.0069084 0.0053308 0.0034762 0.0069170 0.0069294 0.0034537 0.0051766 0.0068905 0.0068604 0.0017228 0.0051547 0.0069214 0.0069348 0.0051766 0.0051558 0.0051562 0.0051839 0.0069558 0.0068753 0.0000000 0.0051529 0.0017083 0.0068896 0.0068929 0.0051913 0.0122172 0.0051693 0.0034465 0.0069026 0.0069167 0.0068689 0.0069491 0.0104622 0.0122007 0.0053196 0.0069031 0.0051761 0.0085926 0.0121815 0.0051449 0.0104093 0.0069343 0.0068730 0.0051562 0.0034695 0.0086373 0.0086730 0.0034541 0.0034467 0.0051523 0.0051562 0.0068762 0.0051523 0.0069384 0.0086523 0.0069233 0.0104225 0.0086735 0.0086159 0.0051442 0.0069185 0.0034509 0.0086442 0.0104044 0.0051751 0.0051506 0.0051654 0.0069283 0.0086583 0.0068759 0.0051562 0.0051660 0.0051672 0.0086977 0.0122085 0.0139550 0.0068929 0.0069353 0.0140448 0.0069119 0.0069493 0.0069493 0.0069149 0.0069234 0.0069039 0.0087445 0.0051577 0.0086466 0.0086249 0.0086998 0.0103356 0.0122666 0.0051523 0.0051506 0.0068884 0.0068965 0.0051679 0.0069502 0.0071050 0.0051585 0.0051693 0.0051531 0.0051693 0.0051502 0.0086464 0.0051650 0.0051799 0.0051470 0.0051751 0.0051529 0.0068689 0.0051602 0.0103275 0.0051553 0.0051723 0.0051811 0.0068995 0.0051672 0.0034286 0.0103253 0.0069152 0.0034286 0.0051558 0.0069084 
EPI356972|HA|B/MIE/1/2012|EPI_ISL_106361|B                                   0.0034293 0.0051674 0.0051914 0.0069323 0.0051737 0.0103619 0.0068872 0.0034418 0.0051542 0.0051319 0.0051535 0.0034273 0.0051771 0.0051870 0.0034418 0.0034280 0.0034282 0.0086138 0.0104018 0.0051429 0.0051529 0.0000000 0.0068721 0.0051535 0.0017109 0.0034515 0.0104444 0.0034369 0.0017186 0.0051632 0.0051737 0.0051382 0.0051978 0.0086953 0.0104303 0.0051807 0.0051635 0.0034414 0.0068564 0.0104140 0.0034208 0.0051678 0.0051866 0.0051412 0.0034282 0.0069184 0.0068916 0.0069199 0.0068880 0.0068729 0.0034257 0.0034282 0.0051436 0.0034257 0.0086549 0.0069035 0.0051785 0.0086626 0.0069204 0.0068748 0.0034204 0.0086300 0.0068815 0.0068971 0.0086476 0.0034407 0.0034245 0.0034343 0.0051822 0.0069083 0.0051434 0.0034282 0.0034347 0.0034355 0.0069395 0.0104370 0.0121781 0.0051559 0.0051875 0.0122572 0.0051701 0.0051978 0.0051978 0.0051722 0.0051786 0.0051641 0.0069766 0.0034292 0.0068990 0.0068818 0.0069411 0.0085911 0.0104862 0.0034257 0.0034245 0.0051526 0.0051586 0.0034360 0.0051986 0.0069238 0.0034298 0.0034369 0.0034262 0.0034369 0.0034243 0.0068988 0.0034341 0.0034440 0.0034222 0.0034407 0.0034261 0.0051382 0.0034309 0.0085844 0.0034277 0.0034388 0.0051625 0.0051608 0.0034355 0.0017097 0.0085826 0.0051726 0.0017097 0.0034280 0.0051674 
EPI356977|HA|B/KOBE/298/2012|EPI_ISL_106366|B                                0.0068786 0.0086373 0.0071047 0.0052160 0.0086483 0.0086637 0.0051821 0.0069037 0.0086147 0.0051435 0.0034467 0.0068745 0.0086535 0.0086703 0.0069037 0.0068759 0.0068764 0.0069137 0.0086969 0.0051546 0.0017083 0.0068721 0.0000000 0.0086136 0.0086178 0.0069236 0.0139648 0.0068939 0.0051710 0.0086298 0.0086474 0.0085875 0.0086882 0.0122074 0.0139461 0.0070897 0.0086305 0.0069033 0.0103121 0.0139242 0.0068613 0.0121453 0.0086698 0.0085926 0.0068764 0.0052057 0.0103661 0.0104093 0.0051827 0.0051715 0.0068712 0.0068764 0.0085967 0.0068712 0.0086750 0.0103844 0.0086560 0.0121608 0.0104099 0.0103402 0.0068604 0.0086500 0.0051779 0.0103747 0.0121395 0.0069019 0.0068689 0.0068888 0.0086622 0.0103915 0.0085963 0.0068764 0.0068896 0.0068912 0.0104391 0.0139550 0.0122069 0.0086178 0.0086710 0.0158029 0.0086415 0.0086886 0.0086886 0.0086454 0.0086560 0.0086316 0.0104954 0.0068784 0.0103775 0.0068977 0.0104416 0.0086110 0.0140214 0.0053864 0.0068689 0.0086121 0.0086223 0.0068923 0.0086895 0.0088776 0.0068796 0.0068939 0.0068723 0.0068939 0.0068685 0.0103773 0.0068883 0.0069081 0.0068641 0.0069019 0.0068721 0.0085875 0.0068820 0.0120505 0.0068753 0.0068981 0.0069098 0.0086261 0.0068912 0.0051442 0.0120479 0.0086455 0.0051442 0.0068759 0.0086373 
EPI356982|HA|B/YOKOHAMA/4/2012|EPI_ISL_106371|B                              0.0051584 0.0069093 0.0069412 0.0086898 0.0069179 0.0121224 0.0086327 0.0051772 0.0068914 0.0068612 0.0068905 0.0051553 0.0069222 0.0069356 0.0051772 0.0051564 0.0051567 0.0103648 0.0121686 0.0068761 0.0068896 0.0051535 0.0086136 0.0000000 0.0068937 0.0051919 0.0122189 0.0051699 0.0034468 0.0069034 0.0069175 0.0034327 0.0069500 0.0104636 0.0122024 0.0069269 0.0069039 0.0051767 0.0085937 0.0121832 0.0051455 0.0104107 0.0069351 0.0068738 0.0051567 0.0086720 0.0086384 0.0086741 0.0086337 0.0086147 0.0051528 0.0051567 0.0068771 0.0051528 0.0104144 0.0086534 0.0069242 0.0104239 0.0086746 0.0086170 0.0051448 0.0103843 0.0086256 0.0086453 0.0104057 0.0051757 0.0051512 0.0051660 0.0069292 0.0086594 0.0068767 0.0051567 0.0017076 0.0051678 0.0086988 0.0122102 0.0139570 0.0068938 0.0069362 0.0140469 0.0069128 0.0034451 0.0034451 0.0034283 0.0069242 0.0069048 0.0052019 0.0051583 0.0086477 0.0086260 0.0051756 0.0103370 0.0122683 0.0051528 0.0051512 0.0068893 0.0068973 0.0051685 0.0069510 0.0086790 0.0051591 0.0051699 0.0051537 0.0051699 0.0051508 0.0051443 0.0051656 0.0051805 0.0051476 0.0051757 0.0051535 0.0068698 0.0051608 0.0103289 0.0051559 0.0051729 0.0069025 0.0069003 0.0051678 0.0034290 0.0103266 0.0069160 0.0034290 0.0051564 0.0069093 
EPI356981|HA|B/MIE/5/2012|EPI_ISL_106370|B                                   0.0051608 0.0069126 0.0069446 0.0086940 0.0069212 0.0121286 0.0086369 0.0051796 0.0068947 0.0068644 0.0068937 0.0051577 0.0052062 0.0069389 0.0051796 0.0051588 0.0051591 0.0103699 0.0121748 0.0068794 0.0068929 0.0017109 0.0086178 0.0068937 0.0000000 0.0051944 0.0122252 0.0051723 0.0034484 0.0051959 0.0069208 0.0068730 0.0069533 0.0104688 0.0104977 0.0069302 0.0069072 0.0051791 0.0085979 0.0121894 0.0051479 0.0069131 0.0069384 0.0068771 0.0051591 0.0086763 0.0086426 0.0086783 0.0086379 0.0086189 0.0051552 0.0051591 0.0068803 0.0051552 0.0104197 0.0086576 0.0069275 0.0087182 0.0086789 0.0086212 0.0051472 0.0103894 0.0086298 0.0086496 0.0104109 0.0051781 0.0034461 0.0051684 0.0069325 0.0086636 0.0068800 0.0051591 0.0051690 0.0051702 0.0087031 0.0122165 0.0139643 0.0068970 0.0069395 0.0140543 0.0069161 0.0069535 0.0069535 0.0069190 0.0069275 0.0069080 0.0087499 0.0051607 0.0086519 0.0086302 0.0069855 0.0103421 0.0122746 0.0051552 0.0051536 0.0068925 0.0069006 0.0051709 0.0069544 0.0086832 0.0051615 0.0051723 0.0051561 0.0051723 0.0051532 0.0086517 0.0051680 0.0051830 0.0051499 0.0051781 0.0051559 0.0068730 0.0051632 0.0103340 0.0051583 0.0051753 0.0069058 0.0069036 0.0051702 0.0034305 0.0086372 0.0069193 0.0034305 0.0051588 0.0069126 
EPI356984|HA|B/HYOGO/2014/2012|EPI_ISL_106373|B                              0.0034547 0.0052061 0.0052304 0.0069847 0.0052125 0.0104405 0.0069388 0.0034674 0.0051926 0.0051700 0.0051919 0.0034527 0.0052159 0.0052259 0.0034674 0.0034534 0.0034536 0.0086787 0.0104810 0.0051811 0.0051913 0.0034515 0.0069236 0.0051919 0.0051944 0.0000000 0.0105242 0.0034625 0.0017313 0.0052017 0.0052124 0.0051764 0.0052369 0.0087615 0.0105100 0.0052195 0.0052021 0.0034670 0.0069076 0.0104934 0.0034461 0.0087171 0.0052255 0.0051795 0.0034536 0.0069706 0.0069434 0.0069720 0.0069396 0.0069244 0.0034510 0.0034536 0.0051819 0.0034510 0.0087204 0.0069554 0.0052173 0.0087283 0.0069725 0.0069263 0.0034457 0.0086951 0.0069331 0.0069489 0.0087130 0.0034663 0.0034499 0.0034598 0.0052211 0.0069602 0.0051816 0.0034536 0.0034602 0.0034610 0.0069919 0.0105167 0.0122717 0.0051944 0.0052264 0.0123519 0.0052088 0.0052369 0.0052369 0.0034600 0.0052174 0.0052027 0.0070296 0.0034547 0.0069508 0.0069334 0.0069935 0.0086557 0.0105667 0.0034510 0.0034499 0.0051910 0.0051971 0.0034615 0.0052377 0.0069760 0.0034552 0.0034625 0.0034516 0.0034625 0.0034496 0.0069506 0.0034596 0.0034697 0.0034475 0.0034663 0.0034515 0.0051764 0.0034563 0.0086489 0.0034531 0.0034644 0.0052010 0.0051993 0.0034610 0.0017223 0.0086471 0.0052113 0.0017223 0.0034534 0.0052061 
EPI445758|HA|B/Laos/I999/2012|EPI_ISL_140287|B                               0.0104546 0.0122535 0.0123102 0.0140912 0.0122700 0.0139939 0.0139973 0.0104932 0.0122205 0.0121649 0.0122189 0.0104482 0.0122767 0.0123013 0.0104932 0.0087207 0.0104510 0.0122135 0.0122972 0.0121928 0.0122172 0.0104444 0.0139648 0.0122189 0.0122252 0.0105242 0.0000000 0.0104780 0.0087323 0.0122421 0.0122674 0.0104562 0.0105810 0.0069288 0.0086577 0.0122847 0.0122434 0.0104931 0.0139318 0.0086442 0.0104273 0.0158268 0.0104141 0.0121883 0.0104510 0.0140606 0.0140065 0.0121554 0.0139989 0.0139668 0.0104429 0.0104510 0.0121941 0.0104429 0.0158320 0.0140320 0.0122806 0.0158471 0.0140660 0.0139706 0.0104259 0.0157852 0.0104540 0.0121159 0.0068911 0.0104907 0.0104394 0.0104703 0.0122896 0.0140416 0.0121935 0.0104510 0.0104717 0.0104741 0.0123616 0.0086632 0.0103977 0.0086837 0.0105599 0.0104646 0.0122593 0.0123281 0.0123281 0.0122655 0.0122803 0.0103677 0.0141842 0.0104541 0.0104937 0.0139863 0.0141102 0.0157110 0.0087037 0.0104429 0.0104394 0.0122167 0.0122316 0.0104760 0.0123286 0.0140731 0.0104561 0.0104780 0.0104447 0.0104780 0.0104388 0.0140223 0.0104694 0.0104997 0.0104317 0.0087454 0.0104444 0.0121808 0.0104599 0.0140954 0.0104494 0.0104850 0.0122412 0.0122373 0.0104741 0.0086866 0.0140923 0.0122648 0.0086866 0.0087207 0.0122535 
EPI445967|HA|B/Tehran/1236/2012|EPI_ISL_140382|B                             0.0034401 0.0051839 0.0052080 0.0069545 0.0051902 0.0103950 0.0069091 0.0034527 0.0051706 0.0051481 0.0051699 0.0034381 0.0051936 0.0052036 0.0034527 0.0034388 0.0034391 0.0086413 0.0104351 0.0051592 0.0051693 0.0034369 0.0068939 0.0051699 0.0051723 0.0034625 0.0104780 0.0000000 0.0017240 0.0017093 0.0051902 0.0051544 0.0052144 0.0087233 0.0104638 0.0051972 0.0051799 0.0034523 0.0068781 0.0104474 0.0034316 0.0086793 0.0052031 0.0051575 0.0034391 0.0069405 0.0069136 0.0069420 0.0069099 0.0068948 0.0034365 0.0034391 0.0051599 0.0034365 0.0086826 0.0069255 0.0051950 0.0086904 0.0069425 0.0068966 0.0034312 0.0086575 0.0069034 0.0069190 0.0086752 0.0034517 0.0034354 0.0034452 0.0051988 0.0069303 0.0051596 0.0034391 0.0034456 0.0034464 0.0069617 0.0104705 0.0122174 0.0051723 0.0052040 0.0122969 0.0051865 0.0052144 0.0052144 0.0051886 0.0051951 0.0051805 0.0069991 0.0034401 0.0069210 0.0069037 0.0069633 0.0086184 0.0105201 0.0034365 0.0034354 0.0051690 0.0051750 0.0034469 0.0052152 0.0069459 0.0034406 0.0034478 0.0034371 0.0034478 0.0034351 0.0069208 0.0034450 0.0034550 0.0034330 0.0034517 0.0034369 0.0051544 0.0034417 0.0086117 0.0034385 0.0034498 0.0051788 0.0051772 0.0034464 0.0017151 0.0086098 0.0051890 0.0017151 0.0034388 0.0051839 
EPI450353|HA|B/PHILIPPINES/15/2012|EPI_ISL_141577|B                          0.0017201 0.0034561 0.0034723 0.0052162 0.0034602 0.0086632 0.0051822 0.0017264 0.0034473 0.0034324 0.0034468 0.0017192 0.0034626 0.0034692 0.0017264 0.0017195 0.0017196 0.0069136 0.0086966 0.0034397 0.0034465 0.0017186 0.0051710 0.0034468 0.0034484 0.0017313 0.0087323 0.0017240 0.0000000 0.0034533 0.0034604 0.0034366 0.0034765 0.0069792 0.0087205 0.0034650 0.0034535 0.0017262 0.0051592 0.0087067 0.0017159 0.0069440 0.0034688 0.0034386 0.0017196 0.0052059 0.0051856 0.0052068 0.0051828 0.0051716 0.0017183 0.0017196 0.0034402 0.0017183 0.0069467 0.0034561 0.0034635 0.0069529 0.0052072 0.0051730 0.0017157 0.0069267 0.0051780 0.0051896 0.0069408 0.0017259 0.0017178 0.0017227 0.0034660 0.0051981 0.0034401 0.0017196 0.0017229 0.0017233 0.0034695 0.0087261 0.0104741 0.0034484 0.0034695 0.0105410 0.0034579 0.0034764 0.0034764 0.0034592 0.0034636 0.0034539 0.0052496 0.0017201 0.0051911 0.0051782 0.0052228 0.0068955 0.0087673 0.0017183 0.0017178 0.0034462 0.0034502 0.0017235 0.0017276 0.0052098 0.0017204 0.0017240 0.0017186 0.0017240 0.0017176 0.0051909 0.0017226 0.0017276 0.0017166 0.0017259 0.0000010 0.0034366 0.0017209 0.0068902 0.0017194 0.0017249 0.0034528 0.0034516 0.0017233 0.0000010 0.0068887 0.0034596 0.0000010 0.0017195 0.0034561 
EPI460636|HA|B/Tehran/1236/2012|EPI_ISL_143607|B                             0.0051680 0.0069223 0.0069544 0.0087062 0.0069309 0.0121443 0.0086490 0.0051869 0.0069043 0.0068740 0.0069034 0.0051650 0.0051939 0.0069487 0.0051869 0.0051660 0.0051664 0.0103843 0.0121917 0.0068890 0.0069026 0.0051632 0.0086298 0.0069034 0.0051959 0.0052017 0.0122421 0.0017093 0.0034533 0.0000000 0.0069305 0.0068826 0.0069631 0.0104834 0.0087034 0.0069400 0.0069169 0.0051864 0.0086098 0.0122063 0.0051551 0.0104304 0.0069482 0.0068867 0.0051664 0.0086884 0.0086546 0.0086905 0.0086500 0.0086309 0.0051625 0.0051664 0.0068899 0.0051625 0.0104341 0.0086697 0.0069372 0.0069391 0.0086910 0.0086332 0.0051544 0.0104039 0.0086418 0.0086616 0.0104254 0.0051855 0.0017144 0.0051757 0.0069422 0.0086757 0.0068896 0.0051664 0.0051763 0.0051775 0.0087153 0.0122334 0.0139835 0.0069067 0.0069493 0.0140738 0.0069258 0.0069633 0.0069633 0.0069287 0.0069373 0.0069177 0.0087623 0.0051679 0.0086640 0.0086422 0.0052123 0.0103564 0.0122917 0.0051625 0.0051608 0.0069022 0.0069103 0.0051782 0.0069642 0.0086954 0.0051688 0.0051796 0.0051634 0.0051796 0.0051604 0.0086638 0.0051753 0.0051903 0.0051572 0.0051855 0.0051632 0.0068826 0.0051705 0.0103483 0.0051656 0.0051826 0.0069155 0.0069133 0.0051775 0.0034354 0.0068754 0.0069290 0.0034354 0.0051660 0.0069223 
