77
EPI809657|HA|B/KANAGAWA/14/2015|EPI_ISL_229795|B                       0.0000000 0.0121484 0.0139154 0.0051896 0.0069323 0.0104026 0.0210324 0.0069269 0.0086778 0.0051909 0.0086347 0.0052030 0.0086672 0.0017146 0.0192397 0.0034605 0.0104123 0.0051818 0.0051955 0.0069419 0.0051812 0.0103831 0.0157534 0.0051962 0.0192549 0.0156602 0.0052020 0.0121844 0.0052044 0.0157633 0.0051782 0.0069251 0.0069385 0.0051910 0.0051875 0.0069376 0.0103959 0.0086998 0.0069313 0.0103650 0.0086741 0.0086662 0.0104192 0.0122334 0.0051864 0.0034362 0.0122056 0.0069216 0.0104029 0.0121437 0.0069136 0.0069160 0.0034667 0.0121879 0.0103833 0.0104078 0.0121315 0.0069324 0.0069704 0.0174869 0.0139591 0.0156906 0.0175841 0.0156793 0.0069779 0.0156737 0.0034435 0.0157162 0.0121958 0.0156737 0.0051823 0.0069320 0.0212530 0.0051775 0.0069136 0.0139154 0.0000010 
EPI825539|HA|B/Vietnam/5258/2015|EPI_ISL_232207|B                      0.0121484 0.0000000 0.0017109 0.0103316 0.0120754 0.0120713 0.0156280 0.0120658 0.0103581 0.0103342 0.0103072 0.0103585 0.0103456 0.0103641 0.0138623 0.0104195 0.0051565 0.0103162 0.0103437 0.0120923 0.0103146 0.0120488 0.0104030 0.0103444 0.0068875 0.0034235 0.0103565 0.0068959 0.0103610 0.0034453 0.0103086 0.0120625 0.0120859 0.0103345 0.0103272 0.0120845 0.0120637 0.0103843 0.0086175 0.0120278 0.0068975 0.0068914 0.0086299 0.0139053 0.0103252 0.0121157 0.0103993 0.0086053 0.0051482 0.0138030 0.0085963 0.0120466 0.0103476 0.0138535 0.0086011 0.0086204 0.0137901 0.0086188 0.0121423 0.0051607 0.0086413 0.0034297 0.0051887 0.0103544 0.0121544 0.0034262 0.0121412 0.0034352 0.0069026 0.0034262 0.0103170 0.0086183 0.0087058 0.0068667 0.0085963 0.0017109 0.0121484 
EPI676511|HA|B/GIFU/3/2015|EPI_ISL_202792|B                            0.0139154 0.0017109 0.0000000 0.0120808 0.0138312 0.0138263 0.0174036 0.0138200 0.0121119 0.0120838 0.0120521 0.0121125 0.0120972 0.0121188 0.0156306 0.0121839 0.0068910 0.0120627 0.0120950 0.0138509 0.0120607 0.0138002 0.0121648 0.0120958 0.0051521 0.0017073 0.0121101 0.0086394 0.0121152 0.0017180 0.0120536 0.0138162 0.0138433 0.0120842 0.0120756 0.0138418 0.0138176 0.0121427 0.0103656 0.0137768 0.0086414 0.0086336 0.0103804 0.0156791 0.0120732 0.0138775 0.0121602 0.0103510 0.0068798 0.0155640 0.0103390 0.0137977 0.0120995 0.0156206 0.0103447 0.0103691 0.0155486 0.0103671 0.0139087 0.0034314 0.0103940 0.0017103 0.0034499 0.0121078 0.0139224 0.0017086 0.0139069 0.0017130 0.0086477 0.0017086 0.0120636 0.0103664 0.0069457 0.0086031 0.0103390 0.0000010 0.0139154 
EPI679857|HA|B/WAKAYAMA-C/69/2015|EPI_ISL_203515|B                     0.0051896 0.0103316 0.0120808 0.0000000 0.0017110 0.0086012 0.0191285 0.0051544 0.0068879 0.0034334 0.0068541 0.0034413 0.0068796 0.0034435 0.0173536 0.0052126 0.0086080 0.0034275 0.0034364 0.0051655 0.0034271 0.0085852 0.0138932 0.0034369 0.0173667 0.0138109 0.0034406 0.0103618 0.0034423 0.0139017 0.0034251 0.0051531 0.0051630 0.0034335 0.0034312 0.0051623 0.0085956 0.0069052 0.0051577 0.0085704 0.0068849 0.0068789 0.0086139 0.0104033 0.0034305 0.0051759 0.0103800 0.0051505 0.0086013 0.0103279 0.0051446 0.0051464 0.0034379 0.0103650 0.0085853 0.0086043 0.0103174 0.0051585 0.0051863 0.0156149 0.0121185 0.0138375 0.0157009 0.0138277 0.0051920 0.0138226 0.0051868 0.0138606 0.0103715 0.0138226 0.0017179 0.0051583 0.0193254 0.0034247 0.0051446 0.0120808 0.0051896 
EPI679855|HA|B/WAKAYAMA-C/68/2015|EPI_ISL_203514|B                     0.0069323 0.0120754 0.0138312 0.0017110 0.0000000 0.0103401 0.0209052 0.0068851 0.0086251 0.0051596 0.0085836 0.0051716 0.0086146 0.0051748 0.0191228 0.0069631 0.0103496 0.0051507 0.0051642 0.0069000 0.0051501 0.0103208 0.0156585 0.0051648 0.0191380 0.0155660 0.0051706 0.0121109 0.0051730 0.0156682 0.0051471 0.0068833 0.0068966 0.0051598 0.0051563 0.0068958 0.0103335 0.0086470 0.0068895 0.0103029 0.0086214 0.0086136 0.0103565 0.0121593 0.0051552 0.0069139 0.0121319 0.0068799 0.0103404 0.0120707 0.0068719 0.0034211 0.0051663 0.0121144 0.0103210 0.0103452 0.0120586 0.0068905 0.0069281 0.0173810 0.0138746 0.0155960 0.0174773 0.0155849 0.0069356 0.0155793 0.0069285 0.0156221 0.0121221 0.0155793 0.0034422 0.0068902 0.0211221 0.0051464 0.0068719 0.0138312 0.0069323 
EPI693110|HA|B/Bangladesh/11005/2015|EPI_ISL_206954|B                  0.0104026 0.0120713 0.0138263 0.0086012 0.0103401 0.0000000 0.0208961 0.0103320 0.0086225 0.0086033 0.0017137 0.0086227 0.0086120 0.0086277 0.0191156 0.0104486 0.0103463 0.0085883 0.0086102 0.0103545 0.0085872 0.0034344 0.0156525 0.0086110 0.0191299 0.0155602 0.0086210 0.0121068 0.0086249 0.0156623 0.0085821 0.0103292 0.0103491 0.0086036 0.0085976 0.0103479 0.0034385 0.0086444 0.0068876 0.0034285 0.0086188 0.0086110 0.0103532 0.0052023 0.0085959 0.0103747 0.0121278 0.0068779 0.0103371 0.0051648 0.0068700 0.0103157 0.0086136 0.0051833 0.0103177 0.0103420 0.0051594 0.0068886 0.0103970 0.0173741 0.0138697 0.0155902 0.0174703 0.0155790 0.0104076 0.0155734 0.0103966 0.0156162 0.0121180 0.0155734 0.0085891 0.0068883 0.0211137 0.0051450 0.0068700 0.0138263 0.0104026 
EPI693322|HA|B/Taiwan/341/2015|EPI_ISL_206982|B                        0.0210324 0.0156280 0.0174036 0.0191285 0.0209052 0.0208961 0.0000000 0.0208876 0.0191789 0.0191335 0.0190824 0.0191806 0.0156648 0.0191885 0.0051872 0.0211247 0.0138910 0.0191001 0.0191523 0.0173373 0.0190962 0.0208571 0.0156553 0.0191523 0.0227668 0.0191496 0.0191769 0.0156748 0.0191840 0.0192772 0.0190848 0.0208816 0.0209226 0.0191343 0.0191194 0.0209201 0.0208837 0.0192283 0.0174099 0.0208195 0.0156782 0.0156630 0.0174349 0.0228183 0.0191167 0.0174196 0.0192558 0.0173849 0.0174076 0.0226480 0.0173641 0.0208538 0.0191589 0.0227317 0.0173738 0.0174164 0.0155622 0.0174122 0.0210246 0.0209946 0.0174582 0.0191875 0.0193162 0.0191734 0.0210434 0.0191665 0.0210178 0.0192202 0.0156889 0.0191665 0.0191014 0.0174106 0.0248101 0.0156058 0.0173641 0.0174036 0.0210324 
EPI697300|HA|B/Beijing-Xicheng/12806/2015|EPI_ISL_207762|B             0.0069269 0.0120658 0.0138200 0.0051544 0.0068851 0.0103320 0.0208876 0.0000000 0.0086183 0.0051557 0.0085769 0.0051677 0.0086078 0.0051709 0.0191077 0.0069577 0.0103415 0.0051468 0.0051603 0.0068947 0.0051462 0.0103128 0.0156457 0.0051609 0.0191226 0.0155534 0.0051667 0.0121013 0.0051690 0.0156554 0.0051432 0.0068780 0.0068913 0.0051559 0.0051524 0.0068905 0.0103254 0.0086402 0.0068842 0.0088722 0.0086146 0.0086068 0.0103484 0.0121496 0.0051513 0.0069086 0.0121222 0.0068746 0.0103323 0.0120611 0.0051928 0.0068690 0.0051624 0.0121047 0.0103129 0.0103371 0.0120490 0.0068852 0.0069228 0.0173665 0.0138634 0.0155834 0.0174628 0.0155722 0.0069302 0.0155666 0.0069231 0.0156093 0.0121125 0.0155666 0.0051473 0.0068849 0.0211050 0.0051425 0.0051928 0.0138200 0.0069269 
EPI697297|HA|B/Beijing-Huairou/12305/2015|EPI_ISL_207761|B             0.0086778 0.0103581 0.0121119 0.0068879 0.0086251 0.0086225 0.0191789 0.0086183 0.0000000 0.0068896 0.0068717 0.0069057 0.0034212 0.0069098 0.0173991 0.0087164 0.0086304 0.0068775 0.0068958 0.0086372 0.0068767 0.0086062 0.0139293 0.0068965 0.0174121 0.0138468 0.0069043 0.0103885 0.0069075 0.0139378 0.0068726 0.0086160 0.0086328 0.0068898 0.0068850 0.0086318 0.0086168 0.0069230 0.0051709 0.0085923 0.0069026 0.0068965 0.0086363 0.0104302 0.0068836 0.0086545 0.0104068 0.0051637 0.0086226 0.0103544 0.0051578 0.0086045 0.0068985 0.0103917 0.0086063 0.0086267 0.0103439 0.0051717 0.0086728 0.0156554 0.0121498 0.0138735 0.0157414 0.0138636 0.0086819 0.0138586 0.0086729 0.0138967 0.0103983 0.0138586 0.0068782 0.0051715 0.0193768 0.0034334 0.0051578 0.0121119 0.0086778 
EPI706753|HA|B/Taiwan/362/2015|EPI_ISL_210381|B                        0.0051909 0.0103342 0.0120838 0.0034334 0.0051596 0.0086033 0.0191335 0.0051557 0.0068896 0.0000000 0.0068558 0.0034422 0.0068813 0.0034444 0.0173580 0.0052139 0.0086102 0.0034283 0.0034373 0.0051667 0.0034279 0.0085873 0.0138966 0.0034377 0.0173711 0.0138143 0.0034415 0.0103643 0.0034431 0.0139051 0.0034259 0.0051544 0.0051643 0.0034343 0.0034320 0.0051636 0.0085978 0.0069069 0.0051590 0.0085725 0.0068866 0.0068806 0.0086161 0.0104059 0.0034313 0.0051772 0.0103826 0.0051518 0.0086035 0.0103304 0.0051459 0.0051476 0.0034387 0.0103676 0.0085874 0.0086065 0.0103200 0.0051597 0.0051876 0.0156188 0.0121215 0.0138410 0.0157039 0.0138311 0.0051933 0.0138261 0.0051881 0.0138641 0.0103741 0.0138261 0.0034286 0.0051596 0.0193304 0.0034255 0.0051459 0.0120838 0.0051909 
EPI708669|HA|B/Bangladesh/11002/2015|EPI_ISL_211586|B                  0.0086347 0.0103072 0.0120521 0.0068541 0.0085836 0.0017137 0.0190824 0.0085769 0.0068717 0.0068558 0.0000000 0.0068719 0.0068635 0.0068759 0.0173121 0.0086731 0.0085888 0.0068439 0.0068620 0.0085955 0.0068430 0.0017105 0.0138596 0.0068628 0.0173249 0.0137786 0.0068705 0.0103373 0.0068736 0.0138681 0.0068390 0.0085747 0.0085911 0.0068561 0.0068513 0.0085901 0.0017125 0.0068890 0.0051457 0.0017076 0.0068688 0.0068628 0.0085945 0.0034546 0.0068499 0.0086115 0.0103554 0.0051386 0.0085812 0.0034298 0.0051327 0.0085635 0.0068648 0.0034420 0.0085652 0.0085851 0.0034262 0.0051465 0.0086298 0.0155772 0.0120896 0.0138040 0.0156628 0.0137951 0.0086389 0.0137901 0.0086298 0.0138271 0.0103470 0.0137901 0.0068445 0.0051463 0.0192782 0.0034168 0.0051327 0.0120521 0.0086347 
EPI713195|HA|B/SENDAI/13/2015|EPI_ISL_212550|B                         0.0052030 0.0103585 0.0121125 0.0034413 0.0051716 0.0086227 0.0191806 0.0051677 0.0069057 0.0034422 0.0068719 0.0000000 0.0068975 0.0034524 0.0174004 0.0052262 0.0086306 0.0034362 0.0034452 0.0051787 0.0034358 0.0086064 0.0139301 0.0034457 0.0174135 0.0138476 0.0034494 0.0103889 0.0034511 0.0139386 0.0034338 0.0051663 0.0051763 0.0034423 0.0034400 0.0051756 0.0086171 0.0069231 0.0051710 0.0085925 0.0069027 0.0068967 0.0086365 0.0104306 0.0034392 0.0051893 0.0104072 0.0051637 0.0086229 0.0103548 0.0051578 0.0051596 0.0034466 0.0103921 0.0086066 0.0086270 0.0103443 0.0051717 0.0051997 0.0156565 0.0121504 0.0138743 0.0157424 0.0138644 0.0052054 0.0138594 0.0052002 0.0138975 0.0103987 0.0138594 0.0034365 0.0051715 0.0193785 0.0034334 0.0051578 0.0121125 0.0052030 
EPI713703|HA|B/Henan-Zhaoling/1617/2015|EPI_ISL_212688|B               0.0086672 0.0103456 0.0120972 0.0068796 0.0086146 0.0086120 0.0156648 0.0086078 0.0034212 0.0068813 0.0068635 0.0068975 0.0000000 0.0069016 0.0138950 0.0087058 0.0086199 0.0068693 0.0068876 0.0086267 0.0068685 0.0085969 0.0139120 0.0068883 0.0173902 0.0138297 0.0068961 0.0103759 0.0068992 0.0139206 0.0068644 0.0086055 0.0086223 0.0068816 0.0068768 0.0086213 0.0086064 0.0069147 0.0051648 0.0085820 0.0068943 0.0068883 0.0086258 0.0104175 0.0068754 0.0086440 0.0103941 0.0051576 0.0086122 0.0103419 0.0051517 0.0085952 0.0068903 0.0103791 0.0085970 0.0086162 0.0103314 0.0051656 0.0086623 0.0156360 0.0121349 0.0138564 0.0139490 0.0138465 0.0086714 0.0138414 0.0086623 0.0138795 0.0103856 0.0138414 0.0068700 0.0051654 0.0193519 0.0034294 0.0051517 0.0120972 0.0086672 
EPI717842|HA|B/Singapore/GP507/2015|EPI_ISL_213610|B                   0.0017146 0.0103641 0.0121188 0.0034435 0.0051748 0.0086277 0.0191885 0.0051709 0.0069098 0.0034444 0.0068759 0.0034524 0.0069016 0.0000000 0.0174081 0.0017213 0.0086356 0.0034384 0.0034474 0.0051820 0.0034380 0.0086114 0.0139369 0.0034479 0.0174211 0.0138545 0.0034517 0.0103945 0.0034533 0.0139455 0.0034360 0.0051695 0.0051795 0.0034445 0.0034422 0.0051788 0.0086220 0.0069272 0.0051742 0.0085974 0.0069068 0.0069008 0.0086415 0.0104363 0.0034415 0.0017101 0.0104128 0.0051669 0.0086278 0.0103604 0.0051610 0.0051628 0.0034489 0.0103978 0.0086115 0.0086319 0.0103498 0.0051749 0.0052030 0.0156637 0.0121566 0.0138812 0.0157498 0.0138713 0.0052087 0.0138662 0.0017137 0.0139043 0.0104043 0.0138662 0.0034387 0.0051747 0.0193866 0.0034356 0.0051610 0.0121188 0.0017146 
EPI717840|HA|B/Singapore/GP488/2015|EPI_ISL_213609|B                   0.0192397 0.0138623 0.0156306 0.0173536 0.0191228 0.0191156 0.0051872 0.0191077 0.0173991 0.0173580 0.0173121 0.0174004 0.0138950 0.0174081 0.0000000 0.0193240 0.0121292 0.0173279 0.0173748 0.0191509 0.0173246 0.0190800 0.0138867 0.0173751 0.0209714 0.0173724 0.0173970 0.0139036 0.0174038 0.0174876 0.0173142 0.0191022 0.0191393 0.0173587 0.0173456 0.0191375 0.0191041 0.0174438 0.0156363 0.0190457 0.0139066 0.0138934 0.0156587 0.0210194 0.0173421 0.0156454 0.0174688 0.0156141 0.0156343 0.0195290 0.0155957 0.0190768 0.0173809 0.0209402 0.0156043 0.0156420 0.0173622 0.0156384 0.0192322 0.0192048 0.0156795 0.0174065 0.0175235 0.0173938 0.0192496 0.0173875 0.0192268 0.0174359 0.0139164 0.0173875 0.0173291 0.0156371 0.0229877 0.0138427 0.0155957 0.0156306 0.0192397 
EPI718056|HA|B/Singapore/KK830/2015|EPI_ISL_213669|B                   0.0034605 0.0104195 0.0121839 0.0052126 0.0069631 0.0104486 0.0211247 0.0069577 0.0087164 0.0052139 0.0086731 0.0052262 0.0087058 0.0017213 0.0193240 0.0000000 0.0104574 0.0052048 0.0052186 0.0069728 0.0052042 0.0104289 0.0158234 0.0052193 0.0175168 0.0139295 0.0052251 0.0122383 0.0052276 0.0140214 0.0052011 0.0069558 0.0069694 0.0052141 0.0052105 0.0069685 0.0104418 0.0087386 0.0069621 0.0104106 0.0087127 0.0087048 0.0104645 0.0122877 0.0052094 0.0034514 0.0122597 0.0069523 0.0086740 0.0121973 0.0069442 0.0069466 0.0052208 0.0122418 0.0104291 0.0104529 0.0121849 0.0069632 0.0070015 0.0157487 0.0140209 0.0139564 0.0158366 0.0157480 0.0070091 0.0139414 0.0034587 0.0139798 0.0122498 0.0139414 0.0052053 0.0069628 0.0194949 0.0052004 0.0069442 0.0121839 0.0034605 
EPI718062|HA|B/Singapore/KK858/2015|EPI_ISL_213672|B                   0.0104123 0.0051565 0.0068910 0.0086080 0.0103496 0.0103463 0.0138910 0.0103415 0.0086304 0.0086102 0.0085888 0.0086306 0.0086199 0.0086356 0.0121292 0.0104574 0.0000000 0.0085961 0.0086181 0.0103641 0.0085949 0.0103271 0.0086679 0.0086189 0.0121370 0.0086168 0.0086289 0.0051712 0.0086328 0.0086730 0.0085899 0.0103387 0.0103587 0.0086105 0.0086044 0.0103575 0.0103397 0.0086523 0.0068937 0.0103091 0.0051724 0.0051680 0.0069036 0.0121668 0.0086036 0.0103844 0.0086650 0.0068841 0.0068928 0.0120780 0.0068761 0.0103252 0.0086215 0.0121217 0.0068799 0.0068959 0.0120659 0.0068947 0.0104067 0.0103927 0.0069125 0.0086331 0.0104496 0.0086271 0.0104173 0.0086239 0.0104062 0.0086473 0.0051763 0.0086239 0.0085969 0.0068944 0.0140299 0.0051495 0.0068761 0.0068910 0.0104123 
EPI718082|HA|B/Singapore/KK888/2015|EPI_ISL_213682|B                   0.0051818 0.0103162 0.0120627 0.0034275 0.0051507 0.0085883 0.0191001 0.0051468 0.0068775 0.0034283 0.0068439 0.0034362 0.0068693 0.0034384 0.0173279 0.0052048 0.0085961 0.0000000 0.0034313 0.0051577 0.0034220 0.0085724 0.0138721 0.0034318 0.0173408 0.0137908 0.0034355 0.0103462 0.0034371 0.0138806 0.0034200 0.0051454 0.0051553 0.0034284 0.0034261 0.0051546 0.0085828 0.0068948 0.0051500 0.0085576 0.0068746 0.0068686 0.0086019 0.0103877 0.0034254 0.0051682 0.0103644 0.0051429 0.0085885 0.0103124 0.0051370 0.0051387 0.0034327 0.0103495 0.0085725 0.0085925 0.0103020 0.0051508 0.0051786 0.0155913 0.0121002 0.0138165 0.0156771 0.0138066 0.0051842 0.0138015 0.0051791 0.0138396 0.0103559 0.0138015 0.0034227 0.0051506 0.0192964 0.0034196 0.0051370 0.0120627 0.0051818 
EPI718114|HA|B/Singapore/EN787/2015|EPI_ISL_213698|B                   0.0051955 0.0103437 0.0120950 0.0034364 0.0051642 0.0086102 0.0191523 0.0051603 0.0068958 0.0034373 0.0068620 0.0034452 0.0068876 0.0034474 0.0173748 0.0052186 0.0086181 0.0034313 0.0000000 0.0051713 0.0034310 0.0085951 0.0139098 0.0034408 0.0173879 0.0138274 0.0034445 0.0103739 0.0034462 0.0139183 0.0034290 0.0051590 0.0051689 0.0034374 0.0034351 0.0051682 0.0086046 0.0069131 0.0051636 0.0085802 0.0068928 0.0068868 0.0086240 0.0104155 0.0034344 0.0051818 0.0103921 0.0051564 0.0086104 0.0103399 0.0051505 0.0051522 0.0034417 0.0103771 0.0085952 0.0086144 0.0103294 0.0051644 0.0051923 0.0156337 0.0121328 0.0138541 0.0157191 0.0138442 0.0051980 0.0138392 0.0051928 0.0138772 0.0103836 0.0138392 0.0034317 0.0051642 0.0193496 0.0034285 0.0051505 0.0120950 0.0051955 
EPI718138|HA|B/Singapore/GP2106/2015|EPI_ISL_213710|B                  0.0069419 0.0120923 0.0138509 0.0051655 0.0069000 0.0103545 0.0173373 0.0068947 0.0086372 0.0051667 0.0085955 0.0051787 0.0086267 0.0051820 0.0191509 0.0069728 0.0103641 0.0051577 0.0051713 0.0000000 0.0051571 0.0103352 0.0156808 0.0051720 0.0191660 0.0155881 0.0051777 0.0103557 0.0051801 0.0156906 0.0051541 0.0068929 0.0069062 0.0051669 0.0051634 0.0069053 0.0103479 0.0086592 0.0068991 0.0103172 0.0086335 0.0086257 0.0103710 0.0121765 0.0051623 0.0069235 0.0121490 0.0068894 0.0103548 0.0120877 0.0068815 0.0068838 0.0051735 0.0121314 0.0103354 0.0068594 0.0085721 0.0069001 0.0069378 0.0174060 0.0138944 0.0156182 0.0175024 0.0156070 0.0069452 0.0156014 0.0069381 0.0156443 0.0121392 0.0156014 0.0051582 0.0068998 0.0211538 0.0051534 0.0068815 0.0138509 0.0069419 
EPI731424|HA|B/Oman/6335/2015|EPI_ISL_215952|B                         0.0051812 0.0103146 0.0120607 0.0034271 0.0051501 0.0085872 0.0190962 0.0051462 0.0068767 0.0034279 0.0068430 0.0034358 0.0068685 0.0034380 0.0173246 0.0052042 0.0085949 0.0034220 0.0034310 0.0051571 0.0000000 0.0085712 0.0138697 0.0034314 0.0173375 0.0137885 0.0034351 0.0103447 0.0034368 0.0138782 0.0034197 0.0051448 0.0051547 0.0034280 0.0034257 0.0051540 0.0085816 0.0068939 0.0051494 0.0085565 0.0068737 0.0068677 0.0086007 0.0103861 0.0034250 0.0051676 0.0103628 0.0051423 0.0085873 0.0103109 0.0051364 0.0051381 0.0034324 0.0103479 0.0085714 0.0085913 0.0103005 0.0051502 0.0051780 0.0155885 0.0120983 0.0138141 0.0156742 0.0138042 0.0051836 0.0137992 0.0051785 0.0138372 0.0103544 0.0137992 0.0034224 0.0051500 0.0192924 0.0034192 0.0051364 0.0120607 0.0051812 
EPI737913|HA|B/Bangladesh/11007/2015|EPI_ISL_217553|B                  0.0103831 0.0120488 0.0138002 0.0085852 0.0103208 0.0034344 0.0208571 0.0103128 0.0086062 0.0085873 0.0017105 0.0086064 0.0085969 0.0086114 0.0190800 0.0104289 0.0103271 0.0085724 0.0085951 0.0103352 0.0085712 0.0000000 0.0156232 0.0085959 0.0190948 0.0155312 0.0086047 0.0120842 0.0086086 0.0156329 0.0085662 0.0103100 0.0103299 0.0085876 0.0085816 0.0103287 0.0017269 0.0086281 0.0068747 0.0034221 0.0086035 0.0085959 0.0103339 0.0051925 0.0085799 0.0103554 0.0121051 0.0068651 0.0103179 0.0051552 0.0068572 0.0102965 0.0085984 0.0051736 0.0102986 0.0103227 0.0051498 0.0068757 0.0103776 0.0173410 0.0138436 0.0155611 0.0174374 0.0155500 0.0103882 0.0155444 0.0103771 0.0155870 0.0120954 0.0155444 0.0085732 0.0068754 0.0210738 0.0051355 0.0068572 0.0138002 0.0103831 
EPI738143|HA|B/Bahrain/921/2015|EPI_ISL_217582|B                       0.0157534 0.0104030 0.0121648 0.0138932 0.0156585 0.0156525 0.0156553 0.0156457 0.0139293 0.0138966 0.0138596 0.0139301 0.0139120 0.0139369 0.0138867 0.0158234 0.0086679 0.0138721 0.0139098 0.0156808 0.0138697 0.0156232 0.0000000 0.0139104 0.0174897 0.0139078 0.0139273 0.0069210 0.0139330 0.0139994 0.0138614 0.0156413 0.0156719 0.0138972 0.0138870 0.0121316 0.0156429 0.0121401 0.0121694 0.0155955 0.0104359 0.0104264 0.0121869 0.0175311 0.0138843 0.0157097 0.0139851 0.0121522 0.0121678 0.0174011 0.0121379 0.0156205 0.0139149 0.0174651 0.0121446 0.0121737 0.0173839 0.0121711 0.0157462 0.0157240 0.0086729 0.0139346 0.0158118 0.0103920 0.0157614 0.0139196 0.0157433 0.0139579 0.0069277 0.0139196 0.0138732 0.0121703 0.0194647 0.0103886 0.0121379 0.0121648 0.0157534 
EPI753805|HA|B/Cambodia/1287/2015|EPI_ISL_220591|B                     0.0051962 0.0103444 0.0120958 0.0034369 0.0051648 0.0086110 0.0191523 0.0051609 0.0068965 0.0034377 0.0068628 0.0034457 0.0068883 0.0034479 0.0173751 0.0052193 0.0086189 0.0034318 0.0034408 0.0051720 0.0034314 0.0085959 0.0139104 0.0000000 0.0173882 0.0138281 0.0034450 0.0103747 0.0034466 0.0139189 0.0034294 0.0051596 0.0051695 0.0034378 0.0034355 0.0051688 0.0086054 0.0069139 0.0051642 0.0085810 0.0068936 0.0068875 0.0086248 0.0104163 0.0034348 0.0051825 0.0103929 0.0051570 0.0086112 0.0103407 0.0051511 0.0051528 0.0034422 0.0103779 0.0085960 0.0086152 0.0103302 0.0051650 0.0051929 0.0156341 0.0121335 0.0138548 0.0157196 0.0138449 0.0051986 0.0138398 0.0051934 0.0138778 0.0103844 0.0138398 0.0034321 0.0051648 0.0193496 0.0034290 0.0051511 0.0120958 0.0051962 
EPI630562|HA|B/Hong_Kong/1337/2015|EPI_ISL_193083|B                    0.0192549 0.0068875 0.0051521 0.0173667 0.0191380 0.0191299 0.0227668 0.0191226 0.0174121 0.0173711 0.0173249 0.0174135 0.0173902 0.0174211 0.0209714 0.0175168 0.0121370 0.0173408 0.0173879 0.0191660 0.0173375 0.0190948 0.0174897 0.0173882 0.0000000 0.0034336 0.0174101 0.0139131 0.0174168 0.0069165 0.0173271 0.0191171 0.0191544 0.0173718 0.0173587 0.0191526 0.0191190 0.0174569 0.0156475 0.0190605 0.0139161 0.0139029 0.0156699 0.0210369 0.0173553 0.0192013 0.0174820 0.0156252 0.0121168 0.0208803 0.0156068 0.0190917 0.0173940 0.0209574 0.0156154 0.0156532 0.0208602 0.0156495 0.0192473 0.0086326 0.0156907 0.0068850 0.0086801 0.0174069 0.0192648 0.0068779 0.0192420 0.0068962 0.0139259 0.0068779 0.0173410 0.0156483 0.0122360 0.0138521 0.0156068 0.0051521 0.0192549 
EPI632763|HA|B/Hong_Kong/1372/2015|EPI_ISL_193649|B                    0.0156602 0.0034235 0.0017073 0.0138109 0.0155660 0.0155602 0.0191496 0.0155534 0.0138468 0.0138143 0.0137786 0.0138476 0.0138297 0.0138545 0.0173724 0.0139295 0.0086168 0.0137908 0.0138274 0.0155881 0.0137885 0.0155312 0.0139078 0.0138281 0.0034336 0.0000000 0.0138449 0.0103724 0.0138506 0.0034378 0.0137803 0.0155491 0.0155793 0.0138149 0.0138047 0.0155777 0.0155506 0.0138822 0.0120979 0.0155037 0.0103747 0.0103653 0.0121152 0.0174265 0.0138020 0.0156174 0.0139022 0.0120808 0.0086036 0.0172983 0.0120667 0.0155285 0.0138325 0.0173610 0.0120734 0.0121021 0.0172815 0.0120995 0.0156532 0.0051494 0.0121310 0.0034223 0.0051773 0.0138422 0.0156681 0.0034188 0.0156503 0.0034277 0.0103821 0.0034188 0.0137919 0.0120987 0.0086862 0.0103279 0.0120667 0.0017073 0.0156602 
EPI638832|HA|B/TOKYO/50143/2015|EPI_ISL_194915|B                       0.0052020 0.0103565 0.0121101 0.0034406 0.0051706 0.0086210 0.0191769 0.0051667 0.0069043 0.0034415 0.0068705 0.0034494 0.0068961 0.0034517 0.0173970 0.0052251 0.0086289 0.0034355 0.0034445 0.0051777 0.0034351 0.0086047 0.0139273 0.0034450 0.0174101 0.0138449 0.0000000 0.0103868 0.0034504 0.0139359 0.0034332 0.0051653 0.0051753 0.0034416 0.0034393 0.0051746 0.0086154 0.0069217 0.0051699 0.0085908 0.0069014 0.0068953 0.0086348 0.0104286 0.0034386 0.0051882 0.0104051 0.0051627 0.0086212 0.0103527 0.0051568 0.0051586 0.0034460 0.0103901 0.0086049 0.0086252 0.0103422 0.0051707 0.0051987 0.0156534 0.0121480 0.0138716 0.0157393 0.0138617 0.0052044 0.0138567 0.0051992 0.0138947 0.0103966 0.0138567 0.0034359 0.0051705 0.0193747 0.0034327 0.0051568 0.0121101 0.0052020 
EPI638828|HA|B/Taiwan/113/2015|EPI_ISL_194913|B                        0.0121844 0.0068959 0.0086394 0.0103618 0.0121109 0.0121068 0.0156748 0.0121013 0.0103885 0.0103643 0.0103373 0.0103889 0.0103759 0.0103945 0.0139036 0.0122383 0.0051712 0.0103462 0.0103739 0.0103557 0.0103447 0.0120842 0.0069210 0.0103747 0.0139131 0.0103724 0.0103868 0.0000000 0.0103913 0.0104398 0.0103386 0.0120980 0.0121214 0.0103647 0.0103574 0.0121201 0.0120992 0.0104148 0.0086428 0.0120630 0.0069175 0.0069114 0.0086553 0.0139468 0.0103553 0.0121514 0.0104299 0.0086306 0.0086416 0.0138443 0.0086205 0.0120820 0.0103778 0.0138948 0.0086253 0.0068904 0.0138303 0.0086441 0.0121782 0.0121616 0.0051744 0.0103920 0.0122285 0.0068887 0.0121904 0.0103810 0.0121771 0.0104090 0.0034442 0.0103810 0.0103471 0.0086436 0.0158332 0.0068865 0.0086205 0.0086394 0.0121844 
EPI808361|HA|B/Florida/79/2015|EPI_ISL_229438|B                        0.0052044 0.0103610 0.0121152 0.0034423 0.0051730 0.0086249 0.0191840 0.0051690 0.0069075 0.0034431 0.0068736 0.0034511 0.0068992 0.0034533 0.0174038 0.0052276 0.0086328 0.0034371 0.0034462 0.0051801 0.0034368 0.0086086 0.0139330 0.0034466 0.0174168 0.0138506 0.0034504 0.0103913 0.0000000 0.0139416 0.0034348 0.0051677 0.0051777 0.0034432 0.0034409 0.0051770 0.0086192 0.0069249 0.0051723 0.0085946 0.0069045 0.0068984 0.0086387 0.0104331 0.0034402 0.0051907 0.0104096 0.0051651 0.0086250 0.0103572 0.0051592 0.0051609 0.0034476 0.0103946 0.0069023 0.0086291 0.0103467 0.0051731 0.0052011 0.0139040 0.0121531 0.0138773 0.0157457 0.0138674 0.0052068 0.0121160 0.0052016 0.0139004 0.0104011 0.0138623 0.0034375 0.0051729 0.0193820 0.0034343 0.0051592 0.0121152 0.0052044 
EPI662244|HA|B/Hawaii/27/2015|EPI_ISL_199487|B                         0.0157633 0.0034453 0.0017180 0.0139017 0.0156682 0.0156623 0.0192772 0.0156554 0.0139378 0.0139051 0.0138681 0.0139386 0.0139206 0.0139455 0.0174876 0.0140214 0.0086730 0.0138806 0.0139183 0.0156906 0.0138782 0.0156329 0.0139994 0.0139189 0.0069165 0.0034378 0.0139359 0.0104398 0.0139416 0.0000000 0.0138699 0.0156510 0.0156816 0.0139057 0.0138955 0.0156800 0.0156526 0.0139735 0.0121767 0.0156051 0.0104421 0.0104326 0.0121942 0.0175422 0.0138928 0.0157196 0.0139937 0.0121595 0.0086586 0.0174121 0.0121452 0.0156302 0.0139234 0.0174762 0.0121519 0.0121810 0.0173950 0.0121784 0.0157561 0.0051823 0.0122103 0.0034440 0.0052105 0.0139332 0.0157713 0.0034405 0.0157532 0.0034495 0.0104497 0.0034405 0.0138816 0.0121776 0.0087429 0.0103947 0.0121452 0.0017180 0.0157633 
EPI672044|HA|B/Kentucky/24/2015|EPI_ISL_201592|B                       0.0051782 0.0103086 0.0120536 0.0034251 0.0051471 0.0085821 0.0190848 0.0051432 0.0068726 0.0034259 0.0068390 0.0034338 0.0068644 0.0034360 0.0173142 0.0052011 0.0085899 0.0034200 0.0034290 0.0051541 0.0034197 0.0085662 0.0138614 0.0034294 0.0173271 0.0137803 0.0034332 0.0103386 0.0034348 0.0138699 0.0000000 0.0017126 0.0017159 0.0034261 0.0034238 0.0051510 0.0085766 0.0068899 0.0051464 0.0085515 0.0068697 0.0068637 0.0085957 0.0103800 0.0034231 0.0051646 0.0103567 0.0051393 0.0085823 0.0103048 0.0051334 0.0051351 0.0034304 0.0103418 0.0085664 0.0085863 0.0102944 0.0051472 0.0051749 0.0155792 0.0120911 0.0138058 0.0156648 0.0137959 0.0051806 0.0137919 0.0051754 0.0138289 0.0103483 0.0137919 0.0034204 0.0051470 0.0192807 0.0034172 0.0051334 0.0120536 0.0051782 
EPI686448|HA|B/Kentucky/29/2015|EPI_ISL_205691|B                       0.0069251 0.0120625 0.0138162 0.0051531 0.0068833 0.0103292 0.0208816 0.0068780 0.0086160 0.0051544 0.0085747 0.0051663 0.0086055 0.0051695 0.0191022 0.0069558 0.0103387 0.0051454 0.0051590 0.0068929 0.0051448 0.0103100 0.0156413 0.0051596 0.0191171 0.0155491 0.0051653 0.0120980 0.0051677 0.0156510 0.0017126 0.0000000 0.0034421 0.0051545 0.0051510 0.0068886 0.0103226 0.0086379 0.0068824 0.0102921 0.0086123 0.0086045 0.0103456 0.0121463 0.0051500 0.0069067 0.0121189 0.0068728 0.0103295 0.0120579 0.0068649 0.0068672 0.0051611 0.0121014 0.0103102 0.0103344 0.0120458 0.0068834 0.0069210 0.0173616 0.0138596 0.0155790 0.0174578 0.0155679 0.0069284 0.0155623 0.0069213 0.0156050 0.0121092 0.0155623 0.0051459 0.0068831 0.0210989 0.0051412 0.0068649 0.0138162 0.0069251 
EPI686432|HA|B/Kentucky/27/2015|EPI_ISL_205689|B                       0.0069385 0.0120859 0.0138433 0.0051630 0.0068966 0.0103491 0.0209226 0.0068913 0.0086328 0.0051643 0.0085911 0.0051763 0.0086223 0.0051795 0.0191393 0.0069694 0.0103587 0.0051553 0.0051689 0.0069062 0.0051547 0.0103299 0.0156719 0.0051695 0.0191544 0.0155793 0.0051753 0.0121214 0.0051777 0.0156816 0.0017159 0.0034421 0.0000000 0.0051644 0.0051609 0.0069020 0.0103425 0.0086548 0.0068957 0.0103119 0.0086291 0.0086213 0.0103656 0.0121700 0.0051599 0.0069201 0.0121425 0.0068860 0.0103494 0.0120812 0.0068781 0.0068805 0.0051710 0.0121249 0.0103300 0.0103543 0.0120691 0.0068967 0.0069344 0.0173958 0.0138867 0.0156093 0.0174921 0.0155981 0.0069418 0.0155925 0.0069347 0.0156354 0.0121327 0.0155925 0.0051558 0.0068964 0.0211404 0.0051510 0.0068781 0.0138433 0.0069385 
EPI569214|HA|B/Wisconsin/01/2015|EPI_ISL_173838|B                      0.0051910 0.0103345 0.0120842 0.0034335 0.0051598 0.0086036 0.0191343 0.0051559 0.0068898 0.0034343 0.0068561 0.0034423 0.0068816 0.0034445 0.0173587 0.0052141 0.0086105 0.0034284 0.0034374 0.0051669 0.0034280 0.0085876 0.0138972 0.0034378 0.0173718 0.0138149 0.0034416 0.0103647 0.0034432 0.0139057 0.0034261 0.0051545 0.0051644 0.0000000 0.0034321 0.0051638 0.0085980 0.0069071 0.0051591 0.0085728 0.0068868 0.0068808 0.0086164 0.0104063 0.0034314 0.0051774 0.0103829 0.0051520 0.0086037 0.0103308 0.0051461 0.0051478 0.0034388 0.0103680 0.0085877 0.0086068 0.0103203 0.0051599 0.0051878 0.0156194 0.0121219 0.0138415 0.0157045 0.0138317 0.0051935 0.0138266 0.0051883 0.0138646 0.0103745 0.0138266 0.0034287 0.0051597 0.0193312 0.0034256 0.0051461 0.0120842 0.0051910 
EPI694922|HA|B/Florida/84/2015|EPI_ISL_207235|B                        0.0051875 0.0103272 0.0120756 0.0034312 0.0051563 0.0085976 0.0191194 0.0051524 0.0068850 0.0034320 0.0068513 0.0034400 0.0068768 0.0034422 0.0173456 0.0052105 0.0086044 0.0034261 0.0034351 0.0051634 0.0034257 0.0085816 0.0138870 0.0034355 0.0173587 0.0138047 0.0034393 0.0103574 0.0034409 0.0138955 0.0034238 0.0051510 0.0051609 0.0034321 0.0000000 0.0051603 0.0085921 0.0069023 0.0051556 0.0085668 0.0068821 0.0068760 0.0086103 0.0103989 0.0034291 0.0051738 0.0103756 0.0051485 0.0085978 0.0103235 0.0051426 0.0051443 0.0034365 0.0103606 0.0085818 0.0086017 0.0103130 0.0051564 0.0051842 0.0156079 0.0121132 0.0138314 0.0156938 0.0138215 0.0051899 0.0138165 0.0051847 0.0138545 0.0103671 0.0138165 0.0034264 0.0051562 0.0193162 0.0034233 0.0051426 0.0120756 0.0051875 
EPI700926|HA|B/Florida/86/2015|EPI_ISL_208504|B                        0.0069376 0.0120845 0.0138418 0.0051623 0.0068958 0.0103479 0.0209201 0.0068905 0.0086318 0.0051636 0.0085901 0.0051756 0.0086213 0.0051788 0.0191375 0.0069685 0.0103575 0.0051546 0.0051682 0.0069053 0.0051540 0.0103287 0.0121316 0.0051688 0.0191526 0.0155777 0.0051746 0.0121201 0.0051770 0.0156800 0.0051510 0.0068886 0.0069020 0.0051638 0.0051603 0.0000000 0.0103413 0.0086537 0.0068948 0.0103107 0.0086281 0.0086203 0.0103644 0.0121686 0.0051592 0.0069192 0.0121411 0.0068852 0.0103482 0.0120799 0.0068772 0.0068796 0.0051703 0.0121236 0.0103288 0.0103531 0.0120677 0.0068959 0.0069335 0.0173941 0.0138852 0.0156078 0.0174904 0.0155966 0.0069409 0.0155910 0.0069339 0.0156338 0.0121314 0.0155910 0.0051551 0.0068955 0.0211385 0.0051503 0.0068772 0.0138418 0.0069376 
EPI582621|HA|B/Texas/14/2015|EPI_ISL_177189|B                          0.0103959 0.0120637 0.0138176 0.0085956 0.0103335 0.0034385 0.0208837 0.0103254 0.0086168 0.0085978 0.0017125 0.0086171 0.0086064 0.0086220 0.0191041 0.0104418 0.0103397 0.0085828 0.0086046 0.0103479 0.0085816 0.0017269 0.0156429 0.0086054 0.0191190 0.0155506 0.0086154 0.0120992 0.0086192 0.0156526 0.0085766 0.0103226 0.0103425 0.0085980 0.0085921 0.0103413 0.0000000 0.0086388 0.0068831 0.0034262 0.0086132 0.0086054 0.0103466 0.0051988 0.0085903 0.0103681 0.0121201 0.0068734 0.0103305 0.0051614 0.0068655 0.0103091 0.0086080 0.0051798 0.0103112 0.0103354 0.0051560 0.0068841 0.0103903 0.0173633 0.0138610 0.0155806 0.0174596 0.0155694 0.0104010 0.0155638 0.0103899 0.0156065 0.0121104 0.0155638 0.0085836 0.0068838 0.0211010 0.0051416 0.0068655 0.0138176 0.0103959 
EPI582701|HA|B/Illinois/03/2015|EPI_ISL_177201|B                       0.0086998 0.0103843 0.0121427 0.0069052 0.0086470 0.0086444 0.0192283 0.0086402 0.0069230 0.0069069 0.0068890 0.0069231 0.0069147 0.0069272 0.0174438 0.0087386 0.0086523 0.0068948 0.0069131 0.0086592 0.0068939 0.0086281 0.0121401 0.0069139 0.0174569 0.0138822 0.0069217 0.0104148 0.0069249 0.0139735 0.0068899 0.0086379 0.0086548 0.0069071 0.0069023 0.0086537 0.0086388 0.0000000 0.0051839 0.0086129 0.0069200 0.0069139 0.0086582 0.0104558 0.0069009 0.0086765 0.0104331 0.0051766 0.0086446 0.0103805 0.0051707 0.0086264 0.0069159 0.0104180 0.0086282 0.0086486 0.0103699 0.0051846 0.0086949 0.0156955 0.0121807 0.0139090 0.0157821 0.0138990 0.0087040 0.0138940 0.0086949 0.0139322 0.0104246 0.0138940 0.0068955 0.0051844 0.0194274 0.0034419 0.0051707 0.0121427 0.0086998 
EPI586833|HA|B/Rhode_Island/01/2015|EPI_ISL_178139|B                   0.0069313 0.0086175 0.0103656 0.0051577 0.0068895 0.0068876 0.0174099 0.0068842 0.0051709 0.0051590 0.0051457 0.0051710 0.0051648 0.0051742 0.0156363 0.0069621 0.0068937 0.0051500 0.0051636 0.0068991 0.0051494 0.0068747 0.0121694 0.0051642 0.0156475 0.0120979 0.0051699 0.0086428 0.0051723 0.0121767 0.0051464 0.0068824 0.0068957 0.0051591 0.0051556 0.0068948 0.0068831 0.0051839 0.0000000 0.0068628 0.0051686 0.0051642 0.0068985 0.0086779 0.0051546 0.0069130 0.0086584 0.0034369 0.0068876 0.0086145 0.0034329 0.0068734 0.0051657 0.0086458 0.0068748 0.0068908 0.0086056 0.0034422 0.0069272 0.0138948 0.0103980 0.0121209 0.0139714 0.0121124 0.0069346 0.0121080 0.0069276 0.0121409 0.0086511 0.0121080 0.0051505 0.0034421 0.0175878 0.0017139 0.0034329 0.0103656 0.0069313 
EPI586902|HA|B/Arkansas/13/2015|EPI_ISL_178148|B                       0.0103650 0.0120278 0.0137768 0.0085704 0.0103029 0.0034285 0.0208195 0.0088722 0.0085923 0.0085725 0.0017076 0.0085925 0.0085820 0.0085974 0.0190457 0.0104106 0.0103091 0.0085576 0.0085802 0.0103172 0.0085565 0.0034221 0.0155955 0.0085810 0.0190605 0.0155037 0.0085908 0.0120630 0.0085946 0.0156051 0.0085515 0.0102921 0.0103119 0.0085728 0.0085668 0.0103107 0.0034262 0.0086129 0.0068628 0.0000000 0.0085886 0.0085810 0.0103160 0.0051836 0.0085651 0.0103373 0.0120839 0.0068532 0.0102999 0.0051463 0.0068453 0.0102787 0.0085836 0.0051647 0.0102807 0.0103048 0.0051410 0.0068638 0.0103594 0.0173110 0.0138190 0.0155336 0.0174061 0.0155225 0.0103700 0.0155169 0.0103590 0.0155594 0.0120742 0.0155169 0.0085584 0.0068635 0.0210352 0.0051267 0.0068453 0.0137768 0.0103650 
EPI586978|HA|B/Utah/11/2015|EPI_ISL_178158|B                           0.0086741 0.0068975 0.0086414 0.0068849 0.0086214 0.0086188 0.0156782 0.0086146 0.0069026 0.0068866 0.0068688 0.0069027 0.0068943 0.0069068 0.0139066 0.0087127 0.0051724 0.0068746 0.0068928 0.0086335 0.0068737 0.0086035 0.0104359 0.0068936 0.0139161 0.0103747 0.0069014 0.0069175 0.0069045 0.0104421 0.0068697 0.0086123 0.0086291 0.0068868 0.0068821 0.0086281 0.0086132 0.0069200 0.0051686 0.0085886 0.0000000 0.0034441 0.0051760 0.0104259 0.0068807 0.0086508 0.0069301 0.0051614 0.0051679 0.0103501 0.0051555 0.0086019 0.0068956 0.0103874 0.0051584 0.0051703 0.0103396 0.0051694 0.0086691 0.0121643 0.0086686 0.0103943 0.0122313 0.0103870 0.0086782 0.0103833 0.0086692 0.0104113 0.0069242 0.0103833 0.0068752 0.0051692 0.0158367 0.0034318 0.0051555 0.0086414 0.0086741 
EPI587066|HA|B/Pennsylvania/02/2015|EPI_ISL_178169|B                   0.0086662 0.0068914 0.0086336 0.0068789 0.0086136 0.0086110 0.0156630 0.0086068 0.0068965 0.0068806 0.0068628 0.0068967 0.0068883 0.0069008 0.0138934 0.0087048 0.0051680 0.0068686 0.0068868 0.0086257 0.0068677 0.0085959 0.0104264 0.0068875 0.0139029 0.0103653 0.0068953 0.0069114 0.0068984 0.0104326 0.0068637 0.0086045 0.0086213 0.0068808 0.0068760 0.0086203 0.0086054 0.0069139 0.0051642 0.0085810 0.0034441 0.0000000 0.0017100 0.0104163 0.0068746 0.0086430 0.0069240 0.0051570 0.0051635 0.0103407 0.0051511 0.0085942 0.0068895 0.0103779 0.0051540 0.0051658 0.0103302 0.0051650 0.0086613 0.0121529 0.0086608 0.0103848 0.0122198 0.0103776 0.0086704 0.0103738 0.0086613 0.0104018 0.0069181 0.0103738 0.0068692 0.0051648 0.0158212 0.0034290 0.0051511 0.0086336 0.0086662 
EPI587090|HA|B/Pennsylvania/03/2015|EPI_ISL_178172|B                   0.0104192 0.0086299 0.0103804 0.0086139 0.0103565 0.0103532 0.0174349 0.0103484 0.0086363 0.0086161 0.0085945 0.0086365 0.0086258 0.0086415 0.0156587 0.0104645 0.0069036 0.0086019 0.0086240 0.0103710 0.0086007 0.0103339 0.0121869 0.0086248 0.0156699 0.0121152 0.0086348 0.0086553 0.0086387 0.0121942 0.0085957 0.0103456 0.0103656 0.0086164 0.0086103 0.0103644 0.0103466 0.0086582 0.0068985 0.0103160 0.0051760 0.0017100 0.0000000 0.0121748 0.0086085 0.0103913 0.0086709 0.0068888 0.0068975 0.0120860 0.0068808 0.0103320 0.0086274 0.0121297 0.0068847 0.0069007 0.0120738 0.0068995 0.0104136 0.0139147 0.0104129 0.0121382 0.0139916 0.0121297 0.0104243 0.0121253 0.0104132 0.0121583 0.0086636 0.0121253 0.0086026 0.0068992 0.0176133 0.0051531 0.0068808 0.0103804 0.0104192 
EPI587266|HA|B/Texas/19/2015|EPI_ISL_178195|B                          0.0122334 0.0139053 0.0156791 0.0104033 0.0121593 0.0052023 0.0228183 0.0121496 0.0104302 0.0104059 0.0034546 0.0104306 0.0104175 0.0104363 0.0210194 0.0122877 0.0121668 0.0103877 0.0104155 0.0121765 0.0103861 0.0051925 0.0175311 0.0104163 0.0210369 0.0174265 0.0104286 0.0139468 0.0104331 0.0175422 0.0103800 0.0121463 0.0121700 0.0104063 0.0103989 0.0121686 0.0051988 0.0104558 0.0086779 0.0051836 0.0104259 0.0104163 0.0121748 0.0000000 0.0103968 0.0122002 0.0139707 0.0086656 0.0121557 0.0069412 0.0086555 0.0121302 0.0104195 0.0069663 0.0121326 0.0121616 0.0069340 0.0086792 0.0122272 0.0192646 0.0139662 0.0174607 0.0193718 0.0174479 0.0122394 0.0174417 0.0122260 0.0174903 0.0139597 0.0174417 0.0103885 0.0086787 0.0230601 0.0069144 0.0086555 0.0156791 0.0122334 
EPI587407|HA|B/Wyoming/07/2015|EPI_ISL_178215|B                        0.0051864 0.0103252 0.0120732 0.0034305 0.0051552 0.0085959 0.0191167 0.0051513 0.0068836 0.0034313 0.0068499 0.0034392 0.0068754 0.0034415 0.0173421 0.0052094 0.0086036 0.0034254 0.0034344 0.0051623 0.0034250 0.0085799 0.0138843 0.0034348 0.0173553 0.0138020 0.0034386 0.0103553 0.0034402 0.0138928 0.0034231 0.0051500 0.0051599 0.0034314 0.0034291 0.0051592 0.0085903 0.0069009 0.0051546 0.0085651 0.0068807 0.0068746 0.0086085 0.0103968 0.0000000 0.0051728 0.0103735 0.0051474 0.0085960 0.0103214 0.0051415 0.0051433 0.0034358 0.0103586 0.0085800 0.0086000 0.0103110 0.0051553 0.0051832 0.0156049 0.0121108 0.0138287 0.0156908 0.0138188 0.0051888 0.0138138 0.0051837 0.0138518 0.0103650 0.0138138 0.0034257 0.0051552 0.0193124 0.0034226 0.0051415 0.0120732 0.0051864 
EPI592763|HA|B/Louisiana/20/2015|EPI_ISL_180334|B                      0.0034362 0.0121157 0.0138775 0.0051759 0.0069139 0.0103747 0.0174196 0.0069086 0.0086545 0.0051772 0.0086115 0.0051893 0.0086440 0.0017101 0.0156454 0.0034514 0.0103844 0.0051682 0.0051818 0.0069235 0.0051676 0.0103554 0.0157097 0.0051825 0.0192013 0.0156174 0.0051882 0.0121514 0.0051907 0.0157196 0.0051646 0.0069067 0.0069201 0.0051774 0.0051738 0.0069192 0.0103681 0.0086765 0.0069130 0.0103373 0.0086508 0.0086430 0.0103913 0.0122002 0.0051728 0.0000000 0.0121725 0.0069032 0.0103750 0.0121110 0.0068953 0.0068976 0.0051840 0.0121549 0.0103555 0.0103800 0.0120988 0.0069140 0.0069518 0.0174386 0.0139210 0.0156477 0.0175352 0.0156364 0.0069593 0.0156308 0.0034345 0.0156739 0.0121627 0.0156308 0.0051687 0.0069137 0.0211927 0.0051639 0.0068953 0.0138775 0.0034362 
EPI592761|HA|B/Louisiana/16/2015|EPI_ISL_180333|B                      0.0122056 0.0103993 0.0121602 0.0103800 0.0121319 0.0121278 0.0192558 0.0121222 0.0104068 0.0103826 0.0103554 0.0104072 0.0103941 0.0104128 0.0174688 0.0122597 0.0086650 0.0103644 0.0103921 0.0121490 0.0103628 0.0121051 0.0139851 0.0103929 0.0174820 0.0139022 0.0104051 0.0104299 0.0104096 0.0139937 0.0103567 0.0121189 0.0121425 0.0103829 0.0103756 0.0121411 0.0121201 0.0104331 0.0086584 0.0120839 0.0069301 0.0069240 0.0086709 0.0139707 0.0103735 0.0121725 0.0000000 0.0086461 0.0051762 0.0138680 0.0086360 0.0121029 0.0103961 0.0139186 0.0086408 0.0051786 0.0138541 0.0086596 0.0121994 0.0157173 0.0121983 0.0139290 0.0158050 0.0121925 0.0122116 0.0139140 0.0121983 0.0139523 0.0104397 0.0139140 0.0103653 0.0086592 0.0194555 0.0068990 0.0086360 0.0121602 0.0122056 
