84
EPI342003|HA|B/India/9356/2010|EPI_ISL_98929|B                          0.0000000 0.0104049 0.0017086 0.0034325 0.0017127 0.0034502 0.0051865 0.0051675 0.0017100 0.0051633 0.0086614 0.0034405 0.0140022 0.0034304 0.0034378 0.0034439 0.0017071 0.0034384 0.0034401 0.0104525 0.0087030 0.0051697 0.0051443 0.0051429 0.0051984 0.0034461 0.0034384 0.0051610 0.0034422 0.0017134 0.0017097 0.0051767 0.0051687 0.0068998 0.0034433 0.0051978 0.0034356 0.0051566 0.0034524 0.0017097 0.0121830 0.0051859 0.0104483 0.0034398 0.0051763 0.0051867 0.0069493 0.0051806 0.0034384 0.0034461 0.0051953 0.0034364 0.0017097 0.0051867 0.0051454 0.0051587 0.0051543 0.0051277 0.0034461 0.0034378 0.0051351 0.0051245 0.0051447 0.0051517 0.0051325 0.0051361 0.0051399 0.0068697 0.0034320 0.0051245 0.0051238 0.0051285 0.0034433 0.0034365 0.0051489 0.0051656 0.0034320 0.0034393 0.0017223 0.0051842 0.0034562 0.0017154 0.0000010 0.0104525 
EPI342035|HA|B/Vietnam/101/2010|EPI_ISL_98938|B                         0.0104049 0.0000000 0.0121548 0.0139548 0.0121851 0.0140290 0.0158190 0.0157576 0.0121654 0.0157458 0.0086487 0.0139895 0.0139797 0.0139456 0.0139781 0.0140030 0.0121436 0.0139801 0.0139885 0.0068775 0.0068916 0.0157660 0.0156832 0.0156785 0.0158531 0.0140118 0.0139803 0.0157381 0.0139941 0.0121898 0.0121634 0.0157867 0.0157621 0.0068894 0.0140015 0.0158534 0.0139691 0.0157244 0.0140392 0.0121636 0.0121637 0.0158146 0.0034274 0.0139860 0.0157854 0.0158173 0.0176627 0.0158002 0.0139803 0.0140126 0.0158449 0.0139721 0.0121636 0.0141018 0.0156904 0.0157308 0.0144389 0.0156300 0.0140126 0.0139781 0.0156535 0.0156193 0.0156829 0.0157062 0.0156454 0.0156565 0.0156689 0.0174495 0.0139530 0.0156193 0.0156173 0.0156330 0.0122164 0.0139724 0.0157005 0.0157526 0.0139530 0.0139845 0.0122584 0.0158109 0.0140542 0.0122057 0.0104049 0.0068775 
EPI346036|HA|B/MALAYSIA/194/2010|EPI_ISL_99652|B                        0.0017086 0.0121548 0.0000000 0.0051550 0.0034300 0.0051822 0.0069249 0.0068996 0.0034245 0.0068941 0.0104081 0.0051675 0.0157727 0.0051518 0.0051633 0.0051726 0.0034186 0.0051641 0.0051669 0.0122108 0.0104582 0.0069026 0.0068679 0.0068661 0.0069405 0.0051759 0.0051642 0.0068910 0.0051699 0.0034313 0.0034239 0.0069117 0.0069012 0.0086362 0.0051717 0.0069399 0.0051599 0.0068853 0.0051855 0.0034240 0.0139414 0.0069240 0.0122057 0.0051663 0.0069112 0.0069250 0.0086984 0.0069171 0.0051642 0.0051760 0.0069366 0.0051611 0.0034240 0.0069250 0.0068708 0.0068880 0.0068822 0.0068452 0.0051760 0.0051633 0.0068554 0.0068407 0.0068684 0.0068787 0.0068519 0.0068568 0.0068620 0.0085980 0.0051543 0.0068407 0.0068398 0.0068463 0.0051717 0.0051613 0.0068752 0.0068971 0.0051543 0.0051656 0.0034504 0.0069218 0.0051912 0.0034354 0.0017086 0.0122108 
EPI1490354|HA|B/Indonesia/09/2010|EPI_ISL_364539|B                      0.0034325 0.0139548 0.0051550 0.0000000 0.0051680 0.0034355 0.0051640 0.0017139 0.0051595 0.0051417 0.0121984 0.0034259 0.0176061 0.0069010 0.0034233 0.0034293 0.0051503 0.0034238 0.0034255 0.0104063 0.0086651 0.0051470 0.0086237 0.0086213 0.0051759 0.0034314 0.0034238 0.0051394 0.0069248 0.0051700 0.0051585 0.0051541 0.0051460 0.0104108 0.0034287 0.0051753 0.0069118 0.0051351 0.0034377 0.0051587 0.0157560 0.0051634 0.0104021 0.0034252 0.0051537 0.0051642 0.0069191 0.0051581 0.0034238 0.0034315 0.0051728 0.0034218 0.0051587 0.0051642 0.0086274 0.0051372 0.0051329 0.0085952 0.0034315 0.0034233 0.0086080 0.0085896 0.0086241 0.0086370 0.0086036 0.0086096 0.0086162 0.0103639 0.0034174 0.0085896 0.0085885 0.0085967 0.0034287 0.0034219 0.0051278 0.0051439 0.0034174 0.0034247 0.0051990 0.0051617 0.0034415 0.0017082 0.0034325 0.0104063 
EPI247539|HA|B/Bangladesh/5816/2010|EPI_ISL_71460|B                     0.0017127 0.0121851 0.0034300 0.0051680 0.0000000 0.0034479 0.0069421 0.0069167 0.0034330 0.0069112 0.0104337 0.0051804 0.0158124 0.0051648 0.0051763 0.0017155 0.0034270 0.0051771 0.0051798 0.0122415 0.0104844 0.0069197 0.0068849 0.0068830 0.0051950 0.0035010 0.0051771 0.0069080 0.0034399 0.0034398 0.0034323 0.0069289 0.0069183 0.0086569 0.0051846 0.0069564 0.0051729 0.0069023 0.0051984 0.0034324 0.0139763 0.0069412 0.0122364 0.0051792 0.0034381 0.0051833 0.0069451 0.0069342 0.0051771 0.0051889 0.0051919 0.0051740 0.0034324 0.0051833 0.0068878 0.0069050 0.0068992 0.0068623 0.0051889 0.0051763 0.0068724 0.0068579 0.0052259 0.0068957 0.0068689 0.0068738 0.0068789 0.0086192 0.0051673 0.0068579 0.0068570 0.0068634 0.0051846 0.0051742 0.0068922 0.0069142 0.0051673 0.0051785 0.0034589 0.0069390 0.0034840 0.0034439 0.0017127 0.0122415 
EPI247558|HA|B/Heilongjiang-Hulan/116/2010|EPI_ISL_71468|B              0.0034502 0.0140290 0.0051822 0.0034355 0.0034479 0.0000000 0.0051911 0.0051722 0.0051867 0.0051680 0.0122628 0.0034436 0.0177009 0.0069370 0.0034409 0.0017147 0.0051776 0.0034415 0.0034433 0.0104611 0.0087107 0.0051743 0.0086684 0.0086660 0.0017144 0.0017816 0.0034415 0.0051656 0.0034403 0.0051971 0.0051857 0.0051813 0.0051733 0.0104657 0.0034464 0.0052024 0.0069480 0.0051612 0.0034555 0.0051859 0.0158403 0.0051905 0.0104569 0.0034429 0.0034386 0.0017106 0.0034375 0.0051852 0.0034415 0.0034492 0.0017134 0.0034395 0.0051859 0.0017106 0.0086722 0.0051634 0.0051589 0.0086401 0.0034492 0.0034409 0.0086520 0.0086346 0.0071360 0.0086821 0.0086485 0.0086538 0.0086606 0.0104183 0.0034351 0.0086346 0.0086334 0.0086416 0.0034464 0.0034396 0.0051536 0.0051703 0.0034351 0.0034424 0.0052263 0.0051888 0.0017355 0.0017161 0.0034502 0.0104611 
EPI247571|HA|B/Heilongjiang-Xiangfang/1197/2010|EPI_ISL_71473|B         0.0051865 0.0158190 0.0069249 0.0051640 0.0069421 0.0051911 0.0000000 0.0051702 0.0052540 0.0069059 0.0140472 0.0051764 0.0195168 0.0086904 0.0051723 0.0051815 0.0069188 0.0051731 0.0051759 0.0122317 0.0104763 0.0069144 0.0104249 0.0104217 0.0069516 0.0051848 0.0051731 0.0069028 0.0087207 0.0069448 0.0069297 0.0051793 0.0052404 0.0122377 0.0051807 0.0069510 0.0087044 0.0068970 0.0051945 0.0069299 0.0176413 0.0069359 0.0122271 0.0051752 0.0069230 0.0069369 0.0087134 0.0034460 0.0051731 0.0051849 0.0069485 0.0051700 0.0069299 0.0069369 0.0104297 0.0068998 0.0068940 0.0103909 0.0051849 0.0051723 0.0104064 0.0103839 0.0104253 0.0104415 0.0104010 0.0104084 0.0104164 0.0121815 0.0051633 0.0103839 0.0103825 0.0103927 0.0051807 0.0051703 0.0068870 0.0069090 0.0051633 0.0051745 0.0069836 0.0069337 0.0052002 0.0034413 0.0051865 0.0122317 
EPI247569|HA|B/Bangladesh/6166/2010|EPI_ISL_71472|B                     0.0051675 0.0157576 0.0068996 0.0017139 0.0069167 0.0051722 0.0051702 0.0000000 0.0052005 0.0068807 0.0139932 0.0051574 0.0194390 0.0086576 0.0051532 0.0051625 0.0068935 0.0051541 0.0051568 0.0121857 0.0104370 0.0068892 0.0103866 0.0103836 0.0069270 0.0051658 0.0051541 0.0068776 0.0086881 0.0069193 0.0069043 0.0034235 0.0051872 0.0121914 0.0051617 0.0069264 0.0086718 0.0068719 0.0051755 0.0069045 0.0175720 0.0069105 0.0121808 0.0051562 0.0068977 0.0069115 0.0086809 0.0051643 0.0051541 0.0051659 0.0069230 0.0051509 0.0069045 0.0069115 0.0103911 0.0068746 0.0068689 0.0103514 0.0051659 0.0051532 0.0103676 0.0103455 0.0103869 0.0104025 0.0103623 0.0103696 0.0103769 0.0121355 0.0051451 0.0103455 0.0103441 0.0103536 0.0051617 0.0051512 0.0068618 0.0068837 0.0051451 0.0051555 0.0069574 0.0069083 0.0051812 0.0034290 0.0051675 0.0121857 
EPI249550|HA|B/Bangladesh/9628/2010|EPI_ISL_71842|B                     0.0017100 0.0121654 0.0034245 0.0051595 0.0034330 0.0051867 0.0052540 0.0052005 0.0000000 0.0069001 0.0104171 0.0051720 0.0157865 0.0051564 0.0051679 0.0051771 0.0034216 0.0051687 0.0051714 0.0122215 0.0104673 0.0069086 0.0068738 0.0068720 0.0069466 0.0051804 0.0051687 0.0068969 0.0051744 0.0034343 0.0034268 0.0052097 0.0034403 0.0086437 0.0051762 0.0069460 0.0051645 0.0068912 0.0051900 0.0034269 0.0139535 0.0069300 0.0122161 0.0051708 0.0069172 0.0069310 0.0087060 0.0052480 0.0051687 0.0051805 0.0069426 0.0051656 0.0034269 0.0069310 0.0068767 0.0068940 0.0068882 0.0068512 0.0051805 0.0051679 0.0068614 0.0068468 0.0068743 0.0068846 0.0068579 0.0068627 0.0068679 0.0086054 0.0051588 0.0068468 0.0068459 0.0068524 0.0051762 0.0051658 0.0068811 0.0069031 0.0051588 0.0051701 0.0034533 0.0069278 0.0051957 0.0034384 0.0017100 0.0122215 
EPI270016|HA|B/Macau/200185/2010|EPI_ISL_76641|B                        0.0051633 0.0157458 0.0068941 0.0051417 0.0069112 0.0051680 0.0069059 0.0068807 0.0069001 0.0000000 0.0139825 0.0051532 0.0194246 0.0086515 0.0051490 0.0051583 0.0068880 0.0051498 0.0051526 0.0121763 0.0104289 0.0068837 0.0103781 0.0103747 0.0069215 0.0051616 0.0051498 0.0068722 0.0086813 0.0069138 0.0068988 0.0068928 0.0068823 0.0121821 0.0051575 0.0069209 0.0086649 0.0068664 0.0051713 0.0068990 0.0175589 0.0069050 0.0121714 0.0051519 0.0068923 0.0069061 0.0086740 0.0068981 0.0051498 0.0051617 0.0069175 0.0051467 0.0068990 0.0069061 0.0103829 0.0068692 0.0068634 0.0103442 0.0051617 0.0051490 0.0103595 0.0103375 0.0103786 0.0103945 0.0103538 0.0103615 0.0103695 0.0121262 0.0051410 0.0103375 0.0103360 0.0103461 0.0051575 0.0051469 0.0068564 0.0068783 0.0051410 0.0051512 0.0069517 0.0069029 0.0051770 0.0034262 0.0051633 0.0121763 
EPI270044|HA|B/Macau/200119/2010|EPI_ISL_76649|B                        0.0086614 0.0086487 0.0104081 0.0121984 0.0104337 0.0122628 0.0140472 0.0139932 0.0104171 0.0139825 0.0000000 0.0122285 0.0122205 0.0121905 0.0122184 0.0122403 0.0103986 0.0122203 0.0122276 0.0086879 0.0087056 0.0140004 0.0139274 0.0139232 0.0140778 0.0122480 0.0122205 0.0139758 0.0122327 0.0104378 0.0104154 0.0140188 0.0139970 0.0051612 0.0122388 0.0140777 0.0122105 0.0139637 0.0122717 0.0104156 0.0104158 0.0140437 0.0086844 0.0122255 0.0140177 0.0140460 0.0158808 0.0140306 0.0122205 0.0122487 0.0140703 0.0122133 0.0104156 0.0123266 0.0139336 0.0139694 0.0139575 0.0138804 0.0122487 0.0122184 0.0139012 0.0138710 0.0139273 0.0139481 0.0138940 0.0139039 0.0139148 0.0156903 0.0121968 0.0138710 0.0138693 0.0138830 0.0104608 0.0122136 0.0139426 0.0139886 0.0121968 0.0122241 0.0104970 0.0140401 0.0122850 0.0104515 0.0086614 0.0086879 
EPI271556|HA|B/India/5949/2010|EPI_ISL_76925|B                          0.0034405 0.0139895 0.0051675 0.0034259 0.0051804 0.0034436 0.0051764 0.0051574 0.0051720 0.0051532 0.0122285 0.0000000 0.0176509 0.0069176 0.0034313 0.0034373 0.0051629 0.0034318 0.0034336 0.0104313 0.0086863 0.0051596 0.0086445 0.0086421 0.0051883 0.0034395 0.0034318 0.0051508 0.0069415 0.0051824 0.0051710 0.0051666 0.0051586 0.0104360 0.0034367 0.0051877 0.0069284 0.0051463 0.0034458 0.0051712 0.0157957 0.0051758 0.0104270 0.0034332 0.0051662 0.0051766 0.0069357 0.0051705 0.0034318 0.0034395 0.0051852 0.0034298 0.0051712 0.0051766 0.0086482 0.0051485 0.0051450 0.0086160 0.0034395 0.0034313 0.0086287 0.0086104 0.0086449 0.0086572 0.0086243 0.0086304 0.0086369 0.0103891 0.0034255 0.0086104 0.0086093 0.0086175 0.0034367 0.0034300 0.0051398 0.0051555 0.0034255 0.0034327 0.0052115 0.0051741 0.0034496 0.0017122 0.0034405 0.0104313 
EPI271553|HA|B/India/5908/2010|EPI_ISL_76924|B                          0.0140022 0.0139797 0.0157727 0.0176061 0.0158124 0.0177009 0.0195168 0.0194390 0.0157865 0.0194246 0.0122205 0.0176509 0.0000000 0.0175939 0.0176361 0.0176678 0.0157577 0.0176387 0.0176499 0.0140449 0.0140742 0.0194502 0.0193457 0.0157581 0.0195582 0.0176790 0.0140516 0.0194149 0.0176556 0.0158185 0.0157842 0.0194756 0.0194449 0.0104295 0.0176663 0.0195593 0.0176247 0.0193976 0.0177145 0.0157842 0.0017126 0.0195102 0.0140391 0.0176462 0.0194740 0.0195136 0.0213955 0.0194931 0.0140516 0.0176803 0.0195484 0.0176286 0.0157842 0.0177934 0.0193549 0.0194056 0.0193888 0.0192788 0.0176803 0.0176361 0.0193081 0.0192651 0.0193446 0.0193735 0.0192980 0.0193119 0.0193276 0.0174097 0.0176038 0.0192651 0.0192627 0.0192828 0.0158543 0.0176288 0.0193674 0.0194331 0.0176038 0.0176445 0.0159092 0.0177540 0.0177333 0.0158403 0.0140022 0.0140449 
EPI271614|HA|B/Bangladesh/4588/2010|EPI_ISL_76945|B                     0.0034304 0.0139456 0.0051518 0.0069010 0.0051648 0.0069370 0.0086904 0.0086576 0.0051564 0.0086515 0.0121905 0.0069176 0.0175939 0.0000000 0.0069121 0.0069243 0.0051471 0.0069131 0.0069169 0.0140105 0.0122496 0.0086617 0.0086184 0.0086160 0.0087099 0.0069286 0.0069132 0.0086475 0.0069206 0.0051668 0.0051554 0.0086734 0.0086598 0.0104042 0.0069232 0.0087093 0.0069076 0.0086403 0.0069416 0.0051556 0.0157454 0.0086890 0.0140048 0.0069159 0.0086727 0.0086903 0.0104795 0.0086804 0.0069132 0.0069288 0.0087050 0.0069091 0.0051556 0.0086903 0.0086220 0.0086438 0.0086364 0.0085899 0.0069288 0.0069121 0.0086027 0.0085842 0.0086188 0.0086317 0.0085983 0.0086043 0.0086109 0.0103573 0.0069001 0.0085842 0.0085830 0.0085913 0.0069232 0.0069093 0.0086276 0.0086545 0.0069001 0.0069150 0.0051959 0.0086864 0.0069492 0.0051732 0.0034304 0.0140105 
EPI271620|HA|B/Bangladesh/1005/2010|EPI_ISL_76947|B                     0.0034378 0.0139781 0.0051633 0.0034233 0.0051763 0.0034409 0.0051723 0.0051532 0.0051679 0.0051490 0.0122184 0.0034313 0.0176361 0.0069121 0.0000000 0.0034346 0.0051587 0.0034292 0.0034309 0.0104225 0.0086794 0.0051555 0.0086376 0.0086352 0.0051842 0.0034368 0.0034292 0.0051466 0.0069359 0.0051783 0.0051669 0.0051625 0.0051544 0.0104272 0.0034341 0.0051836 0.0034466 0.0051432 0.0034431 0.0051671 0.0157826 0.0051717 0.0104191 0.0034305 0.0051620 0.0051725 0.0069302 0.0051664 0.0034292 0.0034369 0.0051811 0.0034271 0.0017151 0.0051725 0.0086413 0.0051453 0.0051410 0.0086091 0.0034369 0.0034286 0.0086219 0.0086036 0.0086380 0.0086510 0.0086175 0.0086235 0.0086301 0.0103805 0.0034228 0.0086036 0.0086025 0.0086106 0.0034341 0.0034273 0.0051358 0.0051513 0.0034228 0.0034301 0.0052074 0.0051700 0.0034469 0.0017108 0.0034378 0.0104225 
EPI271644|HA|B/Taiwan/77/2010|EPI_ISL_76955|B                           0.0034439 0.0140030 0.0051726 0.0034293 0.0017155 0.0017147 0.0051815 0.0051625 0.0051771 0.0051583 0.0122403 0.0034373 0.0176678 0.0069243 0.0034346 0.0000000 0.0051680 0.0034352 0.0034369 0.0104416 0.0086947 0.0051647 0.0086519 0.0086504 0.0034468 0.0017427 0.0034352 0.0051559 0.0051878 0.0051875 0.0051761 0.0051717 0.0051637 0.0104462 0.0034401 0.0051928 0.0069351 0.0051515 0.0034491 0.0051763 0.0158108 0.0051809 0.0104374 0.0034365 0.0017110 0.0034391 0.0051835 0.0051756 0.0034352 0.0034429 0.0034448 0.0034331 0.0051763 0.0034391 0.0086557 0.0051537 0.0051492 0.0086243 0.0034429 0.0034346 0.0086370 0.0086187 0.0070043 0.0086658 0.0086326 0.0086387 0.0086453 0.0103991 0.0034288 0.0086187 0.0086176 0.0086257 0.0034401 0.0034333 0.0051448 0.0051606 0.0034288 0.0034361 0.0052166 0.0051792 0.0017336 0.0017138 0.0034439 0.0104416 
EPI271869|HA|B/Hong_Kong/264/2010|EPI_ISL_76999|B                       0.0017071 0.0121436 0.0034186 0.0051503 0.0034270 0.0051776 0.0069188 0.0068935 0.0034216 0.0068880 0.0103986 0.0051629 0.0157577 0.0051471 0.0051587 0.0051680 0.0000000 0.0051595 0.0051623 0.0121995 0.0104486 0.0068965 0.0068618 0.0068599 0.0069344 0.0051713 0.0051596 0.0068849 0.0051653 0.0034284 0.0034209 0.0069056 0.0068951 0.0086285 0.0051671 0.0069338 0.0051553 0.0068792 0.0051809 0.0034211 0.0139283 0.0069178 0.0121946 0.0051617 0.0069050 0.0069189 0.0086905 0.0069109 0.0051596 0.0051714 0.0069304 0.0051564 0.0034211 0.0069189 0.0068647 0.0068819 0.0068761 0.0068389 0.0051714 0.0051587 0.0068493 0.0068344 0.0068623 0.0068726 0.0068457 0.0068506 0.0068559 0.0085902 0.0051496 0.0068344 0.0068344 0.0068401 0.0051671 0.0051567 0.0068691 0.0068910 0.0051496 0.0051610 0.0034474 0.0069157 0.0051866 0.0034325 0.0017071 0.0121995 
EPI271871|HA|B/Hong_Kong/270/2010|EPI_ISL_77000|B                       0.0034384 0.0139801 0.0051641 0.0034238 0.0051771 0.0034415 0.0051731 0.0051541 0.0051687 0.0051498 0.0122203 0.0034318 0.0176387 0.0069131 0.0034292 0.0034352 0.0051595 0.0000000 0.0034314 0.0104242 0.0086807 0.0051563 0.0086389 0.0086365 0.0051850 0.0034373 0.0034297 0.0051474 0.0069370 0.0051791 0.0051677 0.0051633 0.0051552 0.0104289 0.0034346 0.0051844 0.0069240 0.0051440 0.0034436 0.0051679 0.0157849 0.0051725 0.0104207 0.0034311 0.0051628 0.0051733 0.0069313 0.0051672 0.0034297 0.0034374 0.0051819 0.0034277 0.0051679 0.0051733 0.0086426 0.0051451 0.0051418 0.0086104 0.0034374 0.0034292 0.0086231 0.0086049 0.0086393 0.0086513 0.0086187 0.0086248 0.0086314 0.0103821 0.0034233 0.0086049 0.0086038 0.0086119 0.0034346 0.0034278 0.0051366 0.0051521 0.0034233 0.0034306 0.0052082 0.0051708 0.0034474 0.0017111 0.0034384 0.0104242 
EPI271998|HA|B/SINGAPORE/536/2010|EPI_ISL_77057|B                       0.0034401 0.0139885 0.0051669 0.0034255 0.0051798 0.0034433 0.0051759 0.0051568 0.0051714 0.0051526 0.0122276 0.0034336 0.0176499 0.0069169 0.0034309 0.0034369 0.0051623 0.0034314 0.0000000 0.0104304 0.0086855 0.0051590 0.0086437 0.0086413 0.0051877 0.0034391 0.0034315 0.0051502 0.0069408 0.0051818 0.0051705 0.0051660 0.0051580 0.0104351 0.0034364 0.0051872 0.0069277 0.0051458 0.0034454 0.0051706 0.0157946 0.0051753 0.0104260 0.0034328 0.0051656 0.0051761 0.0069351 0.0051700 0.0034315 0.0034391 0.0051847 0.0034294 0.0051706 0.0051761 0.0086474 0.0051479 0.0051445 0.0086152 0.0034391 0.0034309 0.0086279 0.0086096 0.0086441 0.0086563 0.0086235 0.0086296 0.0086361 0.0103881 0.0034251 0.0086096 0.0086085 0.0086167 0.0034364 0.0034296 0.0051393 0.0051549 0.0034251 0.0034323 0.0052109 0.0051736 0.0034492 0.0017120 0.0034401 0.0104304 
EPI272000|HA|B/SINGAPORE/505/2010|EPI_ISL_77058|B                       0.0104525 0.0068775 0.0122108 0.0104063 0.0122415 0.0104611 0.0122317 0.0121857 0.0122215 0.0121763 0.0086879 0.0104313 0.0140449 0.0140105 0.0104225 0.0104416 0.0121995 0.0104242 0.0104304 0.0000000 0.0000010 0.0121917 0.0157565 0.0157517 0.0122585 0.0104483 0.0104243 0.0121705 0.0140594 0.0122462 0.0122195 0.0122073 0.0121889 0.0069204 0.0104403 0.0122580 0.0140342 0.0121602 0.0104683 0.0122197 0.0122198 0.0122289 0.0034179 0.0104287 0.0122068 0.0122311 0.0140477 0.0122177 0.0104243 0.0104487 0.0122523 0.0104188 0.0122197 0.0105144 0.0157638 0.0086521 0.0121547 0.0157028 0.0104487 0.0104225 0.0157265 0.0156920 0.0157562 0.0157798 0.0157183 0.0157296 0.0157421 0.0175316 0.0104049 0.0156920 0.0156900 0.0157059 0.0086759 0.0104191 0.0121420 0.0121816 0.0104049 0.0104274 0.0123153 0.0122261 0.0104797 0.0086681 0.0104525 0.0000010 
EPI272014|HA|B/PHILIPPINES/1400/2010|EPI_ISL_77065|B                    0.0087030 0.0068916 0.0104582 0.0086651 0.0104844 0.0087107 0.0104763 0.0104370 0.0104673 0.0104289 0.0087056 0.0086863 0.0140742 0.0122496 0.0086794 0.0086947 0.0104486 0.0086807 0.0086855 0.0000010 0.0000000 0.0104420 0.0139950 0.0139908 0.0104992 0.0086996 0.0086808 0.0104240 0.0122924 0.0104879 0.0104656 0.0104558 0.0104396 0.0069339 0.0086936 0.0104983 0.0122700 0.0104152 0.0087167 0.0104658 0.0122452 0.0104743 0.0034249 0.0086842 0.0104549 0.0104760 0.0122821 0.0104642 0.0086808 0.0086999 0.0104938 0.0086756 0.0104658 0.0087107 0.0140014 0.0069172 0.0104105 0.0139476 0.0086999 0.0086794 0.0139686 0.0139381 0.0139950 0.0140160 0.0139613 0.0139713 0.0139823 0.0157668 0.0086639 0.0139381 0.0139363 0.0139502 0.0069349 0.0086759 0.0103997 0.0104334 0.0086639 0.0086832 0.0105480 0.0104714 0.0087262 0.0069294 0.0087030 0.0000010 
EPI272054|HA|B/SINGAPORE/525/2010|EPI_ISL_77079|B                       0.0051697 0.0157660 0.0069026 0.0051470 0.0069197 0.0051743 0.0069144 0.0068892 0.0069086 0.0068837 0.0140004 0.0051596 0.0194502 0.0086617 0.0051555 0.0051647 0.0068965 0.0051563 0.0051590 0.0121917 0.0104420 0.0000000 0.0103916 0.0103886 0.0069300 0.0051680 0.0051563 0.0068806 0.0086921 0.0069223 0.0069073 0.0069013 0.0068908 0.0121975 0.0051639 0.0069294 0.0086758 0.0068749 0.0051777 0.0069075 0.0175817 0.0069135 0.0121868 0.0051584 0.0069007 0.0069145 0.0086849 0.0069066 0.0051563 0.0051681 0.0069260 0.0051532 0.0069075 0.0069145 0.0103961 0.0068776 0.0068718 0.0103569 0.0051681 0.0051555 0.0103725 0.0103503 0.0103919 0.0104075 0.0103672 0.0103745 0.0103822 0.0121415 0.0051463 0.0103503 0.0103490 0.0103588 0.0051639 0.0051534 0.0068648 0.0068867 0.0051463 0.0051577 0.0069605 0.0069113 0.0051834 0.0034304 0.0051697 0.0121917 
EPI464421|HA|B/Cambodia/U0707330/2010|EPI_ISL_144656|B                  0.0051443 0.0156832 0.0068679 0.0086237 0.0068849 0.0086684 0.0104249 0.0103866 0.0068738 0.0103781 0.0139274 0.0086445 0.0193457 0.0086184 0.0086376 0.0086519 0.0068618 0.0086389 0.0086437 0.0157565 0.0139950 0.0103916 0.0000000 0.0034285 0.0104486 0.0086576 0.0086390 0.0103738 0.0086480 0.0068875 0.0068726 0.0104053 0.0103892 0.0121345 0.0069291 0.0104481 0.0086321 0.0103650 0.0086743 0.0068728 0.0174884 0.0104229 0.0157501 0.0086424 0.0104044 0.0104246 0.0122224 0.0104136 0.0086390 0.0086579 0.0104428 0.0086339 0.0068728 0.0104246 0.0068907 0.0103692 0.0103604 0.0068653 0.0086579 0.0086376 0.0068754 0.0068609 0.0068883 0.0068986 0.0068719 0.0068767 0.0068819 0.0086231 0.0086226 0.0068609 0.0068600 0.0068664 0.0086516 0.0086342 0.0103497 0.0103829 0.0086226 0.0086414 0.0069260 0.0104207 0.0086839 0.0068961 0.0051443 0.0157565 
EPI464422|HA|B/Cambodia/U1102389/2010|EPI_ISL_144657|B                  0.0051429 0.0156785 0.0068661 0.0086213 0.0068830 0.0086660 0.0104217 0.0103836 0.0068720 0.0103747 0.0139232 0.0086421 0.0157581 0.0086160 0.0086352 0.0086504 0.0068599 0.0086365 0.0086413 0.0157517 0.0139908 0.0103886 0.0034285 0.0000000 0.0104456 0.0086551 0.0086366 0.0103709 0.0086456 0.0068857 0.0068707 0.0104023 0.0103862 0.0121310 0.0069273 0.0104451 0.0086297 0.0103621 0.0086719 0.0068709 0.0139287 0.0104197 0.0157452 0.0086400 0.0104015 0.0104215 0.0122188 0.0104107 0.0051597 0.0086554 0.0104398 0.0086315 0.0068709 0.0104215 0.0068888 0.0103663 0.0103574 0.0068634 0.0086554 0.0086352 0.0068735 0.0068590 0.0068864 0.0068967 0.0068700 0.0068748 0.0068800 0.0086207 0.0086202 0.0068590 0.0068581 0.0068645 0.0086492 0.0086318 0.0103468 0.0103798 0.0086202 0.0086390 0.0069241 0.0104177 0.0086814 0.0068942 0.0051429 0.0157517 
EPI278964|HA|B/Mie/06/2010|EPI_ISL_79381|B                              0.0051984 0.0158531 0.0069405 0.0051759 0.0051950 0.0017144 0.0069516 0.0069270 0.0069466 0.0069215 0.0140778 0.0051883 0.0195582 0.0087099 0.0051842 0.0034468 0.0069344 0.0051850 0.0051877 0.0122585 0.0104992 0.0069300 0.0104486 0.0104456 0.0000000 0.0035741 0.0051850 0.0069183 0.0051834 0.0069598 0.0069453 0.0069392 0.0069286 0.0122645 0.0051925 0.0069671 0.0087239 0.0069125 0.0052063 0.0069455 0.0176790 0.0069506 0.0122539 0.0051871 0.0051808 0.0034363 0.0051791 0.0069446 0.0051850 0.0051968 0.0034420 0.0051819 0.0069455 0.0034363 0.0104532 0.0069153 0.0069095 0.0104138 0.0051968 0.0051842 0.0104289 0.0104070 0.0089497 0.0104647 0.0104233 0.0104310 0.0104393 0.0122081 0.0051752 0.0104070 0.0104056 0.0104157 0.0051925 0.0051821 0.0069024 0.0069245 0.0051752 0.0051864 0.0069996 0.0069494 0.0034867 0.0034492 0.0051984 0.0122585 
EPI278990|HA|B/Taiwan/11/2010|EPI_ISL_79388|B                           0.0034461 0.0140118 0.0051759 0.0034314 0.0035010 0.0017816 0.0051848 0.0051658 0.0051804 0.0051616 0.0122480 0.0034395 0.0176790 0.0069286 0.0034368 0.0017427 0.0051713 0.0034373 0.0034391 0.0104483 0.0086996 0.0051680 0.0086576 0.0086551 0.0035741 0.0000000 0.0034374 0.0051592 0.0053723 0.0051908 0.0051794 0.0051750 0.0051670 0.0104529 0.0034423 0.0051961 0.0069395 0.0051549 0.0034513 0.0051796 0.0158208 0.0051842 0.0104440 0.0034387 0.0034912 0.0035659 0.0053677 0.0051789 0.0034374 0.0034451 0.0035719 0.0034353 0.0051796 0.0035659 0.0086614 0.0051570 0.0051526 0.0086297 0.0034451 0.0034368 0.0086424 0.0086241 0.0051502 0.0086714 0.0086380 0.0086441 0.0086507 0.0104056 0.0034310 0.0086241 0.0086230 0.0086312 0.0034423 0.0034355 0.0051472 0.0051639 0.0034310 0.0034382 0.0052199 0.0051825 0.0017156 0.0017149 0.0034461 0.0104483 
EPI278996|HA|B/Yamaguchi/01/2010|EPI_ISL_79390|B                        0.0034384 0.0139803 0.0051642 0.0034238 0.0051771 0.0034415 0.0051731 0.0051541 0.0051687 0.0051498 0.0122205 0.0034318 0.0140516 0.0069132 0.0034292 0.0034352 0.0051596 0.0034297 0.0034315 0.0104243 0.0086808 0.0051563 0.0086390 0.0086366 0.0051850 0.0034374 0.0000000 0.0051474 0.0069370 0.0051791 0.0051677 0.0051633 0.0051552 0.0104290 0.0034346 0.0051845 0.0069240 0.0051440 0.0034436 0.0051679 0.0122254 0.0051726 0.0104208 0.0034311 0.0051629 0.0051733 0.0069313 0.0051673 0.0034297 0.0034374 0.0051820 0.0034277 0.0051679 0.0051733 0.0086426 0.0051451 0.0051418 0.0086105 0.0034374 0.0034292 0.0086232 0.0086050 0.0086394 0.0086514 0.0086188 0.0086249 0.0086314 0.0103822 0.0034233 0.0086050 0.0086038 0.0086120 0.0034346 0.0034278 0.0051366 0.0051522 0.0034233 0.0034306 0.0052082 0.0034513 0.0034474 0.0017111 0.0034384 0.0104243 
EPI279203|HA|B/CAMBODIA/5/2010|EPI_ISL_79476|B                          0.0051610 0.0157381 0.0068910 0.0051394 0.0069080 0.0051656 0.0069028 0.0068776 0.0068969 0.0068722 0.0139758 0.0051508 0.0194149 0.0086475 0.0051466 0.0051559 0.0068849 0.0051474 0.0051502 0.0121705 0.0104240 0.0068806 0.0103738 0.0103709 0.0069183 0.0051592 0.0051474 0.0000000 0.0086772 0.0069107 0.0068957 0.0068897 0.0068792 0.0121763 0.0051551 0.0069177 0.0086607 0.0068633 0.0051689 0.0068959 0.0175502 0.0069018 0.0121656 0.0051495 0.0068891 0.0069029 0.0086699 0.0068950 0.0051474 0.0051593 0.0069144 0.0051452 0.0068959 0.0069029 0.0103776 0.0068661 0.0068603 0.0103394 0.0051593 0.0051466 0.0103543 0.0103326 0.0103741 0.0103896 0.0103494 0.0103565 0.0086969 0.0121205 0.0051387 0.0103326 0.0103313 0.0103403 0.0051551 0.0051445 0.0068532 0.0068751 0.0051387 0.0051488 0.0069494 0.0068997 0.0051746 0.0034247 0.0051610 0.0121705 
EPI280403|HA|B/Bangladesh/2009/2010|EPI_ISL_79742|B                     0.0034422 0.0139941 0.0051699 0.0069248 0.0034399 0.0034403 0.0087207 0.0086881 0.0051744 0.0086813 0.0122327 0.0069415 0.0176556 0.0069206 0.0069359 0.0051878 0.0051653 0.0069370 0.0069408 0.0140594 0.0122924 0.0086921 0.0086480 0.0086456 0.0051834 0.0053723 0.0069370 0.0086772 0.0000000 0.0051848 0.0051735 0.0087037 0.0086903 0.0104401 0.0069472 0.0087397 0.0069315 0.0086698 0.0069651 0.0051736 0.0158004 0.0087192 0.0140537 0.0069398 0.0069317 0.0051717 0.0069293 0.0087106 0.0069370 0.0069519 0.0051803 0.0069329 0.0051736 0.0051717 0.0086507 0.0086733 0.0086658 0.0086195 0.0069519 0.0069359 0.0086323 0.0086140 0.0071187 0.0069475 0.0086278 0.0086339 0.0086405 0.0103931 0.0069239 0.0086140 0.0086128 0.0086210 0.0069472 0.0069332 0.0086566 0.0086851 0.0069239 0.0069389 0.0052139 0.0087166 0.0052476 0.0051912 0.0034422 0.0140594 
EPI902769|HA|B/Hong_Kong/2207/2010|EPI_ISL_246650|B                     0.0017134 0.0121898 0.0034313 0.0051700 0.0034398 0.0051971 0.0069448 0.0069193 0.0034343 0.0069138 0.0104378 0.0051824 0.0158185 0.0051668 0.0051783 0.0051875 0.0034284 0.0051791 0.0051818 0.0122462 0.0104879 0.0069223 0.0068875 0.0068857 0.0069598 0.0051908 0.0051791 0.0069107 0.0051848 0.0000000 0.0034336 0.0069315 0.0069209 0.0086604 0.0051867 0.0069592 0.0051749 0.0069049 0.0052004 0.0034337 0.0139816 0.0069438 0.0122412 0.0051812 0.0069310 0.0069449 0.0087235 0.0069369 0.0051791 0.0051909 0.0069557 0.0051760 0.0034337 0.0069449 0.0068904 0.0069077 0.0069019 0.0068650 0.0051909 0.0051783 0.0068751 0.0068606 0.0068880 0.0068983 0.0068716 0.0068764 0.0068816 0.0086225 0.0051693 0.0068606 0.0068597 0.0068661 0.0051867 0.0051762 0.0068948 0.0069169 0.0051693 0.0051805 0.0034602 0.0069417 0.0052062 0.0034452 0.0017134 0.0122462 
EPI902783|HA|B/Tehran/5277/2010|EPI_ISL_246657|B                        0.0017097 0.0121634 0.0034239 0.0051585 0.0034323 0.0051857 0.0069297 0.0069043 0.0034268 0.0068988 0.0104154 0.0051710 0.0157842 0.0051554 0.0051669 0.0051761 0.0034209 0.0051677 0.0051705 0.0122195 0.0104656 0.0069073 0.0068726 0.0068707 0.0069453 0.0051794 0.0051677 0.0068957 0.0051735 0.0034336 0.0000000 0.0069165 0.0069059 0.0086422 0.0051753 0.0069447 0.0051635 0.0068900 0.0051890 0.0034263 0.0139513 0.0069287 0.0122146 0.0051698 0.0069159 0.0069298 0.0087044 0.0069218 0.0051677 0.0051795 0.0069413 0.0051646 0.0034263 0.0069298 0.0068755 0.0068927 0.0068869 0.0068500 0.0051795 0.0051669 0.0068602 0.0068455 0.0068731 0.0068834 0.0068566 0.0068615 0.0068667 0.0086039 0.0051578 0.0068455 0.0068446 0.0068511 0.0051753 0.0051648 0.0068799 0.0069019 0.0051578 0.0051691 0.0034527 0.0069266 0.0051948 0.0034377 0.0017097 0.0122195 
EPI291629|HA|B/Chongqing-Yuzhong/1384/2010|EPI_ISL_83191|B              0.0051767 0.0157867 0.0069117 0.0051541 0.0069289 0.0051813 0.0051793 0.0034235 0.0052097 0.0068928 0.0140188 0.0051666 0.0194756 0.0086734 0.0051625 0.0051717 0.0069056 0.0051633 0.0051660 0.0122073 0.0104558 0.0069013 0.0104053 0.0104023 0.0069392 0.0051750 0.0051633 0.0068897 0.0087037 0.0069315 0.0069165 0.0000000 0.0017243 0.0122135 0.0051709 0.0069386 0.0086875 0.0068840 0.0051846 0.0069167 0.0176047 0.0069226 0.0122028 0.0051654 0.0069099 0.0034473 0.0086965 0.0051734 0.0051633 0.0051751 0.0069352 0.0051602 0.0069167 0.0069237 0.0104098 0.0068867 0.0068809 0.0103707 0.0051751 0.0051625 0.0103860 0.0103639 0.0104056 0.0104203 0.0103804 0.0103880 0.0103961 0.0121574 0.0051534 0.0103639 0.0103625 0.0103725 0.0051709 0.0051604 0.0068739 0.0068958 0.0051534 0.0051647 0.0069700 0.0069205 0.0051903 0.0034349 0.0051767 0.0122073 
EPI291626|HA|B/Chongqing-Yuzhong/1342/2010|EPI_ISL_83190|B              0.0051687 0.0157621 0.0069012 0.0051460 0.0069183 0.0051733 0.0052404 0.0051872 0.0034403 0.0068823 0.0139970 0.0051586 0.0194449 0.0086598 0.0051544 0.0051637 0.0068951 0.0051552 0.0051580 0.0121889 0.0104396 0.0068908 0.0103892 0.0103862 0.0069286 0.0051670 0.0051552 0.0068792 0.0086903 0.0069209 0.0069059 0.0017243 0.0000000 0.0121946 0.0051629 0.0069280 0.0086739 0.0068735 0.0051766 0.0069061 0.0175771 0.0069121 0.0121839 0.0051574 0.0068993 0.0034420 0.0086830 0.0052344 0.0051552 0.0051671 0.0069246 0.0051521 0.0069061 0.0069131 0.0103938 0.0068762 0.0068704 0.0103544 0.0051671 0.0051544 0.0103701 0.0103480 0.0103896 0.0104051 0.0103648 0.0103722 0.0103797 0.0121387 0.0051452 0.0103480 0.0103467 0.0103564 0.0051629 0.0051523 0.0068634 0.0068853 0.0051452 0.0051566 0.0069590 0.0069099 0.0051824 0.0034297 0.0051687 0.0121889 
EPI293608|HA|B/Beijing-Xicheng/11082/2010|EPI_ISL_83656|B               0.0068998 0.0068894 0.0086362 0.0104108 0.0086569 0.0104657 0.0122377 0.0121914 0.0086437 0.0121821 0.0051612 0.0104360 0.0104295 0.0104042 0.0104272 0.0104462 0.0086285 0.0104289 0.0104351 0.0069204 0.0069339 0.0121975 0.0121345 0.0121310 0.0122645 0.0104529 0.0104290 0.0121763 0.0104401 0.0086604 0.0086422 0.0122135 0.0121946 0.0000000 0.0104449 0.0122641 0.0104211 0.0121659 0.0104729 0.0086424 0.0086428 0.0122350 0.0069177 0.0104334 0.0122125 0.0122371 0.0140549 0.0122236 0.0104290 0.0104533 0.0122572 0.0104224 0.0086424 0.0105192 0.0121399 0.0121708 0.0121604 0.0120940 0.0104533 0.0104272 0.0121120 0.0120860 0.0121347 0.0121528 0.0121058 0.0121143 0.0121237 0.0138881 0.0104095 0.0120860 0.0120844 0.0120962 0.0086795 0.0104227 0.0121476 0.0121874 0.0104095 0.0104321 0.0087096 0.0122312 0.0104843 0.0086716 0.0068998 0.0069204 
EPI293640|HA|B/Fujian-Licheng/118/2010|EPI_ISL_83660|B                  0.0034433 0.0140015 0.0051717 0.0034287 0.0051846 0.0034464 0.0051807 0.0051617 0.0051762 0.0051575 0.0122388 0.0034367 0.0176663 0.0069232 0.0034341 0.0034401 0.0051671 0.0034346 0.0034364 0.0104403 0.0086936 0.0051639 0.0069291 0.0069273 0.0051925 0.0034423 0.0034346 0.0051551 0.0069472 0.0051867 0.0051753 0.0051709 0.0051629 0.0104449 0.0000000 0.0051920 0.0069341 0.0051507 0.0034486 0.0051755 0.0158093 0.0051801 0.0104360 0.0034360 0.0051704 0.0051809 0.0069415 0.0051748 0.0034346 0.0034423 0.0051895 0.0034326 0.0051755 0.0051809 0.0086545 0.0051528 0.0051483 0.0086231 0.0034423 0.0034341 0.0086358 0.0086175 0.0086511 0.0086646 0.0086314 0.0086375 0.0086441 0.0103978 0.0034282 0.0086175 0.0086164 0.0086246 0.0034395 0.0034327 0.0051440 0.0051598 0.0034282 0.0034355 0.0052158 0.0051784 0.0034524 0.0017135 0.0034433 0.0104403 
EPI294765|HA|B/Guangdong-Zhongshan/5756/2010|EPI_ISL_83935|B            0.0051978 0.0158534 0.0069399 0.0051753 0.0069564 0.0052024 0.0069510 0.0069264 0.0069460 0.0069209 0.0140777 0.0051877 0.0195593 0.0087093 0.0051836 0.0051928 0.0069338 0.0051844 0.0051872 0.0122580 0.0104983 0.0069294 0.0104481 0.0104451 0.0069671 0.0051961 0.0051845 0.0069177 0.0087397 0.0069592 0.0069447 0.0069386 0.0069280 0.0122641 0.0051920 0.0000000 0.0087234 0.0069119 0.0052058 0.0069449 0.0176796 0.0069500 0.0122536 0.0051865 0.0069381 0.0069511 0.0087324 0.0069440 0.0051845 0.0051962 0.0069630 0.0051814 0.0069449 0.0069511 0.0104527 0.0069147 0.0069089 0.0104133 0.0051962 0.0051836 0.0104284 0.0104065 0.0104485 0.0104642 0.0104227 0.0104305 0.0104388 0.0122077 0.0051746 0.0104065 0.0104051 0.0104152 0.0051920 0.0051816 0.0069018 0.0069239 0.0051746 0.0051858 0.0069990 0.0069488 0.0052115 0.0034487 0.0051978 0.0122580 
EPI294795|HA|B/Kyrgyzstan/126/2010|EPI_ISL_83945|B                      0.0034356 0.0139691 0.0051599 0.0069118 0.0051729 0.0069480 0.0087044 0.0086718 0.0051645 0.0086649 0.0122105 0.0069284 0.0176247 0.0069076 0.0034466 0.0069351 0.0051553 0.0069240 0.0069277 0.0140342 0.0122700 0.0086758 0.0086321 0.0086297 0.0087239 0.0069395 0.0069240 0.0086607 0.0069315 0.0051749 0.0051635 0.0086875 0.0086739 0.0104211 0.0069341 0.0087234 0.0000000 0.0086531 0.0069516 0.0051637 0.0157724 0.0087029 0.0140284 0.0069268 0.0086868 0.0087043 0.0104967 0.0086944 0.0069240 0.0069397 0.0087190 0.0069199 0.0017140 0.0087043 0.0051293 0.0086568 0.0086502 0.0086036 0.0069397 0.0069229 0.0086163 0.0085980 0.0086325 0.0086454 0.0086119 0.0086180 0.0086245 0.0103741 0.0069109 0.0085980 0.0085969 0.0086051 0.0069341 0.0069202 0.0086413 0.0086687 0.0069109 0.0069259 0.0052040 0.0087003 0.0069594 0.0051813 0.0034356 0.0140342 
EPI294822|HA|B/Nepal/188/2010|EPI_ISL_83954|B                           0.0051566 0.0157244 0.0068853 0.0051351 0.0069023 0.0051612 0.0068970 0.0068719 0.0068912 0.0068664 0.0139637 0.0051463 0.0193976 0.0086403 0.0051432 0.0051515 0.0068792 0.0051440 0.0051458 0.0121602 0.0104152 0.0068749 0.0103650 0.0103621 0.0069125 0.0051549 0.0051440 0.0068633 0.0086698 0.0069049 0.0068900 0.0068840 0.0068735 0.0121659 0.0051507 0.0069119 0.0086531 0.0000000 0.0051646 0.0068902 0.0175348 0.0068961 0.0121552 0.0051451 0.0068834 0.0068971 0.0086625 0.0068893 0.0051440 0.0051550 0.0069086 0.0051410 0.0068902 0.0068971 0.0103695 0.0034277 0.0068545 0.0103299 0.0051550 0.0051432 0.0103460 0.0103240 0.0103654 0.0103806 0.0103407 0.0103480 0.0103557 0.0121102 0.0051345 0.0103240 0.0103227 0.0103318 0.0051507 0.0051412 0.0068474 0.0068694 0.0051345 0.0051454 0.0069435 0.0068940 0.0051703 0.0034219 0.0051566 0.0121602 
EPI294866|HA|B/Thailand/820/2010|EPI_ISL_83969|B                        0.0034524 0.0140392 0.0051855 0.0034377 0.0051984 0.0034555 0.0051945 0.0051755 0.0051900 0.0051713 0.0122717 0.0034458 0.0177145 0.0069416 0.0034431 0.0034491 0.0051809 0.0034436 0.0034454 0.0104683 0.0087167 0.0051777 0.0086743 0.0086719 0.0052063 0.0034513 0.0034436 0.0051689 0.0069651 0.0052004 0.0051890 0.0051846 0.0051766 0.0104729 0.0034486 0.0052058 0.0069516 0.0051646 0.0000000 0.0051892 0.0158521 0.0051939 0.0104641 0.0034450 0.0051842 0.0051947 0.0069592 0.0051886 0.0034436 0.0034514 0.0052033 0.0034416 0.0051892 0.0051947 0.0086781 0.0051667 0.0051623 0.0086459 0.0034514 0.0034431 0.0086581 0.0086403 0.0086748 0.0086880 0.0086534 0.0086598 0.0086666 0.0104248 0.0034372 0.0086403 0.0086392 0.0069281 0.0034486 0.0034418 0.0051570 0.0051736 0.0034372 0.0034445 0.0052297 0.0051922 0.0034615 0.0017172 0.0034524 0.0104683 
EPI301211|HA|B/Guangdong-Duanzhou/1766/2010|EPI_ISL_85665|B             0.0017097 0.0121636 0.0034240 0.0051587 0.0034324 0.0051859 0.0069299 0.0069045 0.0034269 0.0068990 0.0104156 0.0051712 0.0157842 0.0051556 0.0051671 0.0051763 0.0034211 0.0051679 0.0051706 0.0122197 0.0104658 0.0069075 0.0068728 0.0068709 0.0069455 0.0051796 0.0051679 0.0068959 0.0051736 0.0034337 0.0034263 0.0069167 0.0069061 0.0086424 0.0051755 0.0069449 0.0051637 0.0068902 0.0051892 0.0000000 0.0139515 0.0069289 0.0122148 0.0051700 0.0069161 0.0069300 0.0087046 0.0069220 0.0051679 0.0051797 0.0069415 0.0051648 0.0034264 0.0069300 0.0068757 0.0068929 0.0068871 0.0068502 0.0051797 0.0051671 0.0068604 0.0068457 0.0068733 0.0068836 0.0068568 0.0068617 0.0068669 0.0086041 0.0051580 0.0068457 0.0068448 0.0068513 0.0051755 0.0051650 0.0068801 0.0069020 0.0051580 0.0051693 0.0034528 0.0069268 0.0051949 0.0034378 0.0017097 0.0122197 
EPI302086|HA|B/India/6613/2010|EPI_ISL_86012|B                          0.0121830 0.0121637 0.0139414 0.0157560 0.0139763 0.0158403 0.0176413 0.0175720 0.0139535 0.0175589 0.0104158 0.0157957 0.0017126 0.0157454 0.0157826 0.0158108 0.0139283 0.0157849 0.0157946 0.0122198 0.0122452 0.0175817 0.0174884 0.0139287 0.0176790 0.0158208 0.0122254 0.0175502 0.0158004 0.0139816 0.0139513 0.0176047 0.0175771 0.0086428 0.0158093 0.0176796 0.0157724 0.0175348 0.0158521 0.0139515 0.0000000 0.0176359 0.0122143 0.0157916 0.0176032 0.0176389 0.0195005 0.0176201 0.0122254 0.0158218 0.0176700 0.0157759 0.0139515 0.0159227 0.0174966 0.0175420 0.0175269 0.0174285 0.0158218 0.0157826 0.0174548 0.0174164 0.0174877 0.0175138 0.0174458 0.0174583 0.0174723 0.0192627 0.0157540 0.0174164 0.0174142 0.0174320 0.0140128 0.0157761 0.0175078 0.0175665 0.0157540 0.0157899 0.0140612 0.0158874 0.0158690 0.0140005 0.0121830 0.0122198 
EPI302448|HA|B/MALAYSIA/481/2010|EPI_ISL_86148|B                        0.0051859 0.0158146 0.0069240 0.0051634 0.0069412 0.0051905 0.0069359 0.0069105 0.0069300 0.0069050 0.0140437 0.0051758 0.0195102 0.0086890 0.0051717 0.0051809 0.0069178 0.0051725 0.0051753 0.0122289 0.0104743 0.0069135 0.0104229 0.0104197 0.0069506 0.0051842 0.0051726 0.0069018 0.0087192 0.0069438 0.0069287 0.0069226 0.0069121 0.0122350 0.0051801 0.0069500 0.0087029 0.0068961 0.0051939 0.0069289 0.0176359 0.0000000 0.0122244 0.0051746 0.0069221 0.0069360 0.0087120 0.0069280 0.0051726 0.0051843 0.0069475 0.0051695 0.0069289 0.0069360 0.0104277 0.0068989 0.0068931 0.0103889 0.0051843 0.0051717 0.0104044 0.0103819 0.0104233 0.0104395 0.0103990 0.0104064 0.0104144 0.0121788 0.0051627 0.0103819 0.0103805 0.0103907 0.0051801 0.0051697 0.0068860 0.0069080 0.0051627 0.0051739 0.0069826 0.0069327 0.0051996 0.0034410 0.0051859 0.0122289 
EPI302460|HA|B/PHILIPPINES/2118/2010|EPI_ISL_86152|B                    0.0104483 0.0034274 0.0122057 0.0104021 0.0122364 0.0104569 0.0122271 0.0121808 0.0122161 0.0121714 0.0086844 0.0104270 0.0140391 0.0140048 0.0104191 0.0104374 0.0121946 0.0104207 0.0104260 0.0034179 0.0034249 0.0121868 0.0157501 0.0157452 0.0122539 0.0104440 0.0104208 0.0121656 0.0140537 0.0122412 0.0122146 0.0122028 0.0121839 0.0069177 0.0104360 0.0122536 0.0140284 0.0121552 0.0104641 0.0122148 0.0122143 0.0122244 0.0000000 0.0104243 0.0122018 0.0122264 0.0140419 0.0122128 0.0104208 0.0104445 0.0122473 0.0104146 0.0122148 0.0105110 0.0157573 0.0121602 0.0107827 0.0156964 0.0104445 0.0104191 0.0157200 0.0156856 0.0157497 0.0157733 0.0157119 0.0157231 0.0157356 0.0175243 0.0104008 0.0156856 0.0156836 0.0156994 0.0086724 0.0104149 0.0121371 0.0121767 0.0104008 0.0104229 0.0123099 0.0122211 0.0104754 0.0086645 0.0104483 0.0034179 
