73
EPI809657|HA|B/KANAGAWA/14/2015|EPI_ISL_229795|B           0.0000000 0.0121423 0.0139072 0.0051874 0.0069288 0.0103980 0.0210164 0.0069237 0.0086732 0.0051885 0.0086321 0.0052003 0.0086633 0.0017143 0.0192265 0.0034588 0.0104070 0.0051799 0.0051929 0.0069379 0.0051794 0.0103791 0.0157411 0.0051937 0.0192394 0.0156513 0.0051992 0.0121763 0.0052017 0.0157496 0.0051765 0.0069220 0.0069349 0.0051887 0.0051854 0.0069341 0.0103915 0.0086946 0.0069281 0.0103619 0.0086697 0.0086623 0.0104137 0.0122247 0.0051843 0.0034355 0.0121977 0.0069187 0.0103980 0.0121385 0.0069109 0.0069131 0.0034650 0.0121810 0.0103794 0.0104025 0.0121264 0.0069292 0.0069650 0.0174738 0.0139496 0.0156791 0.0175673 0.0156694 0.0069726 0.0156640 0.0034425 0.0157042 0.0121879 0.0156640 0.0051804 0.0069288 0.0212263 
EPI825539|HA|B/Vietnam/5258/2015|EPI_ISL_232207|B          0.0121423 0.0000000 0.0017108 0.0103290 0.0120713 0.0120678 0.0156197 0.0120623 0.0103542 0.0103312 0.0103056 0.0103548 0.0103425 0.0103604 0.0138560 0.0104137 0.0051551 0.0103140 0.0103401 0.0120873 0.0103128 0.0120461 0.0103974 0.0103413 0.0068854 0.0034232 0.0103527 0.0068932 0.0103572 0.0034440 0.0103069 0.0120592 0.0120817 0.0103315 0.0103249 0.0120804 0.0120604 0.0103796 0.0086148 0.0120260 0.0068949 0.0068892 0.0086265 0.0138976 0.0103226 0.0121106 0.0103939 0.0086030 0.0051473 0.0137995 0.0085942 0.0120438 0.0103445 0.0138480 0.0085980 0.0086171 0.0137857 0.0086161 0.0121350 0.0051593 0.0086376 0.0034291 0.0051864 0.0103504 0.0121473 0.0034258 0.0121352 0.0034343 0.0068999 0.0034258 0.0103149 0.0086156 0.0086996 
EPI676511|HA|B/GIFU/3/2015|EPI_ISL_202792|B                0.0139072 0.0017108 0.0000000 0.0120767 0.0138256 0.0138213 0.0173930 0.0138150 0.0121063 0.0120793 0.0120492 0.0121072 0.0120925 0.0121134 0.0156222 0.0121761 0.0068886 0.0120592 0.0120898 0.0138441 0.0120576 0.0137961 0.0121572 0.0120911 0.0051509 0.0017073 0.0121046 0.0086352 0.0121098 0.0017176 0.0120507 0.0138114 0.0138374 0.0120797 0.0120719 0.0138360 0.0138128 0.0121361 0.0103614 0.0137737 0.0086374 0.0086300 0.0103753 0.0156690 0.0120692 0.0138706 0.0121528 0.0103474 0.0068780 0.0155585 0.0103356 0.0137936 0.0120949 0.0156130 0.0103413 0.0103642 0.0155433 0.0103630 0.0138992 0.0034308 0.0103886 0.0017102 0.0034487 0.0121020 0.0139130 0.0017085 0.0138989 0.0017127 0.0086436 0.0017085 0.0120602 0.0103623 0.0069414 
EPI679857|HA|B/WAKAYAMA-C/69/2015|EPI_ISL_203515|B         0.0051874 0.0103290 0.0120767 0.0000000 0.0017108 0.0085985 0.0191192 0.0051533 0.0068859 0.0034327 0.0068537 0.0034404 0.0068782 0.0034426 0.0173463 0.0052094 0.0086058 0.0034270 0.0034355 0.0051637 0.0034267 0.0085840 0.0138858 0.0034361 0.0173573 0.0138066 0.0034397 0.0103575 0.0034413 0.0138931 0.0034248 0.0051521 0.0051616 0.0034328 0.0034307 0.0051610 0.0085941 0.0069028 0.0051566 0.0085699 0.0068831 0.0068774 0.0086115 0.0103985 0.0034299 0.0051742 0.0103759 0.0051497 0.0085985 0.0103260 0.0051439 0.0051455 0.0034371 0.0103618 0.0085842 0.0086022 0.0103157 0.0051574 0.0051837 0.0156071 0.0121133 0.0138318 0.0156892 0.0138225 0.0051894 0.0138177 0.0051847 0.0138535 0.0103674 0.0138177 0.0017176 0.0051572 0.0193066 
EPI679855|HA|B/WAKAYAMA-C/68/2015|EPI_ISL_203514|B         0.0069288 0.0120713 0.0138256 0.0017108 0.0000000 0.0103372 0.0208930 0.0068831 0.0086220 0.0051581 0.0085823 0.0051698 0.0086122 0.0051730 0.0191136 0.0069582 0.0103461 0.0051496 0.0051625 0.0068971 0.0051491 0.0103186 0.0156489 0.0051633 0.0191264 0.0155598 0.0051687 0.0121050 0.0051711 0.0156572 0.0051462 0.0068814 0.0068942 0.0051583 0.0051551 0.0068934 0.0103308 0.0086433 0.0068875 0.0103016 0.0086185 0.0086112 0.0103527 0.0121527 0.0051539 0.0069110 0.0121261 0.0068782 0.0103372 0.0120676 0.0068704 0.0034208 0.0051648 0.0121096 0.0103189 0.0103417 0.0120556 0.0068886 0.0069240 0.0173711 0.0138677 0.0155882 0.0174637 0.0155777 0.0069315 0.0155723 0.0069250 0.0156127 0.0121164 0.0155723 0.0034412 0.0068882 0.0211001 
EPI693110|HA|B/Bangladesh/11005/2015|EPI_ISL_206954|B      0.0103980 0.0120678 0.0138213 0.0085985 0.0103372 0.0000000 0.0208847 0.0103296 0.0086198 0.0086004 0.0017134 0.0086202 0.0086100 0.0086252 0.0191065 0.0104409 0.0103432 0.0085870 0.0086078 0.0103508 0.0085861 0.0034336 0.0156437 0.0086090 0.0191193 0.0155547 0.0086184 0.0121014 0.0086223 0.0156520 0.0085813 0.0103269 0.0103462 0.0086007 0.0085961 0.0103450 0.0034376 0.0086411 0.0068858 0.0034281 0.0086163 0.0086090 0.0103499 0.0051995 0.0085943 0.0103710 0.0121225 0.0068765 0.0103344 0.0051634 0.0068687 0.0103138 0.0086116 0.0051812 0.0103161 0.0103389 0.0051581 0.0068869 0.0103914 0.0173650 0.0138633 0.0155831 0.0174576 0.0155726 0.0104022 0.0155672 0.0103921 0.0156076 0.0121128 0.0155672 0.0085878 0.0068865 0.0210918 
EPI693322|HA|B/Taiwan/341/2015|EPI_ISL_206982|B            0.0210164 0.0156197 0.0173930 0.0191192 0.0208930 0.0208847 0.0000000 0.0208764 0.0191666 0.0191233 0.0190745 0.0191687 0.0156553 0.0191767 0.0051850 0.0211046 0.0138835 0.0190907 0.0191407 0.0173302 0.0190874 0.0208472 0.0156465 0.0191416 0.0227481 0.0191384 0.0191647 0.0156639 0.0191721 0.0192588 0.0190769 0.0208708 0.0209096 0.0191241 0.0191109 0.0209084 0.0208724 0.0192145 0.0173998 0.0208116 0.0156677 0.0156534 0.0174231 0.0227999 0.0191069 0.0174098 0.0192406 0.0173757 0.0173969 0.0226366 0.0173554 0.0208437 0.0191483 0.0227170 0.0173650 0.0174050 0.0155572 0.0174021 0.0210066 0.0209782 0.0174459 0.0191742 0.0192984 0.0191608 0.0210256 0.0191543 0.0210023 0.0192048 0.0156774 0.0191543 0.0190921 0.0174004 0.0247783 
EPI697300|HA|B/Beijing-Xicheng/12806/2015|EPI_ISL_207762|B 0.0069237 0.0120623 0.0138150 0.0051533 0.0068831 0.0103296 0.0208764 0.0000000 0.0086156 0.0051544 0.0085761 0.0051661 0.0086058 0.0051692 0.0190984 0.0069531 0.0103384 0.0051459 0.0051587 0.0068921 0.0051454 0.0103110 0.0156368 0.0051596 0.0191112 0.0155479 0.0051650 0.0120959 0.0051674 0.0156451 0.0051425 0.0068764 0.0068892 0.0051546 0.0051514 0.0068883 0.0103231 0.0086369 0.0068825 0.0088620 0.0086121 0.0086048 0.0103451 0.0121436 0.0051503 0.0069059 0.0121170 0.0068732 0.0103296 0.0120585 0.0051904 0.0068676 0.0051611 0.0121005 0.0103112 0.0103340 0.0120466 0.0068835 0.0069190 0.0173575 0.0138571 0.0155763 0.0174500 0.0155657 0.0069264 0.0155604 0.0069200 0.0156007 0.0121073 0.0155604 0.0051464 0.0068832 0.0210829 
EPI697297|HA|B/Beijing-Huairou/12305/2015|EPI_ISL_207761|B 0.0086732 0.0103542 0.0121063 0.0068859 0.0086220 0.0086198 0.0191666 0.0086156 0.0000000 0.0068874 0.0068704 0.0069031 0.0034209 0.0069072 0.0173893 0.0087101 0.0086271 0.0068759 0.0068932 0.0086334 0.0068752 0.0086040 0.0139201 0.0068942 0.0174003 0.0138407 0.0069016 0.0103829 0.0069048 0.0139274 0.0068714 0.0086134 0.0086296 0.0068876 0.0068833 0.0086286 0.0086143 0.0069197 0.0051692 0.0085907 0.0069000 0.0068942 0.0086328 0.0104241 0.0068818 0.0086506 0.0104013 0.0051622 0.0086197 0.0103512 0.0051564 0.0086023 0.0068963 0.0103872 0.0086043 0.0086234 0.0103408 0.0051700 0.0086674 0.0156456 0.0121430 0.0138660 0.0157285 0.0138566 0.0086767 0.0138518 0.0086684 0.0138877 0.0103928 0.0138518 0.0068766 0.0051697 0.0193551 
EPI706753|HA|B/Taiwan/362/2015|EPI_ISL_210381|B            0.0051885 0.0103312 0.0120793 0.0034327 0.0051581 0.0086004 0.0191233 0.0051544 0.0068874 0.0000000 0.0068552 0.0034411 0.0068797 0.0034433 0.0173500 0.0052106 0.0086077 0.0034277 0.0034363 0.0051648 0.0034275 0.0085858 0.0138888 0.0034369 0.0173611 0.0138096 0.0034404 0.0103598 0.0034421 0.0138961 0.0034256 0.0051532 0.0051627 0.0034335 0.0034314 0.0051621 0.0085959 0.0069042 0.0051577 0.0085717 0.0068846 0.0068789 0.0086134 0.0104008 0.0034307 0.0051753 0.0103781 0.0051508 0.0086003 0.0103282 0.0051450 0.0051466 0.0034378 0.0103640 0.0085861 0.0086040 0.0103179 0.0051585 0.0051848 0.0156105 0.0121159 0.0138348 0.0156926 0.0138255 0.0051905 0.0138207 0.0051858 0.0138565 0.0103696 0.0138207 0.0034281 0.0051583 0.0193109 
EPI708669|HA|B/Bangladesh/11002/2015|EPI_ISL_211586|B      0.0086321 0.0103056 0.0120492 0.0068537 0.0085823 0.0017134 0.0190745 0.0085761 0.0068704 0.0068552 0.0000000 0.0068707 0.0068628 0.0068748 0.0173053 0.0086688 0.0085873 0.0068438 0.0068610 0.0085935 0.0068431 0.0017103 0.0138537 0.0068620 0.0173164 0.0137745 0.0068693 0.0103340 0.0068725 0.0138609 0.0068392 0.0085739 0.0085898 0.0068554 0.0068511 0.0085888 0.0017123 0.0068872 0.0051451 0.0017076 0.0068676 0.0068620 0.0085929 0.0034532 0.0068496 0.0086097 0.0103523 0.0051382 0.0085801 0.0034294 0.0051325 0.0085631 0.0068640 0.0034411 0.0085650 0.0085837 0.0034258 0.0051459 0.0086264 0.0155710 0.0120856 0.0137998 0.0156534 0.0137905 0.0086355 0.0137856 0.0086273 0.0138215 0.0103439 0.0137856 0.0068444 0.0051457 0.0192612 
EPI713195|HA|B/SENDAI/13/2015|EPI_ISL_212550|B             0.0052003 0.0103548 0.0121072 0.0034404 0.0051698 0.0086202 0.0191687 0.0051661 0.0069031 0.0034411 0.0068707 0.0000000 0.0068953 0.0034511 0.0173910 0.0052224 0.0086276 0.0034354 0.0034440 0.0051765 0.0034351 0.0086045 0.0139212 0.0034446 0.0174021 0.0138418 0.0034481 0.0103836 0.0034498 0.0139285 0.0034332 0.0051648 0.0051744 0.0034412 0.0034391 0.0051737 0.0086147 0.0069200 0.0051694 0.0085912 0.0069003 0.0068945 0.0086333 0.0104247 0.0034383 0.0051870 0.0104020 0.0051624 0.0086202 0.0103518 0.0051566 0.0051582 0.0034456 0.0103878 0.0086047 0.0086239 0.0103415 0.0051702 0.0051966 0.0156470 0.0121439 0.0138671 0.0157299 0.0138577 0.0052023 0.0138529 0.0051976 0.0138888 0.0103935 0.0138529 0.0034358 0.0051699 0.0193573 
EPI713703|HA|B/Henan-Zhaoling/1617/2015|EPI_ISL_212688|B   0.0086633 0.0103425 0.0120925 0.0068782 0.0086122 0.0086100 0.0156553 0.0086058 0.0034209 0.0068797 0.0068628 0.0068953 0.0000000 0.0068994 0.0138877 0.0087002 0.0086173 0.0068682 0.0068855 0.0086236 0.0068676 0.0085952 0.0139039 0.0068865 0.0173799 0.0138247 0.0068939 0.0103711 0.0068971 0.0139112 0.0068637 0.0086036 0.0086198 0.0068799 0.0068756 0.0086188 0.0086045 0.0069119 0.0051634 0.0085811 0.0068922 0.0068865 0.0086230 0.0104122 0.0068741 0.0086408 0.0103895 0.0051565 0.0086099 0.0103394 0.0051507 0.0085936 0.0068886 0.0103753 0.0085955 0.0086136 0.0103291 0.0051642 0.0086576 0.0156274 0.0121291 0.0138499 0.0139392 0.0138406 0.0086668 0.0138357 0.0086585 0.0138716 0.0103810 0.0138357 0.0068689 0.0051640 0.0193319 
EPI717842|HA|B/Singapore/GP507/2015|EPI_ISL_213610|B       0.0017143 0.0103604 0.0121134 0.0034426 0.0051730 0.0086252 0.0191767 0.0051692 0.0069072 0.0034433 0.0068748 0.0034511 0.0068994 0.0000000 0.0173987 0.0017207 0.0086325 0.0034376 0.0034462 0.0051797 0.0034373 0.0086094 0.0139281 0.0034468 0.0174098 0.0138487 0.0034503 0.0103892 0.0034520 0.0139354 0.0034354 0.0051680 0.0051776 0.0034434 0.0034413 0.0051769 0.0086196 0.0069241 0.0051725 0.0085950 0.0069043 0.0068986 0.0086382 0.0104304 0.0034405 0.0017100 0.0104076 0.0051655 0.0086251 0.0103574 0.0051597 0.0051614 0.0034478 0.0103934 0.0086097 0.0086288 0.0103470 0.0051733 0.0051998 0.0156543 0.0121502 0.0138739 0.0157373 0.0138646 0.0052055 0.0138597 0.0017135 0.0138957 0.0103991 0.0138597 0.0034380 0.0051731 0.0193654 
EPI717840|HA|B/Singapore/GP488/2015|EPI_ISL_213609|B       0.0192265 0.0138560 0.0156222 0.0173463 0.0191136 0.0191065 0.0051850 0.0190984 0.0173893 0.0173500 0.0173053 0.0173910 0.0138877 0.0173987 0.0000000 0.0193071 0.0121236 0.0173206 0.0173657 0.0191395 0.0173177 0.0190723 0.0138800 0.0173668 0.0209559 0.0173636 0.0173874 0.0138951 0.0173943 0.0174732 0.0173075 0.0190932 0.0191295 0.0173507 0.0173389 0.0191277 0.0190951 0.0174326 0.0156283 0.0190399 0.0138985 0.0138860 0.0156493 0.0210042 0.0173351 0.0156378 0.0174563 0.0156068 0.0156258 0.0195101 0.0155888 0.0190690 0.0173727 0.0209281 0.0155974 0.0156329 0.0173541 0.0156305 0.0192169 0.0191914 0.0156696 0.0173958 0.0175085 0.0173838 0.0192348 0.0173778 0.0192139 0.0174234 0.0139081 0.0173778 0.0173219 0.0156291 0.0229601 
EPI718056|HA|B/Singapore/KK830/2015|EPI_ISL_213669|B       0.0034588 0.0104137 0.0121761 0.0052094 0.0069582 0.0104409 0.0211046 0.0069531 0.0087101 0.0052106 0.0086688 0.0052224 0.0087002 0.0017207 0.0193071 0.0000000 0.0104501 0.0052018 0.0052150 0.0069674 0.0052014 0.0104229 0.0158079 0.0052158 0.0175017 0.0139208 0.0052213 0.0122279 0.0052238 0.0140084 0.0051984 0.0069514 0.0069644 0.0052107 0.0052075 0.0069636 0.0104353 0.0087317 0.0069576 0.0104055 0.0087066 0.0086991 0.0104570 0.0122766 0.0052063 0.0034501 0.0122494 0.0069481 0.0086695 0.0121897 0.0069402 0.0069424 0.0052174 0.0122325 0.0104232 0.0104456 0.0121775 0.0069586 0.0069948 0.0157361 0.0140086 0.0139463 0.0158206 0.0157350 0.0070024 0.0139320 0.0034571 0.0139682 0.0122395 0.0139320 0.0052024 0.0069583 0.0194693 
EPI718062|HA|B/Singapore/KK858/2015|EPI_ISL_213672|B       0.0104070 0.0051551 0.0068886 0.0086058 0.0103461 0.0103432 0.0138835 0.0103384 0.0086271 0.0086077 0.0085873 0.0086276 0.0086173 0.0086325 0.0121236 0.0104501 0.0000000 0.0085942 0.0086151 0.0103597 0.0085933 0.0103246 0.0086633 0.0086163 0.0121301 0.0086140 0.0086257 0.0051692 0.0086297 0.0086676 0.0085884 0.0103358 0.0103551 0.0086080 0.0086025 0.0103539 0.0103368 0.0086484 0.0068915 0.0103075 0.0051705 0.0051663 0.0069008 0.0121599 0.0086005 0.0103799 0.0086604 0.0068822 0.0068904 0.0120746 0.0068744 0.0103226 0.0086190 0.0121167 0.0068782 0.0068933 0.0120626 0.0068926 0.0104004 0.0103873 0.0069096 0.0086294 0.0104413 0.0086238 0.0104112 0.0086207 0.0104010 0.0086428 0.0051743 0.0086207 0.0085950 0.0068922 0.0140160 
EPI718082|HA|B/Singapore/KK888/2015|EPI_ISL_213682|B       0.0051799 0.0103140 0.0120592 0.0034270 0.0051496 0.0085870 0.0190907 0.0051459 0.0068759 0.0034277 0.0068438 0.0034354 0.0068682 0.0034376 0.0173206 0.0052018 0.0085942 0.0000000 0.0034306 0.0051563 0.0034218 0.0085716 0.0138654 0.0034312 0.0173316 0.0137863 0.0034347 0.0103425 0.0034364 0.0138727 0.0034199 0.0051446 0.0051542 0.0034278 0.0034258 0.0051535 0.0085816 0.0068927 0.0051492 0.0085576 0.0068731 0.0068675 0.0085989 0.0103834 0.0034250 0.0051667 0.0103608 0.0051422 0.0085870 0.0103110 0.0051365 0.0051381 0.0034322 0.0103467 0.0085719 0.0085906 0.0103007 0.0051500 0.0051762 0.0155843 0.0120956 0.0138115 0.0156669 0.0138022 0.0051819 0.0137974 0.0051772 0.0138332 0.0103523 0.0137974 0.0034224 0.0051497 0.0192776 
EPI718114|HA|B/Singapore/EN787/2015|EPI_ISL_213698|B       0.0051929 0.0103401 0.0120898 0.0034355 0.0051625 0.0086078 0.0191407 0.0051587 0.0068932 0.0034363 0.0068610 0.0034440 0.0068855 0.0034462 0.0173657 0.0052150 0.0086151 0.0034306 0.0000000 0.0051692 0.0034303 0.0085931 0.0139011 0.0034397 0.0173767 0.0138218 0.0034433 0.0103687 0.0034449 0.0139084 0.0034284 0.0051575 0.0051671 0.0034364 0.0034343 0.0051664 0.0086023 0.0069101 0.0051620 0.0085790 0.0068904 0.0068847 0.0086208 0.0104098 0.0034335 0.0051796 0.0103871 0.0051551 0.0086077 0.0103370 0.0051493 0.0051509 0.0034407 0.0103729 0.0085934 0.0086115 0.0103267 0.0051628 0.0051892 0.0156244 0.0121264 0.0138470 0.0157068 0.0138377 0.0051949 0.0138329 0.0051902 0.0138687 0.0103786 0.0138329 0.0034309 0.0051626 0.0193287 
EPI718138|HA|B/Singapore/GP2106/2015|EPI_ISL_213710|B      0.0069379 0.0120873 0.0138441 0.0051637 0.0068971 0.0103508 0.0173302 0.0068921 0.0086334 0.0051648 0.0085935 0.0051765 0.0086236 0.0051797 0.0191395 0.0069674 0.0103597 0.0051563 0.0051692 0.0000000 0.0051558 0.0103321 0.0156699 0.0051700 0.0191523 0.0155806 0.0051754 0.0103516 0.0051779 0.0156772 0.0051529 0.0068904 0.0069032 0.0051650 0.0051618 0.0069024 0.0103443 0.0086547 0.0068965 0.0103150 0.0086299 0.0086226 0.0103664 0.0121689 0.0051606 0.0069200 0.0121422 0.0068872 0.0103508 0.0120835 0.0068794 0.0068816 0.0051715 0.0121256 0.0103324 0.0068583 0.0085713 0.0068976 0.0069331 0.0173946 0.0138862 0.0156091 0.0174873 0.0155985 0.0069406 0.0155931 0.0069341 0.0156336 0.0121324 0.0155931 0.0051568 0.0068972 0.0211293 
EPI731424|HA|B/Oman/6335/2015|EPI_ISL_215952|B             0.0051794 0.0103128 0.0120576 0.0034267 0.0051491 0.0085861 0.0190874 0.0051454 0.0068752 0.0034275 0.0068431 0.0034351 0.0068676 0.0034373 0.0173177 0.0052014 0.0085933 0.0034218 0.0034303 0.0051558 0.0000000 0.0085707 0.0138635 0.0034309 0.0173288 0.0137843 0.0034344 0.0103413 0.0034361 0.0138707 0.0034196 0.0051442 0.0051537 0.0034276 0.0034255 0.0051530 0.0085807 0.0068920 0.0051487 0.0085566 0.0068724 0.0068668 0.0085979 0.0103821 0.0034247 0.0051662 0.0103595 0.0051418 0.0085860 0.0103098 0.0051360 0.0051377 0.0034319 0.0103455 0.0085709 0.0085897 0.0102995 0.0051495 0.0051757 0.0155819 0.0120940 0.0138096 0.0156645 0.0138002 0.0051814 0.0137954 0.0051767 0.0138312 0.0103511 0.0137954 0.0034222 0.0051493 0.0192742 
EPI737913|HA|B/Bangladesh/11007/2015|EPI_ISL_217553|B      0.0103791 0.0120461 0.0137961 0.0085840 0.0103186 0.0034336 0.0208472 0.0103110 0.0086040 0.0085858 0.0017103 0.0086045 0.0085952 0.0086094 0.0190723 0.0104229 0.0103246 0.0085716 0.0085931 0.0103321 0.0085707 0.0000000 0.0156154 0.0085943 0.0190840 0.0155267 0.0086027 0.0120796 0.0086066 0.0156237 0.0085658 0.0103084 0.0103275 0.0085861 0.0085807 0.0103263 0.0017262 0.0086253 0.0068734 0.0034219 0.0086005 0.0085943 0.0103312 0.0051900 0.0085788 0.0103523 0.0121006 0.0068641 0.0103158 0.0051541 0.0068563 0.0102953 0.0085959 0.0051718 0.0102975 0.0103202 0.0051488 0.0068744 0.0103726 0.0173334 0.0138382 0.0155550 0.0174258 0.0155445 0.0103833 0.0155391 0.0103733 0.0155794 0.0120909 0.0155391 0.0085724 0.0068741 0.0210536 
EPI738143|HA|B/Bahrain/921/2015|EPI_ISL_217582|B           0.0157411 0.0103974 0.0121572 0.0138858 0.0156489 0.0156437 0.0156465 0.0156368 0.0139201 0.0138888 0.0138537 0.0139212 0.0139039 0.0139281 0.0138800 0.0158079 0.0086633 0.0138654 0.0139011 0.0156699 0.0138635 0.0156154 0.0000000 0.0139023 0.0174749 0.0138993 0.0139183 0.0069175 0.0139242 0.0139866 0.0138555 0.0156327 0.0156621 0.0138893 0.0138801 0.0121253 0.0156342 0.0121339 0.0121622 0.0155890 0.0104290 0.0104200 0.0121785 0.0175164 0.0138771 0.0156989 0.0139739 0.0121455 0.0121602 0.0173917 0.0121315 0.0156126 0.0139069 0.0174532 0.0121383 0.0121655 0.0173748 0.0121639 0.0157324 0.0157117 0.0086683 0.0139247 0.0157961 0.0103868 0.0157478 0.0139105 0.0157313 0.0139466 0.0069243 0.0139105 0.0138666 0.0121630 0.0194395 
EPI753805|HA|B/Cambodia/1287/2015|EPI_ISL_220591|B         0.0051937 0.0103413 0.0120911 0.0034361 0.0051633 0.0086090 0.0191416 0.0051596 0.0068942 0.0034369 0.0068620 0.0034446 0.0068865 0.0034468 0.0173668 0.0052158 0.0086163 0.0034312 0.0034397 0.0051700 0.0034309 0.0085943 0.0139023 0.0000000 0.0173778 0.0138231 0.0034438 0.0103699 0.0034455 0.0139096 0.0034290 0.0051583 0.0051679 0.0034370 0.0034349 0.0051672 0.0086035 0.0069111 0.0051628 0.0085801 0.0068914 0.0068857 0.0086220 0.0104110 0.0034341 0.0051804 0.0103883 0.0051559 0.0086089 0.0103383 0.0051501 0.0051518 0.0034413 0.0103741 0.0085945 0.0086126 0.0103279 0.0051637 0.0051900 0.0156255 0.0121277 0.0138483 0.0157080 0.0138390 0.0051957 0.0138341 0.0051910 0.0138700 0.0103798 0.0138341 0.0034315 0.0051634 0.0193296 
EPI630562|HA|B/Hong_Kong/1337/2015|EPI_ISL_193083|B        0.0192394 0.0068854 0.0051509 0.0173573 0.0191264 0.0191193 0.0227481 0.0191112 0.0174003 0.0173611 0.0173164 0.0174021 0.0173799 0.0174098 0.0209559 0.0175017 0.0121301 0.0173316 0.0173767 0.0191523 0.0173288 0.0190840 0.0174749 0.0173778 0.0000000 0.0034328 0.0173985 0.0139031 0.0174054 0.0069130 0.0173186 0.0191060 0.0191423 0.0173618 0.0173499 0.0191405 0.0191080 0.0174438 0.0156378 0.0190525 0.0139065 0.0138940 0.0156587 0.0210190 0.0173462 0.0191877 0.0174675 0.0156162 0.0121110 0.0208687 0.0155982 0.0190817 0.0173837 0.0209428 0.0156068 0.0156423 0.0208489 0.0156399 0.0192299 0.0086292 0.0156781 0.0068829 0.0086750 0.0173949 0.0192477 0.0068761 0.0192268 0.0068934 0.0139161 0.0068761 0.0173330 0.0156385 0.0122254 
EPI632763|HA|B/Hong_Kong/1372/2015|EPI_ISL_193649|B        0.0156513 0.0034232 0.0017073 0.0138066 0.0155598 0.0155547 0.0191384 0.0155479 0.0138407 0.0138096 0.0137745 0.0138418 0.0138247 0.0138487 0.0173636 0.0139208 0.0086140 0.0137863 0.0138218 0.0155806 0.0137843 0.0155267 0.0138993 0.0138231 0.0034328 0.0000000 0.0138389 0.0103674 0.0138448 0.0034368 0.0137763 0.0155438 0.0155729 0.0138101 0.0138009 0.0155713 0.0155453 0.0138750 0.0120932 0.0155006 0.0103700 0.0103611 0.0121094 0.0174158 0.0137979 0.0156099 0.0138940 0.0120767 0.0086005 0.0172926 0.0120629 0.0155239 0.0138276 0.0173531 0.0120696 0.0120965 0.0172760 0.0120949 0.0156427 0.0051485 0.0121249 0.0034220 0.0051754 0.0138360 0.0156579 0.0034187 0.0156416 0.0034271 0.0103773 0.0034187 0.0137874 0.0120940 0.0086808 
EPI638832|HA|B/TOKYO/50143/2015|EPI_ISL_194915|B           0.0051992 0.0103527 0.0121046 0.0034397 0.0051687 0.0086184 0.0191647 0.0051650 0.0069016 0.0034404 0.0068693 0.0034481 0.0068939 0.0034503 0.0173874 0.0052213 0.0086257 0.0034347 0.0034433 0.0051754 0.0034344 0.0086027 0.0139183 0.0034438 0.0173985 0.0138389 0.0000000 0.0103814 0.0034491 0.0139256 0.0034325 0.0051637 0.0051733 0.0034405 0.0034384 0.0051726 0.0086129 0.0069185 0.0051683 0.0085894 0.0068988 0.0068931 0.0086314 0.0104226 0.0034376 0.0051859 0.0103998 0.0051613 0.0086183 0.0103497 0.0051555 0.0051572 0.0034448 0.0103856 0.0086029 0.0086221 0.0103393 0.0051691 0.0051955 0.0156437 0.0121414 0.0138642 0.0157266 0.0138548 0.0052012 0.0138500 0.0051965 0.0138859 0.0103913 0.0138500 0.0034351 0.0051688 0.0193532 
EPI638828|HA|B/Taiwan/113/2015|EPI_ISL_194913|B            0.0121763 0.0068932 0.0086352 0.0103575 0.0121050 0.0121014 0.0156639 0.0120959 0.0103829 0.0103598 0.0103340 0.0103836 0.0103711 0.0103892 0.0138951 0.0122279 0.0051692 0.0103425 0.0103687 0.0103516 0.0103413 0.0120796 0.0069175 0.0103699 0.0139031 0.0103674 0.0103814 0.0000000 0.0103860 0.0104317 0.0103354 0.0120928 0.0121154 0.0103601 0.0103535 0.0121141 0.0120939 0.0104085 0.0086388 0.0120595 0.0069138 0.0069081 0.0086505 0.0139369 0.0103512 0.0121445 0.0104228 0.0086270 0.0086374 0.0138384 0.0086171 0.0120773 0.0103732 0.0138870 0.0086219 0.0068879 0.0138247 0.0086401 0.0121690 0.0121535 0.0051723 0.0103859 0.0122180 0.0068862 0.0121814 0.0103755 0.0121692 0.0104020 0.0034429 0.0103755 0.0103434 0.0086396 0.0158150 
EPI808361|HA|B/Florida/79/2015|EPI_ISL_229438|B            0.0052017 0.0103572 0.0121098 0.0034413 0.0051711 0.0086223 0.0191721 0.0051674 0.0069048 0.0034421 0.0068725 0.0034498 0.0068971 0.0034520 0.0173943 0.0052238 0.0086297 0.0034364 0.0034449 0.0051779 0.0034361 0.0086066 0.0139242 0.0034455 0.0174054 0.0138448 0.0034491 0.0103860 0.0000000 0.0139315 0.0034342 0.0051661 0.0051758 0.0034422 0.0034401 0.0051751 0.0086168 0.0069217 0.0051707 0.0085933 0.0069020 0.0068963 0.0086354 0.0104272 0.0034393 0.0051884 0.0104044 0.0051637 0.0086223 0.0103542 0.0051579 0.0051596 0.0034465 0.0103902 0.0069002 0.0086260 0.0103439 0.0051715 0.0051979 0.0138959 0.0121466 0.0138700 0.0157331 0.0138607 0.0052037 0.0121106 0.0051989 0.0138918 0.0103959 0.0138559 0.0034367 0.0051713 0.0193608 
EPI662244|HA|B/Hawaii/27/2015|EPI_ISL_199487|B             0.0157496 0.0034440 0.0017176 0.0138931 0.0156572 0.0156520 0.0192588 0.0156451 0.0139274 0.0138961 0.0138609 0.0139285 0.0139112 0.0139354 0.0174732 0.0140084 0.0086676 0.0138727 0.0139084 0.0156772 0.0138707 0.0156237 0.0139866 0.0139096 0.0069130 0.0034368 0.0139256 0.0104317 0.0139315 0.0000000 0.0138627 0.0156410 0.0156705 0.0138966 0.0138873 0.0156689 0.0156425 0.0139620 0.0121684 0.0155973 0.0104343 0.0104253 0.0121848 0.0175260 0.0138843 0.0157074 0.0139812 0.0121517 0.0086540 0.0174012 0.0121378 0.0156209 0.0139142 0.0174627 0.0121445 0.0121718 0.0173843 0.0121702 0.0157409 0.0051799 0.0122006 0.0034428 0.0052072 0.0139227 0.0157563 0.0034394 0.0157398 0.0034479 0.0104417 0.0034394 0.0138738 0.0121693 0.0087350 
EPI672044|HA|B/Kentucky/24/2015|EPI_ISL_201592|B           0.0051765 0.0103069 0.0120507 0.0034248 0.0051462 0.0085813 0.0190769 0.0051425 0.0068714 0.0034256 0.0068392 0.0034332 0.0068637 0.0034354 0.0173075 0.0051984 0.0085884 0.0034199 0.0034284 0.0051529 0.0034196 0.0085658 0.0138555 0.0034290 0.0173186 0.0137763 0.0034325 0.0103354 0.0034342 0.0138627 0.0000000 0.0017124 0.0017155 0.0034257 0.0034236 0.0051501 0.0085759 0.0068881 0.0051458 0.0085518 0.0068686 0.0068629 0.0085940 0.0103762 0.0034228 0.0051633 0.0103536 0.0051389 0.0085812 0.0103039 0.0051331 0.0051348 0.0034300 0.0103396 0.0085661 0.0085848 0.0102937 0.0051466 0.0051728 0.0155730 0.0120871 0.0138016 0.0156555 0.0137923 0.0051785 0.0137874 0.0051738 0.0138232 0.0103452 0.0137874 0.0034203 0.0051464 0.0192637 
EPI686448|HA|B/Kentucky/29/2015|EPI_ISL_205691|B           0.0069220 0.0120592 0.0138114 0.0051521 0.0068814 0.0103269 0.0208708 0.0068764 0.0086134 0.0051532 0.0085739 0.0051648 0.0086036 0.0051680 0.0190932 0.0069514 0.0103358 0.0051446 0.0051575 0.0068904 0.0051442 0.0103084 0.0156327 0.0051583 0.0191060 0.0155438 0.0051637 0.0120928 0.0051661 0.0156410 0.0017124 0.0000000 0.0034411 0.0051533 0.0051501 0.0068866 0.0103205 0.0086347 0.0068808 0.0102913 0.0086099 0.0086026 0.0103424 0.0121404 0.0051490 0.0069042 0.0121139 0.0068715 0.0103270 0.0120555 0.0068637 0.0068659 0.0051598 0.0120974 0.0103086 0.0103314 0.0120435 0.0068818 0.0069172 0.0173529 0.0138534 0.0155722 0.0174453 0.0155616 0.0069247 0.0155563 0.0069183 0.0155966 0.0121042 0.0155563 0.0051451 0.0068815 0.0210769 
EPI686432|HA|B/Kentucky/27/2015|EPI_ISL_205689|B           0.0069349 0.0120817 0.0138374 0.0051616 0.0068942 0.0103462 0.0209096 0.0068892 0.0086296 0.0051627 0.0085898 0.0051744 0.0086198 0.0051776 0.0191295 0.0069644 0.0103551 0.0051542 0.0051671 0.0069032 0.0051537 0.0103275 0.0156621 0.0051679 0.0191423 0.0155729 0.0051733 0.0121154 0.0051758 0.0156705 0.0017155 0.0034411 0.0000000 0.0051629 0.0051597 0.0068995 0.0103397 0.0086510 0.0068936 0.0103104 0.0086262 0.0086188 0.0103617 0.0121632 0.0051585 0.0069171 0.0121366 0.0068843 0.0103462 0.0120779 0.0068765 0.0068787 0.0051694 0.0121200 0.0103278 0.0103507 0.0120660 0.0068947 0.0069302 0.0173857 0.0138795 0.0156014 0.0174784 0.0155908 0.0069377 0.0155854 0.0069312 0.0156259 0.0121268 0.0155854 0.0051547 0.0068943 0.0211178 
EPI569214|HA|B/Wisconsin/01/2015|EPI_ISL_173838|B          0.0051887 0.0103315 0.0120797 0.0034328 0.0051583 0.0086007 0.0191241 0.0051546 0.0068876 0.0034335 0.0068554 0.0034412 0.0068799 0.0034434 0.0173507 0.0052107 0.0086080 0.0034278 0.0034364 0.0051650 0.0034276 0.0085861 0.0138893 0.0034370 0.0173618 0.0138101 0.0034405 0.0103601 0.0034422 0.0138966 0.0034257 0.0051533 0.0051629 0.0000000 0.0034315 0.0051622 0.0085962 0.0069045 0.0051579 0.0085720 0.0068848 0.0068791 0.0086137 0.0104011 0.0034308 0.0051754 0.0103784 0.0051509 0.0086006 0.0103285 0.0051451 0.0051468 0.0034380 0.0103643 0.0085864 0.0086043 0.0103182 0.0051587 0.0051850 0.0156111 0.0121163 0.0138353 0.0156932 0.0138260 0.0051907 0.0138212 0.0051860 0.0138570 0.0103700 0.0138212 0.0034282 0.0051584 0.0193117 
EPI694922|HA|B/Florida/84/2015|EPI_ISL_207235|B            0.0051854 0.0103249 0.0120719 0.0034307 0.0051551 0.0085961 0.0191109 0.0051514 0.0068833 0.0034314 0.0068511 0.0034391 0.0068756 0.0034413 0.0173389 0.0052075 0.0086025 0.0034258 0.0034343 0.0051618 0.0034255 0.0085807 0.0138801 0.0034349 0.0173499 0.0138009 0.0034384 0.0103535 0.0034401 0.0138873 0.0034236 0.0051501 0.0051597 0.0034315 0.0000000 0.0051590 0.0085907 0.0069001 0.0051547 0.0085666 0.0068805 0.0068748 0.0086082 0.0103944 0.0034287 0.0051722 0.0103718 0.0051477 0.0085961 0.0103219 0.0051420 0.0051436 0.0034359 0.0103577 0.0085809 0.0085988 0.0103116 0.0051555 0.0051817 0.0156006 0.0121084 0.0138261 0.0156825 0.0138168 0.0051874 0.0138120 0.0051827 0.0138478 0.0103633 0.0138120 0.0034261 0.0051552 0.0192981 
EPI700926|HA|B/Florida/86/2015|EPI_ISL_208504|B            0.0069341 0.0120804 0.0138360 0.0051610 0.0068934 0.0103450 0.0209084 0.0068883 0.0086286 0.0051621 0.0085888 0.0051737 0.0086188 0.0051769 0.0191277 0.0069636 0.0103539 0.0051535 0.0051664 0.0069024 0.0051530 0.0103263 0.0121253 0.0051672 0.0191405 0.0155713 0.0051726 0.0121141 0.0051751 0.0156689 0.0051501 0.0068866 0.0068995 0.0051622 0.0051590 0.0000000 0.0103385 0.0086499 0.0068927 0.0103093 0.0086251 0.0086178 0.0103605 0.0121619 0.0051579 0.0069162 0.0121352 0.0068834 0.0103450 0.0120766 0.0068756 0.0068779 0.0051687 0.0121187 0.0103266 0.0103495 0.0120646 0.0068938 0.0069293 0.0173840 0.0138780 0.0155998 0.0174767 0.0155892 0.0069368 0.0155839 0.0069303 0.0156243 0.0121255 0.0155839 0.0051540 0.0068934 0.0211159 
EPI582621|HA|B/Texas/14/2015|EPI_ISL_177189|B              0.0103915 0.0120604 0.0138128 0.0085941 0.0103308 0.0034376 0.0208724 0.0103231 0.0086143 0.0085959 0.0017123 0.0086147 0.0086045 0.0086196 0.0190951 0.0104353 0.0103368 0.0085816 0.0086023 0.0103443 0.0085807 0.0017262 0.0156342 0.0086035 0.0191080 0.0155453 0.0086129 0.0120939 0.0086168 0.0156425 0.0085759 0.0103205 0.0103397 0.0085962 0.0085907 0.0103385 0.0000000 0.0086355 0.0068814 0.0034258 0.0086108 0.0086035 0.0103434 0.0051961 0.0085888 0.0103645 0.0121150 0.0068721 0.0103280 0.0051601 0.0068644 0.0103074 0.0086061 0.0051779 0.0103096 0.0103324 0.0051548 0.0068825 0.0103849 0.0173546 0.0138548 0.0155737 0.0174471 0.0155632 0.0103957 0.0155578 0.0103856 0.0155981 0.0121053 0.0155578 0.0085824 0.0068821 0.0210791 
EPI582701|HA|B/Illinois/03/2015|EPI_ISL_177201|B           0.0086946 0.0103796 0.0121361 0.0069028 0.0086433 0.0086411 0.0192145 0.0086369 0.0069197 0.0069042 0.0068872 0.0069200 0.0069119 0.0069241 0.0174326 0.0087317 0.0086484 0.0068927 0.0069101 0.0086547 0.0068920 0.0086253 0.0121339 0.0069111 0.0174438 0.0138750 0.0069185 0.0104085 0.0069217 0.0139620 0.0068881 0.0086347 0.0086510 0.0069045 0.0069001 0.0086499 0.0086355 0.0000000 0.0051818 0.0086109 0.0069168 0.0069111 0.0086541 0.0104490 0.0068986 0.0086720 0.0104270 0.0051748 0.0086410 0.0103766 0.0051689 0.0086236 0.0069132 0.0104127 0.0086255 0.0086447 0.0103662 0.0051826 0.0086889 0.0156836 0.0121730 0.0139003 0.0157679 0.0138910 0.0086981 0.0138861 0.0086898 0.0139222 0.0104184 0.0138861 0.0068934 0.0051823 0.0194041 
EPI586833|HA|B/Rhode_Island/01/2015|EPI_ISL_178139|B       0.0069281 0.0086148 0.0103614 0.0051566 0.0068875 0.0068858 0.0173998 0.0068825 0.0051692 0.0051577 0.0051451 0.0051694 0.0051634 0.0051725 0.0156283 0.0069576 0.0068915 0.0051492 0.0051620 0.0068965 0.0051487 0.0068734 0.0121622 0.0051628 0.0156378 0.0120932 0.0051683 0.0086388 0.0051707 0.0121684 0.0051458 0.0068808 0.0068936 0.0051579 0.0051547 0.0068927 0.0068814 0.0051818 0.0000000 0.0068621 0.0051670 0.0051628 0.0068961 0.0086734 0.0051535 0.0069103 0.0086545 0.0034361 0.0068857 0.0086125 0.0034323 0.0068720 0.0051644 0.0086426 0.0068736 0.0068886 0.0086037 0.0034413 0.0069234 0.0138869 0.0103929 0.0121150 0.0139608 0.0121069 0.0069309 0.0121027 0.0069244 0.0121338 0.0086472 0.0121027 0.0051497 0.0034411 0.0175692 
EPI586902|HA|B/Arkansas/13/2015|EPI_ISL_178148|B           0.0103619 0.0120260 0.0137737 0.0085699 0.0103016 0.0034281 0.0208116 0.0088620 0.0085907 0.0085717 0.0017076 0.0085912 0.0085811 0.0085950 0.0190399 0.0104055 0.0103075 0.0085576 0.0085790 0.0103150 0.0085566 0.0034219 0.0155890 0.0085801 0.0190525 0.0155006 0.0085894 0.0120595 0.0085933 0.0155973 0.0085518 0.0102913 0.0103104 0.0085720 0.0085666 0.0103093 0.0034258 0.0086109 0.0068621 0.0000000 0.0085873 0.0085801 0.0103142 0.0051815 0.0085647 0.0103351 0.0120804 0.0068528 0.0102988 0.0051457 0.0068451 0.0102783 0.0085828 0.0051634 0.0102805 0.0103032 0.0051404 0.0068631 0.0103554 0.0173045 0.0138148 0.0155288 0.0173961 0.0155184 0.0103661 0.0155130 0.0103560 0.0155531 0.0120708 0.0155130 0.0085584 0.0068628 0.0210172 
EPI586978|HA|B/Utah/11/2015|EPI_ISL_178158|B               0.0086697 0.0068949 0.0086374 0.0068831 0.0086185 0.0086163 0.0156677 0.0086121 0.0069000 0.0068846 0.0068676 0.0069003 0.0068922 0.0069043 0.0138985 0.0087066 0.0051705 0.0068731 0.0068904 0.0086299 0.0068724 0.0086005 0.0104290 0.0068914 0.0139065 0.0103700 0.0068988 0.0069138 0.0069020 0.0104343 0.0068686 0.0086099 0.0086262 0.0068848 0.0068805 0.0086251 0.0086108 0.0069168 0.0051670 0.0085873 0.0000000 0.0034430 0.0051740 0.0104200 0.0068790 0.0086471 0.0069265 0.0051601 0.0051662 0.0103471 0.0051543 0.0085988 0.0068935 0.0103831 0.0051571 0.0051683 0.0103368 0.0051678 0.0086639 0.0121565 0.0086638 0.0103885 0.0122210 0.0103817 0.0086731 0.0103780 0.0086649 0.0104046 0.0069206 0.0103780 0.0068738 0.0051676 0.0158189 
EPI587066|HA|B/Pennsylvania/02/2015|EPI_ISL_178169|B       0.0086623 0.0068892 0.0086300 0.0068774 0.0086112 0.0086090 0.0156534 0.0086048 0.0068942 0.0068789 0.0068620 0.0068945 0.0068865 0.0068986 0.0138860 0.0086991 0.0051663 0.0068675 0.0068847 0.0086226 0.0068668 0.0085943 0.0104200 0.0068857 0.0138940 0.0103611 0.0068931 0.0069081 0.0068963 0.0104253 0.0068629 0.0086026 0.0086188 0.0068791 0.0068748 0.0086178 0.0086035 0.0069111 0.0051628 0.0085801 0.0034430 0.0000000 0.0017099 0.0104110 0.0068733 0.0086398 0.0069207 0.0051559 0.0051620 0.0103383 0.0051501 0.0085926 0.0068878 0.0103741 0.0051530 0.0051641 0.0103279 0.0051637 0.0086566 0.0121458 0.0086564 0.0103796 0.0122103 0.0103728 0.0086658 0.0103691 0.0086575 0.0103956 0.0069149 0.0103691 0.0068681 0.0051634 0.0158043 
EPI587090|HA|B/Pennsylvania/03/2015|EPI_ISL_178172|B       0.0104137 0.0086265 0.0103753 0.0086115 0.0103527 0.0103499 0.0174231 0.0103451 0.0086328 0.0086134 0.0085929 0.0086333 0.0086230 0.0086382 0.0156493 0.0104570 0.0069008 0.0085989 0.0086208 0.0103664 0.0085979 0.0103312 0.0121785 0.0086220 0.0156587 0.0121094 0.0086314 0.0086505 0.0086354 0.0121848 0.0085940 0.0103424 0.0103617 0.0086137 0.0086082 0.0103605 0.0103434 0.0086541 0.0068961 0.0103142 0.0051740 0.0017099 0.0000000 0.0121676 0.0086062 0.0103866 0.0086662 0.0068868 0.0068950 0.0120823 0.0068790 0.0103293 0.0086247 0.0121244 0.0068828 0.0068979 0.0120703 0.0068972 0.0104071 0.0139056 0.0104068 0.0121312 0.0139796 0.0121232 0.0104179 0.0121189 0.0104078 0.0121501 0.0086589 0.0121189 0.0085997 0.0068968 0.0175931 
EPI587266|HA|B/Texas/19/2015|EPI_ISL_178195|B              0.0122247 0.0138976 0.0156690 0.0103985 0.0121527 0.0051995 0.0227999 0.0121436 0.0104241 0.0104008 0.0034532 0.0104247 0.0104122 0.0104304 0.0210042 0.0122766 0.0121599 0.0103834 0.0104098 0.0121689 0.0103821 0.0051900 0.0175164 0.0104110 0.0210190 0.0174158 0.0104226 0.0139369 0.0104272 0.0175260 0.0103762 0.0121404 0.0121632 0.0104011 0.0103944 0.0121619 0.0051961 0.0104490 0.0086734 0.0051815 0.0104200 0.0104110 0.0121676 0.0000000 0.0103921 0.0121925 0.0139610 0.0086615 0.0121493 0.0069375 0.0086516 0.0121249 0.0104143 0.0069617 0.0121275 0.0121547 0.0069304 0.0086747 0.0122173 0.0192492 0.0139562 0.0174481 0.0193524 0.0174360 0.0122297 0.0174300 0.0122175 0.0174758 0.0139499 0.0174300 0.0103843 0.0086742 0.0230301 
EPI587407|HA|B/Wyoming/07/2015|EPI_ISL_178215|B            0.0051843 0.0103226 0.0120692 0.0034299 0.0051539 0.0085943 0.0191069 0.0051503 0.0068818 0.0034307 0.0068496 0.0034383 0.0068741 0.0034405 0.0173351 0.0052063 0.0086005 0.0034250 0.0034335 0.0051606 0.0034247 0.0085788 0.0138771 0.0034341 0.0173462 0.0137979 0.0034376 0.0103512 0.0034393 0.0138843 0.0034228 0.0051490 0.0051585 0.0034308 0.0034287 0.0051579 0.0085888 0.0068986 0.0051535 0.0085647 0.0068790 0.0068733 0.0086062 0.0103921 0.0000000 0.0051711 0.0103695 0.0051466 0.0085942 0.0103196 0.0051408 0.0051425 0.0034351 0.0103554 0.0085790 0.0085969 0.0103094 0.0051543 0.0051806 0.0155973 0.0121058 0.0138231 0.0156791 0.0138138 0.0051863 0.0138090 0.0051816 0.0138448 0.0103610 0.0138090 0.0034253 0.0051541 0.0192940 
EPI592763|HA|B/Louisiana/20/2015|EPI_ISL_180334|B          0.0034355 0.0121106 0.0138706 0.0051742 0.0069110 0.0103710 0.0174098 0.0069059 0.0086506 0.0051753 0.0086097 0.0051870 0.0086408 0.0017100 0.0156378 0.0034501 0.0103799 0.0051667 0.0051796 0.0069200 0.0051662 0.0103523 0.0156989 0.0051804 0.0191877 0.0156099 0.0051859 0.0121445 0.0051884 0.0157074 0.0051633 0.0069042 0.0069171 0.0051754 0.0051722 0.0069162 0.0103645 0.0086720 0.0069103 0.0103351 0.0086471 0.0086398 0.0103866 0.0121925 0.0051711 0.0000000 0.0121657 0.0069009 0.0103710 0.0121068 0.0068931 0.0068954 0.0051820 0.0121491 0.0103526 0.0103755 0.0120948 0.0069114 0.0069471 0.0174271 0.0139128 0.0156385 0.0175202 0.0156279 0.0069546 0.0156225 0.0034338 0.0156632 0.0121559 0.0156225 0.0051672 0.0069110 0.0211682 
EPI592761|HA|B/Louisiana/16/2015|EPI_ISL_180333|B          0.0121977 0.0103939 0.0121528 0.0103759 0.0121261 0.0121225 0.0192406 0.0121170 0.0104013 0.0103781 0.0103523 0.0104020 0.0103895 0.0104076 0.0174563 0.0122494 0.0086604 0.0103608 0.0103871 0.0121422 0.0103595 0.0121006 0.0139739 0.0103883 0.0174675 0.0138940 0.0103998 0.0104228 0.0104044 0.0139812 0.0103536 0.0121139 0.0121366 0.0103784 0.0103718 0.0121352 0.0121150 0.0104270 0.0086545 0.0120804 0.0069265 0.0069207 0.0086662 0.0139610 0.0103695 0.0121657 0.0000000 0.0086426 0.0051744 0.0138623 0.0086327 0.0120983 0.0103915 0.0139110 0.0086375 0.0051765 0.0138486 0.0086558 0.0121903 0.0157053 0.0121898 0.0139194 0.0157897 0.0121839 0.0122027 0.0139052 0.0121905 0.0139413 0.0104328 0.0139052 0.0103617 0.0086552 0.0194307 
EPI592842|HA|B/Rhode_Island/07/2015|EPI_ISL_180348|B       0.0069187 0.0086030 0.0103474 0.0051497 0.0068782 0.0068765 0.0173757 0.0068732 0.0051622 0.0051508 0.0051382 0.0051624 0.0051565 0.0051655 0.0156068 0.0069481 0.0068822 0.0051422 0.0051551 0.0068872 0.0051418 0.0068641 0.0121455 0.0051559 0.0156162 0.0120767 0.0051613 0.0086270 0.0051637 0.0121517 0.0051389 0.0068715 0.0068843 0.0051509 0.0051477 0.0068834 0.0068721 0.0051748 0.0034361 0.0068528 0.0051601 0.0051559 0.0068868 0.0086615 0.0051466 0.0069009 0.0086426 0.0000000 0.0068764 0.0086007 0.0034277 0.0068627 0.0051574 0.0086308 0.0068643 0.0068793 0.0085929 0.0034367 0.0069140 0.0138678 0.0103787 0.0120984 0.0139415 0.0120904 0.0069214 0.0120862 0.0069150 0.0121172 0.0086354 0.0120862 0.0051427 0.0034365 0.0175447 
EPI602964|HA|B/Louisiana/13/2015|EPI_ISL_182670|B          0.0103980 0.0051473 0.0068780 0.0085985 0.0103372 0.0103344 0.0173969 0.0103296 0.0086197 0.0086003 0.0085801 0.0086202 0.0086099 0.0086251 0.0156258 0.0086695 0.0068904 0.0085870 0.0086077 0.0103508 0.0085860 0.0103158 0.0121602 0.0086089 0.0121110 0.0086005 0.0086183 0.0086374 0.0086223 0.0086540 0.0085812 0.0103270 0.0103462 0.0086006 0.0085961 0.0103450 0.0103280 0.0086410 0.0068857 0.0102988 0.0051662 0.0051620 0.0068950 0.0121493 0.0085942 0.0103710 0.0051744 0.0068764 0.0000000 0.0120642 0.0068686 0.0103138 0.0086116 0.0121062 0.0068724 0.0034320 0.0120523 0.0068868 0.0103915 0.0103711 0.0103912 0.0086159 0.0104258 0.0103861 0.0104022 0.0086073 0.0103921 0.0086293 0.0086458 0.0086073 0.0085878 0.0068864 0.0139935 
EPI602972|HA|B/Oklahoma/05/2015|EPI_ISL_182671|B           0.0121385 0.0137995 0.0155585 0.0103260 0.0120676 0.0051634 0.0226366 0.0120585 0.0103512 0.0103282 0.0034294 0.0103518 0.0103394 0.0103574 0.0195101 0.0121897 0.0120746 0.0103110 0.0103370 0.0120835 0.0103098 0.0051541 0.0173917 0.0103383 0.0208687 0.0172926 0.0103497 0.0138384 0.0103542 0.0174012 0.0103039 0.0120555 0.0120779 0.0103285 0.0103219 0.0120766 0.0051601 0.0103766 0.0086125 0.0051457 0.0103471 0.0103383 0.0120823 0.0069375 0.0103196 0.0121068 0.0138623 0.0086007 0.0120642 0.0000000 0.0085919 0.0120401 0.0103415 0.0069130 0.0120427 0.0120695 0.0068821 0.0086138 0.0121312 0.0191120 0.0156055 0.0173239 0.0192139 0.0173119 0.0121435 0.0173057 0.0121314 0.0173516 0.0138514 0.0173057 0.0103119 0.0086133 0.0228630 
