92
EPI534678|HA|B/Taiwan/113/2014|EPI_ISL_163842|B                             0.0000000 0.0068657 0.0085904 0.0138095 0.0085934 0.0103560 0.0103329 0.0085844 0.0086237 0.0085955 0.0103621 0.0085913 0.0121344 0.0137839 0.0085855 0.0085913 0.0155109 0.0085927 0.0103556 0.0086189 0.0068773 0.0068657 0.0138175 0.0104186 0.0120846 0.0085974 0.0085970 0.0086196 0.0155109 0.0034198 0.0086135 0.0121522 0.0070842 0.0155242 0.0086114 0.0051391 0.0086645 0.0086259 0.0086114 0.0086140 0.0103636 0.0086114 0.0085974 0.0068813 0.0085956 0.0085989 0.0085925 0.0138242 0.0103543 0.0103467 0.0085941 0.0085829 0.0156026 0.0103360 0.0103037 0.0085912 0.0085841 0.0137555 0.0103477 0.0085890 0.0086091 0.0085960 0.0137792 0.0137870 0.0103623 0.0103250 0.0086121 0.0121031 0.0085983 0.0086207 0.0085960 0.0086121 0.0086365 0.0085983 0.0103169 0.0085938 0.0103211 0.0103346 0.0137874 0.0085979 0.0103304 0.0051438 0.0051481 0.0155856 0.0051371 0.0086090 0.0103699 0.0051589 0.0051391 0.0068657 0.0085956 0.0000010 
EPI534674|HA|B/TOCHIGI/14215/2014|EPI_ISL_163840|B                          0.0068657 0.0000000 0.0017074 0.0103377 0.0017080 0.0034303 0.0034225 0.0017063 0.0017139 0.0051476 0.0034323 0.0017076 0.0086501 0.0068488 0.0017065 0.0017076 0.0085643 0.0017079 0.0034301 0.0017130 0.0034319 0.0034262 0.0103436 0.0034506 0.0051467 0.0017088 0.0017087 0.0017131 0.0085643 0.0034257 0.0017120 0.0086626 0.0017063 0.0120519 0.0017115 0.0051481 0.0034192 0.0034276 0.0017115 0.0017120 0.0034328 0.0017115 0.0017088 0.0068934 0.0017084 0.0017091 0.0051458 0.0103486 0.0068890 0.0068841 0.0051468 0.0051402 0.0121125 0.0068771 0.0068556 0.0051450 0.0051409 0.0102975 0.0034274 0.0051437 0.0051556 0.0051479 0.0103153 0.0103210 0.0068945 0.0068696 0.0051575 0.0051542 0.0051493 0.0051627 0.0051479 0.0051575 0.0051719 0.0051493 0.0034174 0.0051466 0.0034187 0.0068760 0.0103212 0.0051490 0.0034218 0.0086087 0.0086160 0.0120995 0.0085972 0.0017111 0.0034348 0.0086340 0.0017097 0.0000010 0.0017084 0.0068657 
EPI534676|HA|B/Taiwan/63/2014|EPI_ISL_163841|B                              0.0085904 0.0017074 0.0000000 0.0120728 0.0034195 0.0051506 0.0051390 0.0034160 0.0034314 0.0068704 0.0051536 0.0034187 0.0103915 0.0085702 0.0034164 0.0034187 0.0102874 0.0034192 0.0051504 0.0034295 0.0051532 0.0051445 0.0120798 0.0051813 0.0068690 0.0034211 0.0034209 0.0034297 0.0102874 0.0051439 0.0034274 0.0104066 0.0034160 0.0137875 0.0034266 0.0068710 0.0017071 0.0051466 0.0034266 0.0034275 0.0051544 0.0034266 0.0034211 0.0086253 0.0034203 0.0034216 0.0068679 0.0120856 0.0086199 0.0086136 0.0068693 0.0068604 0.0138570 0.0086048 0.0085777 0.0068669 0.0068613 0.0120257 0.0051463 0.0068651 0.0068811 0.0068707 0.0120465 0.0120532 0.0086267 0.0085954 0.0068836 0.0068792 0.0068726 0.0068905 0.0068707 0.0068836 0.0069029 0.0068726 0.0051312 0.0068690 0.0017069 0.0086035 0.0120535 0.0068722 0.0051378 0.0103419 0.0103507 0.0138420 0.0103282 0.0034256 0.0051575 0.0103721 0.0034228 0.0017074 0.0034203 0.0085904 
EPI534684|HA|B/Taiwan/190/2014|EPI_ISL_163845|B                             0.0138095 0.0103377 0.0120728 0.0000000 0.0120770 0.0138594 0.0138285 0.0120641 0.0121194 0.0120797 0.0138676 0.0120739 0.0051688 0.0138254 0.0120657 0.0120739 0.0155577 0.0120759 0.0138588 0.0121128 0.0103553 0.0103377 0.0034309 0.0139439 0.0155946 0.0120826 0.0120818 0.0121139 0.0155577 0.0103363 0.0121050 0.0156830 0.0120641 0.0051399 0.0121020 0.0120809 0.0138149 0.0138490 0.0121020 0.0121061 0.0138695 0.0121020 0.0120825 0.0138659 0.0120799 0.0120847 0.0120754 0.0034326 0.0138573 0.0138468 0.0120778 0.0120620 0.0051654 0.0138322 0.0137888 0.0120737 0.0120636 0.0172566 0.0138485 0.0120707 0.0120990 0.0120804 0.0172865 0.0172963 0.0138678 0.0138178 0.0121029 0.0156191 0.0120837 0.0121150 0.0120804 0.0121029 0.0121373 0.0120837 0.0138068 0.0120773 0.0138127 0.0138307 0.0034236 0.0120833 0.0138250 0.0155843 0.0155979 0.0051601 0.0155632 0.0120988 0.0138781 0.0156299 0.0085967 0.0103377 0.0120799 0.0138095 
EPI536445|HA|B/Hong_Kong/3298/2014|EPI_ISL_164278|B                         0.0085934 0.0017080 0.0034195 0.0120770 0.0000000 0.0051524 0.0051408 0.0034172 0.0034326 0.0068727 0.0051554 0.0034198 0.0103951 0.0085732 0.0034176 0.0034198 0.0102909 0.0034204 0.0051522 0.0034307 0.0051550 0.0051463 0.0120839 0.0051831 0.0068714 0.0034222 0.0034221 0.0034309 0.0102909 0.0051456 0.0034286 0.0104102 0.0034172 0.0137923 0.0034278 0.0068734 0.0051358 0.0051484 0.0034278 0.0034287 0.0051562 0.0034278 0.0034223 0.0086283 0.0034215 0.0034228 0.0068703 0.0120898 0.0086229 0.0086166 0.0068716 0.0068628 0.0138618 0.0086078 0.0085807 0.0068693 0.0068637 0.0120299 0.0051481 0.0068675 0.0068835 0.0068731 0.0120506 0.0120574 0.0086297 0.0085984 0.0068860 0.0034296 0.0068750 0.0068929 0.0068731 0.0068860 0.0069054 0.0068750 0.0051330 0.0068714 0.0051349 0.0086065 0.0120577 0.0068746 0.0051396 0.0103455 0.0103543 0.0138468 0.0103317 0.0034268 0.0051593 0.0103757 0.0034240 0.0017080 0.0034215 0.0085934 
EPI536528|HA|B/Korea/2934/2014|EPI_ISL_164317|B                             0.0103560 0.0034303 0.0051506 0.0138594 0.0051524 0.0000000 0.0068829 0.0051471 0.0051704 0.0086266 0.0053085 0.0051511 0.0121784 0.0103304 0.0051478 0.0051511 0.0120555 0.0051519 0.0068982 0.0051675 0.0069021 0.0068903 0.0138675 0.0069398 0.0051384 0.0051548 0.0051545 0.0051679 0.0120555 0.0068894 0.0051644 0.0121963 0.0051471 0.0155803 0.0051631 0.0086274 0.0068761 0.0068932 0.0051631 0.0051645 0.0069036 0.0051631 0.0017129 0.0103981 0.0051537 0.0051556 0.0086235 0.0138742 0.0103916 0.0087368 0.0086252 0.0086139 0.0156593 0.0103732 0.0103407 0.0086222 0.0086151 0.0138050 0.0068927 0.0086200 0.0086402 0.0086271 0.0138289 0.0122206 0.0103997 0.0103621 0.0086432 0.0086378 0.0086294 0.0086520 0.0086271 0.0086432 0.0086678 0.0086294 0.0068724 0.0086248 0.0068750 0.0103718 0.0138371 0.0086290 0.0068813 0.0121200 0.0121304 0.0156421 0.0121037 0.0051617 0.0034293 0.0106565 0.0051575 0.0034303 0.0051537 0.0103560 
EPI537796|HA|B/HAMAMATU-C/14166/2014|EPI_ISL_164692|B                       0.0103329 0.0034225 0.0051390 0.0138285 0.0051408 0.0068829 0.0000000 0.0051355 0.0051587 0.0086071 0.0068869 0.0051395 0.0121510 0.0103073 0.0051362 0.0051395 0.0120287 0.0051403 0.0068826 0.0051559 0.0068865 0.0068748 0.0138366 0.0069240 0.0086053 0.0051432 0.0051429 0.0051562 0.0120287 0.0068739 0.0051528 0.0121689 0.0051355 0.0155457 0.0051515 0.0086079 0.0068606 0.0068776 0.0051515 0.0051529 0.0068880 0.0051515 0.0051432 0.0103748 0.0051421 0.0017072 0.0086040 0.0138432 0.0103683 0.0103607 0.0086057 0.0085945 0.0156244 0.0103499 0.0103176 0.0086028 0.0085956 0.0137743 0.0068772 0.0086006 0.0086207 0.0086076 0.0137981 0.0138059 0.0103763 0.0103389 0.0086237 0.0086182 0.0086099 0.0086324 0.0086076 0.0086237 0.0086482 0.0086099 0.0068569 0.0086054 0.0068596 0.0103486 0.0138063 0.0086095 0.0068658 0.0120929 0.0121033 0.0156073 0.0120767 0.0051501 0.0068921 0.0121283 0.0051459 0.0034225 0.0051421 0.0103329 
EPI537798|HA|B/AICHI/51/2014|EPI_ISL_164693|B                               0.0085844 0.0017063 0.0034160 0.0120641 0.0034172 0.0051471 0.0051355 0.0000000 0.0034291 0.0068656 0.0051501 0.0034164 0.0103841 0.0085643 0.0034142 0.0034164 0.0102801 0.0034169 0.0051469 0.0034272 0.0051497 0.0051410 0.0120711 0.0051777 0.0068642 0.0034188 0.0034186 0.0034274 0.0102801 0.0051403 0.0034251 0.0103992 0.0034137 0.0137775 0.0034243 0.0068662 0.0051305 0.0051431 0.0034243 0.0034252 0.0051509 0.0034243 0.0034188 0.0086192 0.0034180 0.0034193 0.0068632 0.0120769 0.0086138 0.0086076 0.0068645 0.0068556 0.0138468 0.0085987 0.0085727 0.0068622 0.0068565 0.0120171 0.0051428 0.0068604 0.0068763 0.0068660 0.0120378 0.0120446 0.0086206 0.0085894 0.0068788 0.0068744 0.0068678 0.0068857 0.0068660 0.0068788 0.0068981 0.0068678 0.0035325 0.0068642 0.0051297 0.0085974 0.0120449 0.0068675 0.0035372 0.0103346 0.0103434 0.0138319 0.0103208 0.0034233 0.0051540 0.0103647 0.0034205 0.0017063 0.0034180 0.0085844 
EPI538107|HA|B/Guangdong-Zhongshan/1465/2014|EPI_ISL_164862|B               0.0086237 0.0017139 0.0034314 0.0121194 0.0034326 0.0051704 0.0051587 0.0034291 0.0000000 0.0051823 0.0051735 0.0017140 0.0104309 0.0086023 0.0034295 0.0034318 0.0103268 0.0034323 0.0051702 0.0034426 0.0051731 0.0051643 0.0121264 0.0052014 0.0068955 0.0034342 0.0034340 0.0034429 0.0103268 0.0051636 0.0034406 0.0104462 0.0034291 0.0138407 0.0034398 0.0068975 0.0051537 0.0051665 0.0034398 0.0034406 0.0051743 0.0034398 0.0034342 0.0086588 0.0034335 0.0034347 0.0068944 0.0121323 0.0086533 0.0086471 0.0068958 0.0068868 0.0139107 0.0086381 0.0086110 0.0068934 0.0068878 0.0120720 0.0051661 0.0068916 0.0069077 0.0068973 0.0120929 0.0120997 0.0086602 0.0086288 0.0069102 0.0069058 0.0068991 0.0069171 0.0068973 0.0069102 0.0069297 0.0068991 0.0051509 0.0051501 0.0051529 0.0069021 0.0121000 0.0068987 0.0051576 0.0103818 0.0103907 0.0138956 0.0103680 0.0034388 0.0051774 0.0104123 0.0034360 0.0017139 0.0034335 0.0086237 
EPI538128|HA|B/Shanghai-Xuhui/1172/2014|EPI_ISL_164869|B                    0.0085955 0.0051476 0.0068704 0.0120797 0.0068727 0.0086266 0.0086071 0.0068656 0.0051823 0.0000000 0.0086317 0.0051578 0.0103975 0.0120573 0.0068665 0.0068711 0.0137835 0.0068721 0.0086262 0.0068930 0.0051563 0.0051476 0.0120867 0.0086792 0.0103550 0.0068760 0.0068756 0.0068935 0.0137835 0.0051469 0.0068888 0.0104127 0.0068656 0.0137953 0.0068871 0.0068751 0.0085986 0.0086200 0.0068871 0.0068891 0.0086329 0.0068871 0.0068760 0.0086304 0.0068745 0.0068771 0.0068720 0.0120925 0.0086250 0.0086187 0.0068734 0.0068645 0.0138648 0.0086098 0.0085828 0.0068710 0.0068654 0.0120326 0.0086195 0.0068692 0.0068852 0.0068748 0.0120533 0.0120601 0.0086318 0.0086005 0.0068877 0.0103707 0.0068767 0.0068946 0.0068748 0.0068877 0.0069071 0.0068767 0.0085938 0.0051640 0.0085972 0.0068931 0.0120604 0.0068763 0.0086050 0.0103479 0.0103567 0.0138498 0.0103341 0.0068852 0.0086382 0.0103781 0.0034249 0.0051476 0.0068745 0.0085955 
EPI538171|HA|B/Bangladesh/6784/2014|EPI_ISL_164883|B                        0.0103621 0.0034323 0.0051536 0.0138676 0.0051554 0.0053085 0.0068869 0.0051501 0.0051735 0.0086317 0.0000000 0.0051542 0.0121856 0.0103364 0.0051508 0.0051542 0.0120626 0.0051550 0.0069023 0.0051706 0.0069061 0.0068944 0.0121708 0.0069439 0.0070731 0.0051578 0.0051575 0.0051709 0.0120626 0.0068935 0.0051675 0.0122036 0.0051501 0.0155894 0.0051662 0.0086325 0.0068802 0.0068972 0.0051662 0.0051676 0.0069076 0.0051662 0.0051578 0.0104042 0.0051567 0.0051587 0.0086286 0.0138823 0.0103977 0.0086260 0.0086303 0.0086190 0.0156686 0.0103793 0.0103468 0.0086273 0.0086202 0.0138131 0.0068968 0.0086251 0.0086454 0.0086322 0.0138370 0.0120710 0.0104058 0.0103682 0.0086484 0.0086429 0.0086345 0.0086571 0.0086322 0.0086484 0.0086729 0.0086345 0.0068764 0.0086299 0.0068791 0.0103779 0.0138452 0.0086341 0.0068853 0.0121271 0.0121376 0.0156514 0.0121109 0.0051648 0.0053158 0.0086031 0.0051605 0.0034323 0.0051567 0.0103621 
EPI538167|HA|B/Bangladesh/2004/2014|EPI_ISL_164881|B                        0.0085913 0.0017076 0.0034187 0.0120739 0.0034198 0.0051511 0.0051395 0.0034164 0.0017140 0.0051578 0.0051542 0.0000000 0.0103925 0.0085711 0.0034168 0.0034190 0.0102884 0.0034196 0.0051510 0.0034298 0.0051537 0.0051451 0.0120809 0.0051818 0.0068697 0.0034214 0.0034213 0.0034300 0.0102884 0.0051444 0.0034278 0.0104076 0.0034164 0.0137887 0.0034270 0.0068717 0.0051345 0.0051472 0.0034270 0.0034278 0.0051550 0.0034270 0.0034214 0.0086262 0.0034207 0.0034220 0.0068687 0.0120867 0.0086208 0.0086145 0.0068700 0.0068611 0.0138582 0.0086056 0.0085786 0.0068676 0.0068620 0.0120269 0.0051468 0.0068659 0.0068818 0.0068715 0.0120476 0.0120544 0.0086276 0.0085963 0.0068843 0.0068799 0.0068733 0.0068912 0.0068715 0.0068843 0.0069037 0.0068733 0.0051318 0.0051613 0.0051337 0.0051492 0.0120546 0.0068729 0.0051384 0.0103429 0.0103517 0.0138433 0.0103292 0.0034260 0.0051580 0.0103731 0.0034232 0.0017076 0.0034207 0.0085913 
EPI541285|HA|B/MALAYSIA/6/2014|EPI_ISL_166179|B                             0.0121344 0.0086501 0.0103915 0.0051688 0.0103951 0.0121784 0.0121510 0.0103841 0.0104309 0.0103975 0.0121856 0.0103925 0.0000000 0.0156302 0.0103854 0.0103925 0.0173713 0.0103941 0.0121779 0.0104251 0.0086649 0.0086501 0.0051716 0.0122528 0.0139210 0.0103999 0.0103993 0.0104260 0.0173713 0.0086489 0.0104184 0.0139999 0.0103841 0.0068868 0.0104158 0.0103985 0.0121390 0.0121691 0.0104158 0.0104192 0.0121873 0.0104158 0.0103999 0.0121840 0.0103977 0.0104017 0.0103938 0.0051742 0.0121764 0.0121672 0.0103959 0.0103823 0.0069212 0.0121545 0.0121162 0.0103923 0.0103836 0.0155975 0.0121686 0.0103897 0.0104141 0.0103981 0.0156246 0.0156335 0.0121858 0.0121416 0.0104166 0.0139428 0.0104009 0.0104272 0.0103981 0.0104166 0.0104465 0.0104009 0.0121320 0.0103954 0.0121371 0.0121530 0.0051606 0.0104005 0.0121480 0.0139117 0.0139238 0.0069141 0.0138928 0.0104140 0.0121949 0.0139526 0.0069063 0.0086501 0.0103977 0.0121344 
EPI541302|HA|B/Ulaanbaatar/1113/2014|EPI_ISL_166186|B                       0.0137839 0.0068488 0.0085702 0.0138254 0.0085732 0.0103304 0.0103073 0.0085643 0.0086023 0.0120573 0.0103364 0.0085711 0.0156302 0.0000000 0.0085654 0.0085711 0.0017068 0.0085724 0.0103300 0.0085976 0.0103361 0.0103185 0.0138334 0.0103927 0.0120545 0.0085762 0.0085767 0.0085982 0.0017068 0.0103171 0.0085922 0.0156536 0.0085643 0.0155421 0.0085901 0.0120584 0.0102973 0.0103226 0.0085901 0.0085927 0.0103379 0.0085901 0.0085762 0.0138400 0.0085753 0.0085776 0.0120530 0.0138401 0.0138315 0.0138210 0.0120554 0.0120396 0.0156207 0.0138065 0.0137633 0.0120513 0.0120412 0.0172246 0.0103221 0.0120483 0.0120765 0.0120580 0.0172543 0.0172641 0.0138420 0.0137921 0.0120804 0.0120729 0.0120612 0.0120925 0.0120580 0.0120804 0.0121147 0.0120612 0.0102915 0.0120549 0.0102956 0.0138050 0.0138032 0.0120608 0.0103048 0.0155553 0.0155688 0.0156036 0.0155343 0.0085877 0.0103442 0.0156007 0.0085807 0.0068488 0.0085753 0.0137839 
EPI541304|HA|B/MALAYSIA/2/2014|EPI_ISL_166187|B                             0.0085855 0.0017065 0.0034164 0.0120657 0.0034176 0.0051478 0.0051362 0.0034142 0.0034295 0.0068665 0.0051508 0.0034168 0.0103854 0.0085654 0.0000000 0.0034168 0.0102814 0.0034174 0.0051476 0.0034276 0.0051504 0.0051417 0.0120726 0.0051784 0.0068652 0.0034192 0.0034190 0.0034278 0.0102814 0.0051410 0.0034256 0.0104005 0.0034142 0.0137793 0.0034248 0.0068671 0.0051312 0.0051438 0.0034248 0.0034256 0.0051516 0.0034248 0.0034192 0.0086204 0.0034185 0.0034198 0.0068641 0.0120785 0.0086150 0.0086087 0.0068654 0.0068565 0.0138486 0.0085998 0.0085739 0.0068631 0.0068575 0.0120187 0.0051435 0.0068613 0.0068773 0.0068669 0.0120394 0.0120462 0.0086218 0.0085905 0.0068797 0.0068753 0.0068687 0.0068866 0.0068669 0.0068797 0.0068991 0.0068687 0.0051284 0.0068652 0.0051304 0.0085986 0.0120464 0.0068684 0.0051350 0.0103359 0.0103447 0.0138337 0.0103222 0.0034238 0.0051547 0.0103661 0.0034210 0.0017065 0.0034185 0.0085855 
EPI541366|HA|B/CHIANG_RAI/273/2014|EPI_ISL_166202|B                         0.0085913 0.0017076 0.0034187 0.0120739 0.0034198 0.0051511 0.0051395 0.0034164 0.0034318 0.0068711 0.0051542 0.0034190 0.0103925 0.0085711 0.0034168 0.0000000 0.0102884 0.0034196 0.0051510 0.0034298 0.0051537 0.0051451 0.0120809 0.0051818 0.0068697 0.0034214 0.0034213 0.0034300 0.0102884 0.0051444 0.0034278 0.0104076 0.0034164 0.0137887 0.0034270 0.0068717 0.0051345 0.0051472 0.0034270 0.0034278 0.0051550 0.0034270 0.0034214 0.0086262 0.0034207 0.0034220 0.0068687 0.0120867 0.0086208 0.0086145 0.0068700 0.0068611 0.0138582 0.0086056 0.0085786 0.0068676 0.0068620 0.0120269 0.0051468 0.0068659 0.0068818 0.0068715 0.0120476 0.0120544 0.0086276 0.0085963 0.0068843 0.0068799 0.0068733 0.0068912 0.0068715 0.0068843 0.0069037 0.0068733 0.0051318 0.0068697 0.0051337 0.0086044 0.0120546 0.0068729 0.0051384 0.0103429 0.0103517 0.0138433 0.0103292 0.0034260 0.0051580 0.0103731 0.0034232 0.0017076 0.0034207 0.0085913 
EPI541356|HA|B/Sainshand/1750/2014|EPI_ISL_166201|B                         0.0155109 0.0085643 0.0102874 0.0155577 0.0102909 0.0120555 0.0120287 0.0102801 0.0103268 0.0137835 0.0120626 0.0102884 0.0173713 0.0017068 0.0102814 0.0102884 0.0000000 0.0102900 0.0120550 0.0103212 0.0120623 0.0120418 0.0155668 0.0121283 0.0137802 0.0102957 0.0102951 0.0103221 0.0034147 0.0120401 0.0103147 0.0173975 0.0102801 0.0172733 0.0103122 0.0137849 0.0120169 0.0120464 0.0103122 0.0103155 0.0120642 0.0103122 0.0102956 0.0155742 0.0102934 0.0102974 0.0137787 0.0155742 0.0155647 0.0155527 0.0137814 0.0137633 0.0173609 0.0155362 0.0154875 0.0137767 0.0137651 0.0189506 0.0120459 0.0137733 0.0138056 0.0137843 0.0189835 0.0189942 0.0155763 0.0155202 0.0138099 0.0138015 0.0137881 0.0138237 0.0137843 0.0138099 0.0138492 0.0137881 0.0120100 0.0137808 0.0120150 0.0155347 0.0155326 0.0137877 0.0120257 0.0172880 0.0173031 0.0173417 0.0172645 0.0103094 0.0120716 0.0173384 0.0103011 0.0085643 0.0102934 0.0155109 
EPI544148|HA|B/NAGANO/2340/2014|EPI_ISL_166902|B                            0.0085927 0.0017079 0.0034192 0.0120759 0.0034204 0.0051519 0.0051403 0.0034169 0.0034323 0.0068721 0.0051550 0.0034196 0.0103941 0.0085724 0.0034174 0.0034196 0.0102900 0.0000000 0.0051518 0.0034304 0.0051546 0.0051459 0.0120828 0.0051826 0.0068708 0.0034220 0.0034218 0.0034306 0.0102900 0.0051452 0.0034284 0.0104093 0.0034169 0.0137909 0.0034275 0.0068728 0.0051353 0.0051480 0.0034275 0.0034284 0.0017132 0.0034275 0.0034220 0.0086276 0.0034212 0.0034225 0.0068697 0.0120886 0.0086221 0.0086159 0.0068711 0.0068622 0.0138605 0.0086070 0.0085800 0.0068687 0.0068631 0.0120288 0.0051477 0.0068669 0.0068829 0.0068725 0.0120495 0.0120563 0.0086289 0.0085977 0.0068854 0.0068810 0.0068744 0.0068923 0.0068725 0.0068854 0.0069048 0.0068744 0.0051326 0.0068708 0.0051345 0.0086057 0.0120566 0.0068740 0.0051392 0.0103445 0.0103534 0.0138455 0.0103308 0.0034266 0.0051589 0.0103748 0.0034237 0.0017079 0.0034212 0.0085927 
EPI544150|HA|B/WAKAYAMA/128/2014|EPI_ISL_166903|B                           0.0103556 0.0034301 0.0051504 0.0138588 0.0051522 0.0068982 0.0068826 0.0051469 0.0051702 0.0086262 0.0069023 0.0051510 0.0121779 0.0103300 0.0051476 0.0051510 0.0120550 0.0051518 0.0000000 0.0051674 0.0069018 0.0068901 0.0138669 0.0069395 0.0086244 0.0051546 0.0051543 0.0051677 0.0120550 0.0068892 0.0051642 0.0121959 0.0051469 0.0155796 0.0051630 0.0086270 0.0068759 0.0068929 0.0017087 0.0051644 0.0069033 0.0051630 0.0051546 0.0103977 0.0051535 0.0051554 0.0086232 0.0138736 0.0103912 0.0103835 0.0086249 0.0086136 0.0156586 0.0103728 0.0103403 0.0086219 0.0086147 0.0138044 0.0068925 0.0086197 0.0086399 0.0086267 0.0138283 0.0138361 0.0103993 0.0103617 0.0086429 0.0086374 0.0086291 0.0086516 0.0086267 0.0086429 0.0086675 0.0086291 0.0068721 0.0086245 0.0068748 0.0103714 0.0138365 0.0086287 0.0068810 0.0121195 0.0121299 0.0156415 0.0121032 0.0051615 0.0069075 0.0121550 0.0051573 0.0034301 0.0051535 0.0103556 
EPI544162|HA|B/GIFU/13/2014|EPI_ISL_166909|B                                0.0086189 0.0017130 0.0034295 0.0121128 0.0034307 0.0051675 0.0051559 0.0034272 0.0034426 0.0068930 0.0051706 0.0034298 0.0104251 0.0085976 0.0034276 0.0034298 0.0103212 0.0034304 0.0051674 0.0000000 0.0051702 0.0051614 0.0121198 0.0051984 0.0068917 0.0034323 0.0034321 0.0034409 0.0103212 0.0051608 0.0034387 0.0104404 0.0034272 0.0138332 0.0034378 0.0068937 0.0051508 0.0051636 0.0034378 0.0034387 0.0051714 0.0034378 0.0034323 0.0086540 0.0034315 0.0034328 0.0068906 0.0121257 0.0086485 0.0086423 0.0068919 0.0068830 0.0139031 0.0086333 0.0086062 0.0068896 0.0068839 0.0120654 0.0051632 0.0068878 0.0069039 0.0068934 0.0120863 0.0120931 0.0086554 0.0086240 0.0069063 0.0069019 0.0068953 0.0069133 0.0068934 0.0069063 0.0069258 0.0068953 0.0051481 0.0068917 0.0051500 0.0086321 0.0120934 0.0068949 0.0051547 0.0103761 0.0103850 0.0138881 0.0103623 0.0034369 0.0051745 0.0104065 0.0034341 0.0017130 0.0034315 0.0086189 
EPI544174|HA|B/Laos/I136/2014|EPI_ISL_166915|B                              0.0068773 0.0034319 0.0051532 0.0103553 0.0051550 0.0069021 0.0068865 0.0051497 0.0051731 0.0051563 0.0069061 0.0051537 0.0086649 0.0103361 0.0051504 0.0051537 0.0120623 0.0051546 0.0069018 0.0051702 0.0000000 0.0034319 0.0103612 0.0034439 0.0086294 0.0051574 0.0051571 0.0051705 0.0120623 0.0034315 0.0051671 0.0086775 0.0051497 0.0120725 0.0051658 0.0051568 0.0068797 0.0068968 0.0051658 0.0051672 0.0069072 0.0051658 0.0051574 0.0069051 0.0051563 0.0051582 0.0051545 0.0103662 0.0069007 0.0068958 0.0051555 0.0051489 0.0121333 0.0068888 0.0068673 0.0051537 0.0051495 0.0103150 0.0068964 0.0051524 0.0051643 0.0051566 0.0103328 0.0103386 0.0069062 0.0068813 0.0051662 0.0086424 0.0051580 0.0051714 0.0051566 0.0051662 0.0051807 0.0051580 0.0068760 0.0051553 0.0068786 0.0068877 0.0103388 0.0051577 0.0068849 0.0086234 0.0086307 0.0121203 0.0086119 0.0051643 0.0069114 0.0086488 0.0017125 0.0034319 0.0051563 0.0068773 
EPI544176|HA|B/Laos/I143/2014|EPI_ISL_166916|B                              0.0068657 0.0034262 0.0051445 0.0103377 0.0051463 0.0068903 0.0068748 0.0051410 0.0051643 0.0051476 0.0068944 0.0051451 0.0086501 0.0103185 0.0051417 0.0051451 0.0120418 0.0051459 0.0068901 0.0051614 0.0034319 0.0000000 0.0103436 0.0069315 0.0086147 0.0051487 0.0051484 0.0051618 0.0120418 0.0034257 0.0051583 0.0086626 0.0051410 0.0120519 0.0051570 0.0051481 0.0068681 0.0068851 0.0051570 0.0051584 0.0068954 0.0051570 0.0051487 0.0068934 0.0051476 0.0051495 0.0051458 0.0103486 0.0068890 0.0068841 0.0051468 0.0051402 0.0121125 0.0068771 0.0068556 0.0051450 0.0051409 0.0102975 0.0068846 0.0051437 0.0051556 0.0051479 0.0103153 0.0103210 0.0068945 0.0068696 0.0051575 0.0086276 0.0051493 0.0051627 0.0051479 0.0051575 0.0051719 0.0051493 0.0068643 0.0051466 0.0068670 0.0068760 0.0103212 0.0051490 0.0068732 0.0051430 0.0051473 0.0120995 0.0051363 0.0051556 0.0068996 0.0051580 0.0017097 0.0034262 0.0051476 0.0068657 
EPI544234|HA|B/Indonesia/Nihrdi-Dps_1144/2014|EPI_ISL_166945|B              0.0138175 0.0103436 0.0120798 0.0034309 0.0120839 0.0138675 0.0138366 0.0120711 0.0121264 0.0120867 0.0121708 0.0120809 0.0051716 0.0138334 0.0120726 0.0120809 0.0155668 0.0120828 0.0138669 0.0121198 0.0103612 0.0103436 0.0000000 0.0139521 0.0156038 0.0120895 0.0120888 0.0121209 0.0155668 0.0103422 0.0121120 0.0156923 0.0120711 0.0051427 0.0121090 0.0120878 0.0138229 0.0138571 0.0121090 0.0121131 0.0138776 0.0121090 0.0120895 0.0138740 0.0120869 0.0120916 0.0120824 0.0034345 0.0138654 0.0138548 0.0120848 0.0120689 0.0051683 0.0138403 0.0137968 0.0120807 0.0120705 0.0172669 0.0138566 0.0120776 0.0121060 0.0120874 0.0172967 0.0173065 0.0138759 0.0138258 0.0121099 0.0156284 0.0120906 0.0121220 0.0120874 0.0121099 0.0121443 0.0120906 0.0138148 0.0120842 0.0138207 0.0138387 0.0034255 0.0120902 0.0138331 0.0155935 0.0156071 0.0051630 0.0155724 0.0121058 0.0138862 0.0156392 0.0086016 0.0103436 0.0120869 0.0138175 
EPI551292|HA|B/PHILIPPINES/3/2014|EPI_ISL_168820|B                          0.0104186 0.0034506 0.0051813 0.0139439 0.0051831 0.0069398 0.0069240 0.0051777 0.0052014 0.0086792 0.0069439 0.0051818 0.0122528 0.0103927 0.0051784 0.0051818 0.0121283 0.0051826 0.0069395 0.0051984 0.0034439 0.0069315 0.0139521 0.0000000 0.0086774 0.0051855 0.0051852 0.0051988 0.0121283 0.0069306 0.0051953 0.0122710 0.0051777 0.0156753 0.0051940 0.0086800 0.0069171 0.0069344 0.0051940 0.0051954 0.0069449 0.0051940 0.0051855 0.0104612 0.0051844 0.0051864 0.0086761 0.0139588 0.0104546 0.0104469 0.0086778 0.0086665 0.0157554 0.0104360 0.0104031 0.0086749 0.0086676 0.0138888 0.0069340 0.0086726 0.0086921 0.0086797 0.0139130 0.0139209 0.0104628 0.0104248 0.0086951 0.0086895 0.0086821 0.0087039 0.0086797 0.0086951 0.0087200 0.0086821 0.0069133 0.0086775 0.0051813 0.0104346 0.0139213 0.0086817 0.0069223 0.0121937 0.0122042 0.0157380 0.0121772 0.0051925 0.0069492 0.0122296 0.0051882 0.0034506 0.0051844 0.0104186 
EPI552528|HA|B/Bangladesh/2429/2014|EPI_ISL_169183|B                        0.0120846 0.0051467 0.0068690 0.0155946 0.0068714 0.0051384 0.0086053 0.0068642 0.0068955 0.0103550 0.0070731 0.0068697 0.0139210 0.0120545 0.0068652 0.0068697 0.0137802 0.0068708 0.0086244 0.0068917 0.0086294 0.0086147 0.0156038 0.0086774 0.0000000 0.0068746 0.0068742 0.0068922 0.0137802 0.0086135 0.0068875 0.0139417 0.0068642 0.0173142 0.0068857 0.0103560 0.0085968 0.0086181 0.0068857 0.0068877 0.0086311 0.0068857 0.0068746 0.0121338 0.0034251 0.0068757 0.0103513 0.0156112 0.0121263 0.0069684 0.0068786 0.0103398 0.0174023 0.0121045 0.0120666 0.0103498 0.0103412 0.0155332 0.0086177 0.0103472 0.0103714 0.0103556 0.0155601 0.0139668 0.0121356 0.0120918 0.0103749 0.0103684 0.0103584 0.0103853 0.0103556 0.0103749 0.0104043 0.0103584 0.0085920 0.0103529 0.0085954 0.0121030 0.0155694 0.0103580 0.0086032 0.0138542 0.0138662 0.0173830 0.0138356 0.0068839 0.0051452 0.0124253 0.0068782 0.0051467 0.0034251 0.0120846 
EPI554766|HA|B/Fujian-Sanyuan/2669/2014|EPI_ISL_169695|B                    0.0085974 0.0017088 0.0034211 0.0120826 0.0034222 0.0051548 0.0051432 0.0034188 0.0034342 0.0068760 0.0051578 0.0034214 0.0103999 0.0085762 0.0034192 0.0034214 0.0102957 0.0034220 0.0051546 0.0034323 0.0051574 0.0051487 0.0120895 0.0051855 0.0068746 0.0000000 0.0034237 0.0034325 0.0102957 0.0051480 0.0034302 0.0104151 0.0034188 0.0137986 0.0034294 0.0068766 0.0051381 0.0051508 0.0034294 0.0034303 0.0051586 0.0034294 0.0034239 0.0086324 0.0034231 0.0034244 0.0068735 0.0120954 0.0086269 0.0086207 0.0068749 0.0068660 0.0138682 0.0086118 0.0085847 0.0068725 0.0068669 0.0120354 0.0051505 0.0068707 0.0068867 0.0068763 0.0120562 0.0120630 0.0086338 0.0086025 0.0068892 0.0068848 0.0068782 0.0068961 0.0068763 0.0068892 0.0069086 0.0068782 0.0051354 0.0068746 0.0051373 0.0086105 0.0120632 0.0068778 0.0051420 0.0103503 0.0103591 0.0138532 0.0103365 0.0034284 0.0051617 0.0103806 0.0034256 0.0017088 0.0034231 0.0085974 
EPI554778|HA|B/HK/3513/2014|EPI_ISL_169699|B                                0.0085970 0.0017087 0.0034209 0.0120818 0.0034221 0.0051545 0.0051429 0.0034186 0.0034340 0.0068756 0.0051575 0.0034213 0.0103993 0.0085767 0.0034190 0.0034213 0.0102951 0.0034218 0.0051543 0.0034321 0.0051571 0.0051484 0.0120888 0.0051852 0.0068742 0.0034237 0.0000000 0.0034323 0.0102951 0.0051478 0.0034301 0.0104145 0.0034186 0.0137978 0.0034292 0.0068762 0.0051379 0.0051506 0.0034292 0.0034301 0.0051583 0.0034292 0.0034237 0.0086319 0.0034229 0.0034242 0.0068732 0.0120946 0.0086265 0.0086202 0.0068745 0.0068656 0.0138674 0.0086113 0.0085843 0.0068721 0.0068665 0.0120347 0.0051502 0.0068704 0.0068864 0.0068760 0.0120555 0.0120623 0.0086333 0.0086020 0.0068888 0.0068844 0.0068778 0.0068957 0.0068760 0.0068888 0.0069082 0.0068778 0.0051351 0.0068742 0.0051371 0.0086100 0.0120625 0.0068774 0.0051417 0.0103497 0.0103585 0.0138524 0.0103359 0.0034283 0.0051614 0.0103799 0.0034254 0.0017087 0.0034229 0.0085970 
EPI554769|HA|B/Liaoning-Heping/1380/2014|EPI_ISL_169696|B                   0.0086196 0.0017131 0.0034297 0.0121139 0.0034309 0.0051679 0.0051562 0.0034274 0.0034429 0.0068935 0.0051709 0.0034300 0.0104260 0.0085982 0.0034278 0.0034300 0.0103221 0.0034306 0.0051677 0.0034409 0.0051705 0.0051618 0.0121209 0.0051988 0.0068922 0.0034325 0.0034323 0.0000000 0.0103221 0.0051611 0.0034389 0.0069041 0.0034274 0.0138345 0.0034380 0.0068942 0.0051512 0.0051639 0.0034380 0.0034389 0.0051717 0.0034380 0.0034325 0.0086547 0.0034317 0.0034330 0.0068911 0.0121267 0.0051475 0.0086429 0.0068924 0.0068835 0.0139045 0.0086340 0.0086069 0.0068901 0.0068844 0.0120665 0.0017074 0.0068883 0.0069044 0.0068939 0.0120874 0.0120942 0.0086561 0.0086246 0.0069068 0.0069024 0.0068958 0.0069138 0.0068939 0.0069068 0.0069263 0.0068958 0.0051484 0.0068922 0.0051504 0.0086327 0.0120945 0.0068954 0.0051550 0.0103770 0.0103859 0.0138894 0.0103631 0.0034371 0.0051748 0.0104074 0.0034343 0.0017131 0.0034317 0.0086196 
EPI2186922|HA|B/Khentii/1137/2014|EPI_ISL_15146351|B                        0.0155109 0.0085643 0.0102874 0.0155577 0.0102909 0.0120555 0.0120287 0.0102801 0.0103268 0.0137835 0.0120626 0.0102884 0.0173713 0.0017068 0.0102814 0.0102884 0.0034147 0.0102900 0.0120550 0.0103212 0.0120623 0.0120418 0.0155668 0.0121283 0.0137802 0.0102957 0.0102951 0.0103221 0.0000000 0.0120401 0.0103147 0.0173975 0.0102801 0.0172733 0.0103122 0.0137849 0.0120169 0.0120464 0.0103122 0.0103155 0.0120642 0.0103122 0.0102956 0.0155742 0.0102934 0.0102974 0.0137787 0.0155742 0.0155647 0.0155527 0.0137814 0.0137633 0.0173609 0.0155362 0.0154875 0.0137767 0.0137651 0.0189506 0.0120459 0.0137733 0.0138056 0.0137843 0.0189835 0.0189942 0.0155763 0.0155202 0.0138099 0.0138015 0.0137881 0.0138237 0.0137843 0.0138099 0.0138492 0.0137881 0.0120100 0.0137808 0.0120150 0.0155347 0.0155326 0.0137877 0.0120257 0.0172880 0.0173031 0.0173417 0.0172645 0.0103094 0.0120716 0.0173384 0.0103011 0.0085643 0.0102934 0.0155109 
EPI2186920|HA|B/Hanoi/ELI14309/2014|EPI_ISL_15146350|B                      0.0034198 0.0034257 0.0051439 0.0103363 0.0051456 0.0068894 0.0068739 0.0051403 0.0051636 0.0051469 0.0068935 0.0051444 0.0086489 0.0103171 0.0051410 0.0051444 0.0120401 0.0051452 0.0068892 0.0051608 0.0034315 0.0034257 0.0103422 0.0069306 0.0086135 0.0051480 0.0051478 0.0051611 0.0120401 0.0000000 0.0051577 0.0086615 0.0051403 0.0120503 0.0051564 0.0017095 0.0051885 0.0051650 0.0051564 0.0051578 0.0068945 0.0051564 0.0051481 0.0034335 0.0051469 0.0051489 0.0051451 0.0103472 0.0068881 0.0068832 0.0051461 0.0051395 0.0121108 0.0068762 0.0068547 0.0051444 0.0051402 0.0102961 0.0068837 0.0051430 0.0051549 0.0051472 0.0103139 0.0103196 0.0068936 0.0068687 0.0051568 0.0086265 0.0051486 0.0051620 0.0051472 0.0051568 0.0051713 0.0051486 0.0068634 0.0051459 0.0068661 0.0068751 0.0103198 0.0051483 0.0068723 0.0051457 0.0051500 0.0120979 0.0051390 0.0051550 0.0068987 0.0051607 0.0017095 0.0034257 0.0051469 0.0034198 
EPI2187288|HA|B/Singapore/GP132/2014|EPI_ISL_15146513|B                     0.0086135 0.0017120 0.0034274 0.0121050 0.0034286 0.0051644 0.0051528 0.0034251 0.0034406 0.0068888 0.0051675 0.0034278 0.0104184 0.0085922 0.0034256 0.0034278 0.0103147 0.0034284 0.0051642 0.0034387 0.0051671 0.0051583 0.0121120 0.0051953 0.0068875 0.0034302 0.0034301 0.0034389 0.0103147 0.0051577 0.0000000 0.0104337 0.0034251 0.0138242 0.0034358 0.0068894 0.0051477 0.0051605 0.0034358 0.0034367 0.0051683 0.0034358 0.0034303 0.0086486 0.0034295 0.0034308 0.0068864 0.0121179 0.0086431 0.0086368 0.0068877 0.0068788 0.0138940 0.0086279 0.0086008 0.0068854 0.0068797 0.0120577 0.0051601 0.0068836 0.0068996 0.0068892 0.0120785 0.0120854 0.0086500 0.0086186 0.0069021 0.0068977 0.0068911 0.0069090 0.0068892 0.0069021 0.0069216 0.0068911 0.0051450 0.0068875 0.0051469 0.0086267 0.0120856 0.0068907 0.0051516 0.0103696 0.0103784 0.0138790 0.0103557 0.0017351 0.0034826 0.0103999 0.0034320 0.0017120 0.0034295 0.0086135 
EPI562188|HA|B/Jiangxi-Yushui/11102/2014|EPI_ISL_171898|B                   0.0121522 0.0086626 0.0104066 0.0156830 0.0104102 0.0121963 0.0121689 0.0103992 0.0104462 0.0104127 0.0122036 0.0104076 0.0139999 0.0156536 0.0104005 0.0104076 0.0173975 0.0104093 0.0121959 0.0104404 0.0086775 0.0086626 0.0156923 0.0122710 0.0139417 0.0104151 0.0104145 0.0069041 0.0173975 0.0086615 0.0104337 0.0000000 0.0103992 0.0174127 0.0104311 0.0086851 0.0121569 0.0121871 0.0104311 0.0104345 0.0122053 0.0104311 0.0104151 0.0104673 0.0104128 0.0104159 0.0086812 0.0139042 0.0069168 0.0104528 0.0086829 0.0086715 0.0156936 0.0104419 0.0104098 0.0086800 0.0086727 0.0138980 0.0086327 0.0086777 0.0086982 0.0051944 0.0139222 0.0139301 0.0104689 0.0121595 0.0087012 0.0139636 0.0086872 0.0087100 0.0086848 0.0087012 0.0087260 0.0086872 0.0121498 0.0086826 0.0121549 0.0104405 0.0156575 0.0086868 0.0121659 0.0139324 0.0139445 0.0139424 0.0139135 0.0104283 0.0122129 0.0139734 0.0069162 0.0086626 0.0104128 0.0121522 
EPI562197|HA|B/Heilongjiang-Aihui/1697/2014|EPI_ISL_171901|B                0.0070842 0.0017063 0.0034160 0.0120641 0.0034172 0.0051471 0.0051355 0.0034137 0.0034291 0.0068656 0.0051501 0.0034164 0.0103841 0.0085643 0.0034142 0.0034164 0.0102801 0.0034169 0.0051469 0.0034272 0.0051497 0.0051410 0.0120711 0.0051777 0.0068642 0.0034188 0.0034186 0.0034274 0.0102801 0.0051403 0.0034251 0.0103992 0.0000000 0.0137775 0.0034243 0.0068662 0.0051305 0.0051431 0.0034243 0.0034252 0.0051509 0.0034243 0.0034188 0.0086192 0.0034180 0.0034193 0.0068632 0.0120769 0.0086138 0.0086076 0.0068645 0.0068556 0.0138468 0.0085987 0.0085727 0.0068622 0.0068565 0.0120171 0.0051428 0.0068604 0.0068763 0.0068660 0.0120378 0.0120446 0.0086206 0.0085894 0.0068788 0.0068744 0.0068678 0.0068857 0.0068660 0.0068788 0.0068981 0.0068678 0.0051277 0.0068642 0.0051297 0.0085974 0.0120449 0.0068675 0.0051343 0.0088758 0.0088835 0.0138319 0.0088637 0.0034233 0.0051540 0.0089024 0.0034205 0.0017063 0.0034180 0.0070842 
EPI565143|HA|B/Nonthaburi/373/2014|EPI_ISL_172670|B                         0.0155242 0.0120519 0.0137875 0.0051399 0.0137923 0.0155803 0.0155457 0.0137775 0.0138407 0.0137953 0.0155894 0.0137887 0.0068868 0.0155421 0.0137793 0.0137887 0.0172733 0.0137909 0.0155796 0.0138332 0.0120725 0.0120519 0.0051427 0.0156753 0.0173142 0.0137986 0.0137978 0.0138345 0.0172733 0.0120503 0.0138242 0.0174127 0.0137775 0.0000000 0.0138208 0.0137966 0.0155304 0.0155686 0.0138208 0.0138256 0.0155915 0.0138208 0.0137986 0.0155876 0.0137956 0.0138011 0.0137904 0.0051453 0.0155781 0.0155660 0.0137931 0.0137750 0.0068823 0.0155496 0.0155008 0.0137884 0.0137768 0.0189672 0.0155681 0.0137850 0.0138174 0.0137960 0.0190000 0.0190108 0.0155897 0.0155336 0.0138217 0.0173417 0.0137998 0.0138355 0.0137960 0.0138217 0.0138611 0.0137998 0.0155211 0.0137925 0.0155279 0.0155480 0.0051318 0.0137994 0.0155417 0.0173030 0.0173181 0.0068752 0.0172794 0.0138171 0.0156012 0.0173535 0.0103097 0.0120519 0.0137956 0.0155242 
EPI569746|HA|B/Kyoto/13SK056/2014|EPI_ISL_173951|B                          0.0086114 0.0017115 0.0034266 0.0121020 0.0034278 0.0051631 0.0051515 0.0034243 0.0034398 0.0068871 0.0051662 0.0034270 0.0104158 0.0085901 0.0034248 0.0034270 0.0103122 0.0034275 0.0051630 0.0034378 0.0051658 0.0051570 0.0121090 0.0051940 0.0068857 0.0034294 0.0034292 0.0034380 0.0103122 0.0051564 0.0034358 0.0104311 0.0034243 0.0138208 0.0000000 0.0068877 0.0051465 0.0051592 0.0034349 0.0034358 0.0051670 0.0034349 0.0034294 0.0086464 0.0034287 0.0034299 0.0068847 0.0121149 0.0086410 0.0086347 0.0068860 0.0068771 0.0138906 0.0086258 0.0085987 0.0068837 0.0068780 0.0120547 0.0051588 0.0068819 0.0068979 0.0068875 0.0120756 0.0120824 0.0086478 0.0086164 0.0069004 0.0068960 0.0068894 0.0069073 0.0068875 0.0069004 0.0069198 0.0068894 0.0051437 0.0068857 0.0051457 0.0086245 0.0120827 0.0068890 0.0051503 0.0103670 0.0103759 0.0138756 0.0103532 0.0034340 0.0051701 0.0103974 0.0034312 0.0017115 0.0034287 0.0086114 
EPI581792|HA|B/CHIBA-C/75/2014|EPI_ISL_177025|B                             0.0051391 0.0051481 0.0068710 0.0120809 0.0068734 0.0086274 0.0086079 0.0068662 0.0068975 0.0068751 0.0086325 0.0068717 0.0103985 0.0120584 0.0068671 0.0068717 0.0137849 0.0068728 0.0086270 0.0068937 0.0051568 0.0051481 0.0120878 0.0086800 0.0103560 0.0068766 0.0068762 0.0068942 0.0137849 0.0017095 0.0068894 0.0086851 0.0068662 0.0137966 0.0068877 0.0000000 0.0069304 0.0068993 0.0068877 0.0068897 0.0086337 0.0068877 0.0068766 0.0017145 0.0068751 0.0068777 0.0034257 0.0104012 0.0051595 0.0051559 0.0034264 0.0034220 0.0121741 0.0051507 0.0051347 0.0034252 0.0034225 0.0085694 0.0086203 0.0034243 0.0034322 0.0034271 0.0085832 0.0085880 0.0051636 0.0086013 0.0034335 0.0103717 0.0034280 0.0034369 0.0034271 0.0034335 0.0034431 0.0034280 0.0085946 0.0034263 0.0085980 0.0051498 0.0120615 0.0034278 0.0086058 0.0068734 0.0068792 0.0138512 0.0068643 0.0068858 0.0086390 0.0068935 0.0034252 0.0051481 0.0068751 0.0051391 
EPI1399073|HA|B/Taiwan/81576/2014|EPI_ISL_348554|B                          0.0086645 0.0034192 0.0017071 0.0138149 0.0051358 0.0068761 0.0068606 0.0051305 0.0051537 0.0085986 0.0068802 0.0051345 0.0121390 0.0102973 0.0051312 0.0051345 0.0120169 0.0051353 0.0068759 0.0051508 0.0068797 0.0068681 0.0138229 0.0069171 0.0085968 0.0051381 0.0051379 0.0051512 0.0120169 0.0051885 0.0051477 0.0121569 0.0051305 0.0155304 0.0051465 0.0069304 0.0000000 0.0051405 0.0051465 0.0051479 0.0068812 0.0051465 0.0051382 0.0086999 0.0051371 0.0051390 0.0085956 0.0138296 0.0103581 0.0103505 0.0085972 0.0085860 0.0156089 0.0103398 0.0103075 0.0085943 0.0085872 0.0137608 0.0068704 0.0085921 0.0086122 0.0085991 0.0137846 0.0137923 0.0103661 0.0103288 0.0086152 0.0086097 0.0086014 0.0086239 0.0085991 0.0086152 0.0086396 0.0086014 0.0068502 0.0085969 0.0034181 0.0103384 0.0137927 0.0086010 0.0068590 0.0104294 0.0104384 0.0155918 0.0104153 0.0051450 0.0068854 0.0104603 0.0051408 0.0034192 0.0051371 0.0086645 
EPI505325|HA|B/Cankiri/226/2014|EPI_ISL_155948|B                            0.0086259 0.0034276 0.0051466 0.0138490 0.0051484 0.0068932 0.0068776 0.0051431 0.0051665 0.0086200 0.0068972 0.0051472 0.0121691 0.0103226 0.0051438 0.0051472 0.0120464 0.0051480 0.0068929 0.0051636 0.0068968 0.0068851 0.0138571 0.0069344 0.0086181 0.0051508 0.0051506 0.0051639 0.0120464 0.0051650 0.0051605 0.0121871 0.0051431 0.0155686 0.0051592 0.0068993 0.0051405 0.0000000 0.0051592 0.0051606 0.0068983 0.0051592 0.0051509 0.0086611 0.0051497 0.0051517 0.0086169 0.0138637 0.0103837 0.0103761 0.0086186 0.0086073 0.0156475 0.0103653 0.0103329 0.0086157 0.0086085 0.0137946 0.0068875 0.0086134 0.0086336 0.0086205 0.0138185 0.0138263 0.0103918 0.0103543 0.0086366 0.0086311 0.0086228 0.0086453 0.0086205 0.0086366 0.0086611 0.0086228 0.0068671 0.0086182 0.0068698 0.0103639 0.0138267 0.0086224 0.0068760 0.0103845 0.0103933 0.0156304 0.0103706 0.0051578 0.0069025 0.0104149 0.0051535 0.0034276 0.0051497 0.0086259 
EPI516367|HA|B/FUKUI/2/2014|EPI_ISL_159367|B                                0.0086114 0.0017115 0.0034266 0.0121020 0.0034278 0.0051631 0.0051515 0.0034243 0.0034398 0.0068871 0.0051662 0.0034270 0.0104158 0.0085901 0.0034248 0.0034270 0.0103122 0.0034275 0.0017087 0.0034378 0.0051658 0.0051570 0.0121090 0.0051940 0.0068857 0.0034294 0.0034292 0.0034380 0.0103122 0.0051564 0.0034358 0.0104311 0.0034243 0.0138208 0.0034349 0.0068877 0.0051465 0.0051592 0.0000000 0.0034358 0.0051670 0.0034349 0.0034294 0.0086464 0.0034287 0.0034299 0.0068847 0.0121149 0.0086410 0.0086347 0.0068860 0.0068771 0.0138906 0.0086258 0.0085987 0.0068837 0.0068780 0.0120547 0.0051588 0.0068819 0.0068979 0.0068875 0.0120756 0.0120824 0.0086478 0.0086164 0.0069004 0.0068960 0.0068894 0.0069073 0.0068875 0.0069004 0.0069198 0.0068894 0.0051437 0.0068857 0.0051457 0.0086245 0.0120827 0.0068890 0.0051503 0.0103670 0.0103759 0.0138756 0.0103532 0.0034340 0.0051701 0.0103974 0.0034312 0.0017115 0.0034287 0.0086114 
EPI516381|HA|B/WAKAYAMA/14/2014|EPI_ISL_159374|B                            0.0086140 0.0017120 0.0034275 0.0121061 0.0034287 0.0051645 0.0051529 0.0034252 0.0034406 0.0068891 0.0051676 0.0034278 0.0104192 0.0085927 0.0034256 0.0034278 0.0103155 0.0034284 0.0051644 0.0034387 0.0051672 0.0051584 0.0121131 0.0051954 0.0068877 0.0034303 0.0034301 0.0034389 0.0103155 0.0051578 0.0034367 0.0104345 0.0034252 0.0138256 0.0034358 0.0068897 0.0051479 0.0051606 0.0034358 0.0000000 0.0051684 0.0034358 0.0034303 0.0086491 0.0034295 0.0034308 0.0068867 0.0121190 0.0086436 0.0086373 0.0068880 0.0068791 0.0138955 0.0086284 0.0086013 0.0068856 0.0068800 0.0120588 0.0051602 0.0068838 0.0068999 0.0068895 0.0120796 0.0120864 0.0086505 0.0086191 0.0069024 0.0068980 0.0068913 0.0069093 0.0068895 0.0069024 0.0069218 0.0068913 0.0051451 0.0068877 0.0051470 0.0086272 0.0120867 0.0068910 0.0051517 0.0103703 0.0103792 0.0138805 0.0103565 0.0034349 0.0051715 0.0104007 0.0034320 0.0017120 0.0034295 0.0086140 
