122
EPI401276|HA|B/Beijing-Chaoyang/1943/2012|EPI_ISL_131199|B 0.0000000 0.0051711 0.0051946 0.0069362 0.0051771 0.0103692 0.0068921 0.0034443 0.0051582 0.0051364 0.0051575 0.0034300 0.0051806 0.0051901 0.0034443 0.0034308 0.0034310 0.0086202 0.0104080 0.0051470 0.0051569 0.0034289 0.0068776 0.0051575 0.0051598 0.0034537 0.0104495 0.0034395 0.0017200 0.0051670 0.0051773 0.0051425 0.0052008 0.0086998 0.0104357 0.0051841 0.0051672 0.0034437 0.0068622 0.0104195 0.0034238 0.0086569 0.0051897 0.0051454 0.0034310 0.0069229 0.0068966 0.0069242 0.0068929 0.0068784 0.0034285 0.0034310 0.0051478 0.0034285 0.0086604 0.0069081 0.0051820 0.0086679 0.0069246 0.0068802 0.0034233 0.0086360 0.0068867 0.0069019 0.0086532 0.0034432 0.0034274 0.0034369 0.0051855 0.0069129 0.0051476 0.0034310 0.0034373 0.0034381 0.0069432 0.0104424 0.0121848 0.0051597 0.0051906 0.0122620 0.0051737 0.0052007 0.0052007 0.0051757 0.0051820 0.0051678 0.0069795 0.0034320 0.0069037 0.0068869 0.0069447 0.0085980 0.0104905 0.0034285 0.0034274 0.0034492 0.0051623 0.0034385 0.0052016 0.0069280 0.0034324 0.0034395 0.0034290 0.0034395 0.0034271 0.0069035 0.0034367 0.0034465 0.0034251 0.0034432 0.0034289 0.0051425 0.0034335 0.0085915 0.0034304 0.0034414 0.0051662 0.0051645 0.0034381 0.0017111 0.0085897 0.0051762 
EPI406170|HA|B/GUNMA/19/2012|EPI_ISL_132211|B              0.0051711 0.0000000 0.0069573 0.0087096 0.0069341 0.0121511 0.0086537 0.0051896 0.0034255 0.0068788 0.0069075 0.0051681 0.0069386 0.0069515 0.0051896 0.0051692 0.0051695 0.0103903 0.0121972 0.0068933 0.0069066 0.0051663 0.0086351 0.0069075 0.0069106 0.0052040 0.0122463 0.0051824 0.0034555 0.0069201 0.0069341 0.0068872 0.0069658 0.0104871 0.0122301 0.0069432 0.0069205 0.0051890 0.0086156 0.0122110 0.0051585 0.0034315 0.0069511 0.0068911 0.0051695 0.0086925 0.0017087 0.0086944 0.0086547 0.0086362 0.0051657 0.0051695 0.0068943 0.0051657 0.0051546 0.0017114 0.0034411 0.0034358 0.0017155 0.0086385 0.0051578 0.0034235 0.0086469 0.0086661 0.0104305 0.0051881 0.0051641 0.0034554 0.0017146 0.0017126 0.0068940 0.0051695 0.0051792 0.0051804 0.0087185 0.0105518 0.0123119 0.0069105 0.0069521 0.0123905 0.0052025 0.0069658 0.0069658 0.0069321 0.0069405 0.0069214 0.0087643 0.0051711 0.0086684 0.0086471 0.0087204 0.0103631 0.0122949 0.0051657 0.0051641 0.0069062 0.0069140 0.0051811 0.0069668 0.0017163 0.0051718 0.0051824 0.0051665 0.0051824 0.0051636 0.0086682 0.0051783 0.0051929 0.0051605 0.0051881 0.0051663 0.0068872 0.0051734 0.0086995 0.0051687 0.0051854 0.0069192 0.0069170 0.0051804 0.0034376 0.0103530 0.0069326 
EPI406957|HA|B/Bangkok/282/2012|EPI_ISL_132487|B           0.0051946 0.0069573 0.0000000 0.0069834 0.0069656 0.0104394 0.0069387 0.0052133 0.0069397 0.0069098 0.0051923 0.0051915 0.0069702 0.0069831 0.0052133 0.0051926 0.0051930 0.0086785 0.0104788 0.0069245 0.0053262 0.0051898 0.0070987 0.0069387 0.0069419 0.0052278 0.0123018 0.0052060 0.0034713 0.0069515 0.0069656 0.0069183 0.0069976 0.0105347 0.0122854 0.0034532 0.0069519 0.0052127 0.0086544 0.0122662 0.0051819 0.0104822 0.0069828 0.0069222 0.0051930 0.0069699 0.0086985 0.0087339 0.0069395 0.0069248 0.0051892 0.0051930 0.0069254 0.0051892 0.0104863 0.0087132 0.0069721 0.0104955 0.0087344 0.0086774 0.0051812 0.0104564 0.0069333 0.0087053 0.0104776 0.0052118 0.0051875 0.0052021 0.0069770 0.0087193 0.0069252 0.0051930 0.0052027 0.0052040 0.0087581 0.0122934 0.0140510 0.0069418 0.0069838 0.0141412 0.0069608 0.0069976 0.0069976 0.0069636 0.0069721 0.0069528 0.0088044 0.0051946 0.0087076 0.0086861 0.0087601 0.0104097 0.0123507 0.0051892 0.0051875 0.0069375 0.0069454 0.0052046 0.0069987 0.0051916 0.0051953 0.0052060 0.0051900 0.0052060 0.0051871 0.0087074 0.0052018 0.0052166 0.0051839 0.0052118 0.0051898 0.0069183 0.0051969 0.0104016 0.0051921 0.0052091 0.0052011 0.0069483 0.0052040 0.0034532 0.0103995 0.0069641 
EPI408664|HA|B/Prachuapkhirikhan/78/2012|EPI_ISL_133081|B  0.0069362 0.0087096 0.0069834 0.0000000 0.0087202 0.0069231 0.0034507 0.0069613 0.0086873 0.0086496 0.0017214 0.0069321 0.0087257 0.0087421 0.0069613 0.0069336 0.0069340 0.0051794 0.0069487 0.0086682 0.0034747 0.0069297 0.0052137 0.0086861 0.0086902 0.0069808 0.0140808 0.0069515 0.0052146 0.0087022 0.0087198 0.0086603 0.0087601 0.0123093 0.0140620 0.0069692 0.0087028 0.0052147 0.0104001 0.0140399 0.0069191 0.0122477 0.0087418 0.0086653 0.0069340 0.0034662 0.0104536 0.0104965 0.0034511 0.0034439 0.0069290 0.0069340 0.0086693 0.0069290 0.0087470 0.0104716 0.0087282 0.0122633 0.0104970 0.0104281 0.0069182 0.0087221 0.0034480 0.0104621 0.0122422 0.0069593 0.0069267 0.0069464 0.0087343 0.0104789 0.0086690 0.0069340 0.0069472 0.0069488 0.0068921 0.0140712 0.0158332 0.0086900 0.0051526 0.0159348 0.0087138 0.0087604 0.0087604 0.0087175 0.0087282 0.0087039 0.0105816 0.0069362 0.0104647 0.0104388 0.0105282 0.0121620 0.0141374 0.0069290 0.0069267 0.0086845 0.0086945 0.0069498 0.0087614 0.0087319 0.0069372 0.0069515 0.0069300 0.0069515 0.0069262 0.0104646 0.0069459 0.0069656 0.0069219 0.0069593 0.0069297 0.0086603 0.0069394 0.0121525 0.0069329 0.0069557 0.0051768 0.0086983 0.0069488 0.0051873 0.0121500 0.0087179 
EPI408678|HA|B/Bangladesh/8007/2012|EPI_ISL_133088|B       0.0051771 0.0069341 0.0069656 0.0087202 0.0000000 0.0121665 0.0086642 0.0051957 0.0069165 0.0068869 0.0069156 0.0051740 0.0069469 0.0069597 0.0051957 0.0051751 0.0051755 0.0104032 0.0122127 0.0069014 0.0069148 0.0051723 0.0086456 0.0069156 0.0069187 0.0052101 0.0122620 0.0051884 0.0034595 0.0069284 0.0069423 0.0068953 0.0069741 0.0105002 0.0122457 0.0069515 0.0069288 0.0051950 0.0086260 0.0122266 0.0051645 0.0104480 0.0069594 0.0068992 0.0051755 0.0087031 0.0086698 0.0087050 0.0086652 0.0086466 0.0051717 0.0051755 0.0069024 0.0051717 0.0104521 0.0086845 0.0069488 0.0104613 0.0087055 0.0086489 0.0051638 0.0104224 0.0086573 0.0086766 0.0104434 0.0051941 0.0051700 0.0051846 0.0069536 0.0086905 0.0069021 0.0051755 0.0051852 0.0051864 0.0087291 0.0122536 0.0140073 0.0069187 0.0069604 0.0140958 0.0069375 0.0069741 0.0069741 0.0069403 0.0069488 0.0069296 0.0087751 0.0051771 0.0086789 0.0051331 0.0087311 0.0103759 0.0123107 0.0051717 0.0051700 0.0069143 0.0069222 0.0051871 0.0069752 0.0087097 0.0051778 0.0051884 0.0051725 0.0051884 0.0051696 0.0086787 0.0051843 0.0051990 0.0051665 0.0051941 0.0051723 0.0068953 0.0051794 0.0103679 0.0051747 0.0051915 0.0069274 0.0069252 0.0051864 0.0034414 0.0103658 0.0069408 
EPI413192|HA|B/Laos/I612/2012|EPI_ISL_133550|B             0.0103692 0.0121511 0.0104394 0.0069231 0.0121665 0.0000000 0.0068791 0.0104064 0.0121205 0.0120675 0.0051479 0.0103629 0.0121735 0.0121967 0.0104064 0.0086496 0.0103657 0.0017096 0.0034401 0.0120938 0.0069271 0.0103593 0.0086609 0.0121190 0.0121238 0.0104361 0.0139861 0.0103918 0.0086615 0.0121403 0.0121648 0.0120827 0.0122215 0.0122259 0.0139676 0.0104184 0.0121413 0.0104060 0.0138180 0.0139459 0.0103431 0.0156915 0.0121968 0.0120897 0.0103657 0.0069098 0.0138896 0.0139468 0.0068800 0.0068655 0.0103580 0.0103657 0.0120952 0.0103580 0.0122038 0.0139137 0.0121773 0.0157114 0.0139474 0.0138553 0.0103418 0.0121690 0.0034255 0.0139012 0.0121596 0.0104039 0.0103547 0.0103843 0.0121858 0.0139233 0.0120948 0.0103657 0.0103857 0.0103881 0.0122547 0.0139766 0.0157256 0.0121235 0.0104702 0.0158258 0.0121568 0.0122225 0.0122225 0.0121625 0.0121770 0.0121431 0.0140592 0.0103690 0.0139046 0.0138700 0.0139892 0.0155811 0.0140407 0.0103580 0.0103547 0.0121167 0.0121299 0.0103897 0.0122233 0.0121825 0.0103705 0.0103918 0.0103597 0.0103918 0.0103540 0.0139045 0.0103835 0.0104127 0.0103473 0.0104039 0.0103593 0.0120827 0.0103740 0.0155690 0.0103641 0.0103986 0.0085992 0.0121353 0.0103881 0.0086169 0.0155658 0.0121622 
EPI413196|HA|B/Laos/O020/2012|EPI_ISL_133554|B             0.0068921 0.0086537 0.0069387 0.0034507 0.0086642 0.0068791 0.0000000 0.0069168 0.0086317 0.0085945 0.0017106 0.0068881 0.0086697 0.0086858 0.0069168 0.0068895 0.0068900 0.0051468 0.0069045 0.0086128 0.0034527 0.0068857 0.0051806 0.0086306 0.0086345 0.0069361 0.0139894 0.0069072 0.0051814 0.0086464 0.0086638 0.0086051 0.0087036 0.0122289 0.0139709 0.0069247 0.0086470 0.0069162 0.0103334 0.0139493 0.0068752 0.0121680 0.0086856 0.0086100 0.0068900 0.0034443 0.0103863 0.0104286 0.0034294 0.0034223 0.0068849 0.0068900 0.0086140 0.0068849 0.0086907 0.0104040 0.0086721 0.0121834 0.0104291 0.0103610 0.0068743 0.0086661 0.0034264 0.0103946 0.0121626 0.0069149 0.0068827 0.0069021 0.0086782 0.0104112 0.0086136 0.0068900 0.0069030 0.0069046 0.0104575 0.0139800 0.0157292 0.0086344 0.0086866 0.0158295 0.0086579 0.0087038 0.0087038 0.0086616 0.0086721 0.0086481 0.0105127 0.0068921 0.0103972 0.0103716 0.0104599 0.0120845 0.0140441 0.0068849 0.0068827 0.0086290 0.0086389 0.0069055 0.0087049 0.0086758 0.0051907 0.0069072 0.0068860 0.0069072 0.0068822 0.0103971 0.0069017 0.0069211 0.0068779 0.0069149 0.0068857 0.0086051 0.0068952 0.0120752 0.0068889 0.0069114 0.0051441 0.0086426 0.0069046 0.0051545 0.0120728 0.0086620 
EPI413200|HA|B/OKINAWA/38/2012|EPI_ISL_133558|B            0.0034443 0.0051896 0.0052133 0.0069613 0.0051957 0.0104064 0.0069168 0.0000000 0.0051767 0.0051547 0.0051760 0.0034423 0.0051992 0.0052088 0.0034566 0.0034430 0.0034432 0.0086511 0.0104455 0.0051654 0.0051754 0.0034411 0.0069022 0.0051760 0.0051783 0.0034661 0.0104873 0.0034518 0.0017262 0.0051855 0.0051959 0.0051609 0.0052195 0.0087312 0.0104734 0.0052027 0.0051857 0.0034561 0.0068867 0.0104571 0.0034360 0.0086881 0.0052084 0.0051638 0.0034432 0.0069478 0.0069213 0.0069492 0.0069176 0.0069030 0.0034408 0.0034432 0.0051662 0.0034408 0.0086916 0.0069329 0.0052006 0.0086991 0.0069496 0.0069048 0.0034355 0.0086670 0.0069114 0.0069266 0.0086843 0.0034556 0.0034396 0.0034493 0.0052042 0.0069377 0.0051660 0.0034432 0.0034496 0.0034504 0.0069683 0.0104802 0.0122288 0.0051782 0.0052093 0.0123065 0.0051923 0.0052194 0.0052194 0.0051942 0.0052007 0.0051864 0.0070048 0.0034443 0.0069285 0.0069116 0.0069698 0.0086288 0.0105286 0.0034408 0.0034396 0.0051750 0.0051809 0.0034509 0.0052203 0.0069529 0.0034447 0.0034518 0.0034413 0.0034518 0.0034393 0.0069283 0.0034491 0.0034589 0.0034373 0.0034556 0.0034411 0.0051609 0.0034458 0.0086222 0.0034427 0.0034538 0.0051847 0.0051830 0.0034504 0.0017172 0.0086204 0.0051948 
EPI413204|HA|B/Laos/I418/2012|EPI_ISL_133562|B             0.0051582 0.0034255 0.0069397 0.0086873 0.0069165 0.0121205 0.0086317 0.0051767 0.0000000 0.0068616 0.0068901 0.0051552 0.0069211 0.0069339 0.0051767 0.0051563 0.0051566 0.0103637 0.0121654 0.0068760 0.0068893 0.0051534 0.0086132 0.0068901 0.0068932 0.0051910 0.0122143 0.0051695 0.0034470 0.0069027 0.0069166 0.0068699 0.0069481 0.0104599 0.0121981 0.0069256 0.0069031 0.0051760 0.0085938 0.0121792 0.0051457 0.0068810 0.0069335 0.0068738 0.0051566 0.0086703 0.0051395 0.0086722 0.0086327 0.0086143 0.0051529 0.0051566 0.0068769 0.0051529 0.0086129 0.0051479 0.0034326 0.0068897 0.0051602 0.0086165 0.0051450 0.0068647 0.0086249 0.0086441 0.0104036 0.0051751 0.0051512 0.0034468 0.0051576 0.0051515 0.0068767 0.0051566 0.0051662 0.0051674 0.0086961 0.0122060 0.0139524 0.0068931 0.0069345 0.0140400 0.0051894 0.0069481 0.0069481 0.0069146 0.0069230 0.0069040 0.0087417 0.0051582 0.0086463 0.0086251 0.0086981 0.0103366 0.0122626 0.0051529 0.0051512 0.0068888 0.0068966 0.0051681 0.0069492 0.0051627 0.0051589 0.0051695 0.0051537 0.0051695 0.0051508 0.0086461 0.0051653 0.0051799 0.0051477 0.0051751 0.0051534 0.0068699 0.0051605 0.0103286 0.0051558 0.0051725 0.0069018 0.0068995 0.0051674 0.0034291 0.0103265 0.0069151 
EPI413203|HA|B/NAGANO/3470/2012|EPI_ISL_133561|B           0.0051364 0.0068788 0.0069098 0.0086496 0.0068869 0.0120675 0.0085945 0.0051547 0.0068616 0.0000000 0.0068607 0.0051334 0.0068914 0.0069041 0.0051547 0.0051345 0.0051348 0.0103186 0.0121128 0.0034212 0.0068599 0.0051317 0.0051431 0.0068607 0.0068637 0.0051689 0.0121602 0.0051476 0.0034324 0.0068732 0.0068869 0.0068406 0.0069182 0.0104141 0.0121442 0.0068959 0.0068736 0.0051540 0.0085569 0.0121253 0.0051240 0.0103627 0.0069037 0.0068445 0.0051348 0.0086328 0.0086001 0.0086347 0.0085955 0.0085772 0.0051311 0.0051348 0.0068476 0.0051311 0.0103667 0.0086145 0.0068933 0.0103758 0.0086351 0.0085795 0.0051233 0.0103375 0.0085877 0.0086068 0.0103582 0.0051532 0.0051294 0.0051438 0.0068981 0.0086204 0.0068474 0.0051348 0.0051444 0.0051455 0.0086584 0.0121520 0.0104133 0.0068637 0.0069047 0.0139783 0.0068822 0.0069182 0.0069182 0.0068849 0.0068933 0.0068744 0.0087036 0.0051364 0.0086090 0.0017153 0.0086603 0.0034271 0.0122082 0.0035767 0.0051294 0.0068594 0.0068671 0.0051462 0.0069192 0.0086393 0.0051370 0.0051476 0.0051319 0.0051476 0.0051290 0.0086088 0.0051434 0.0051579 0.0051260 0.0051532 0.0051317 0.0068406 0.0051386 0.0102838 0.0051340 0.0051505 0.0068723 0.0068700 0.0051455 0.0034147 0.0102817 0.0068855 
EPI417330|HA|B/BANGKOK/29/2012|EPI_ISL_134483|B            0.0051575 0.0069075 0.0051923 0.0017214 0.0069156 0.0051479 0.0017106 0.0051760 0.0068901 0.0068607 0.0000000 0.0051545 0.0069202 0.0069329 0.0051760 0.0051556 0.0051559 0.0034235 0.0051667 0.0068751 0.0017224 0.0051528 0.0034459 0.0068892 0.0068923 0.0051903 0.0122127 0.0051688 0.0034465 0.0069018 0.0069157 0.0068690 0.0069472 0.0104586 0.0121965 0.0051818 0.0069022 0.0051753 0.0085927 0.0121776 0.0051450 0.0104068 0.0069326 0.0068729 0.0051559 0.0017182 0.0086362 0.0086711 0.0017108 0.0017073 0.0051522 0.0051559 0.0068760 0.0051522 0.0069367 0.0086507 0.0069221 0.0104200 0.0086715 0.0086154 0.0051444 0.0069172 0.0017093 0.0086429 0.0104022 0.0051745 0.0051505 0.0051650 0.0069269 0.0086567 0.0068758 0.0051559 0.0051656 0.0051668 0.0086950 0.0122044 0.0139507 0.0068922 0.0069336 0.0140382 0.0069109 0.0069472 0.0069472 0.0069136 0.0069221 0.0069031 0.0087406 0.0051575 0.0086452 0.0086240 0.0086969 0.0103352 0.0122611 0.0051522 0.0051505 0.0068879 0.0068957 0.0051674 0.0069482 0.0069250 0.0051582 0.0051688 0.0051530 0.0051688 0.0051501 0.0086450 0.0051646 0.0051792 0.0051470 0.0051745 0.0051528 0.0068690 0.0051598 0.0103273 0.0051551 0.0051718 0.0034218 0.0068986 0.0051668 0.0034286 0.0103252 0.0069142 
EPI417749|HA|B/Jordan/30014/2012|EPI_ISL_134619|B          0.0034300 0.0051681 0.0051915 0.0069321 0.0051740 0.0103629 0.0068881 0.0034423 0.0051552 0.0051334 0.0051545 0.0000000 0.0051776 0.0051870 0.0034423 0.0034288 0.0034290 0.0086151 0.0104017 0.0051440 0.0051539 0.0034269 0.0068735 0.0051545 0.0051568 0.0034517 0.0104432 0.0034375 0.0017190 0.0051639 0.0051743 0.0051395 0.0051977 0.0086945 0.0104294 0.0051810 0.0017125 0.0034418 0.0068581 0.0104132 0.0034218 0.0086518 0.0051867 0.0051424 0.0034290 0.0069188 0.0068925 0.0069201 0.0068889 0.0068743 0.0034265 0.0034290 0.0051448 0.0034265 0.0086552 0.0069040 0.0051789 0.0086627 0.0069205 0.0068761 0.0034214 0.0086309 0.0068827 0.0068978 0.0086480 0.0034412 0.0034254 0.0034350 0.0051825 0.0069088 0.0051446 0.0034290 0.0034353 0.0034361 0.0069391 0.0104361 0.0121773 0.0051567 0.0051875 0.0122544 0.0051707 0.0051976 0.0051976 0.0051726 0.0051790 0.0051648 0.0069753 0.0034300 0.0068996 0.0068828 0.0069406 0.0085929 0.0104841 0.0034265 0.0034254 0.0051536 0.0051593 0.0034365 0.0051985 0.0069239 0.0034305 0.0034375 0.0034270 0.0034375 0.0034251 0.0068994 0.0034348 0.0034445 0.0034231 0.0034412 0.0034269 0.0051395 0.0034315 0.0085864 0.0034284 0.0034394 0.0051632 0.0051615 0.0034361 0.0017101 0.0085846 0.0051732 
EPI422687|HA|B/Jiangsu-Hailing/1740/2012|EPI_ISL_135847|B  0.0051806 0.0069386 0.0069702 0.0087257 0.0069469 0.0121735 0.0086697 0.0051992 0.0069211 0.0068914 0.0069202 0.0051776 0.0000000 0.0069643 0.0051992 0.0051787 0.0051790 0.0104095 0.0122198 0.0069060 0.0069194 0.0051758 0.0086510 0.0069202 0.0052043 0.0052137 0.0122691 0.0051920 0.0034619 0.0051923 0.0069469 0.0068998 0.0069787 0.0105066 0.0104879 0.0069561 0.0069333 0.0051986 0.0086314 0.0122336 0.0051680 0.0104543 0.0069640 0.0069038 0.0051790 0.0087086 0.0086753 0.0087105 0.0086707 0.0086521 0.0051752 0.0051790 0.0069069 0.0051752 0.0104584 0.0086900 0.0069534 0.0087109 0.0087110 0.0051702 0.0051673 0.0104287 0.0086628 0.0086821 0.0104497 0.0051977 0.0034440 0.0051881 0.0069582 0.0086960 0.0069067 0.0051790 0.0051887 0.0051899 0.0087346 0.0122607 0.0140150 0.0069232 0.0069650 0.0141036 0.0069421 0.0069787 0.0069787 0.0069449 0.0069534 0.0069342 0.0087807 0.0051806 0.0086844 0.0086630 0.0069792 0.0103822 0.0123178 0.0051752 0.0051736 0.0069189 0.0069268 0.0051906 0.0069798 0.0087152 0.0051813 0.0051920 0.0051760 0.0051920 0.0051731 0.0086842 0.0051878 0.0052025 0.0051700 0.0051977 0.0051758 0.0068998 0.0051829 0.0103742 0.0051782 0.0051950 0.0069320 0.0069297 0.0051899 0.0034439 0.0086320 0.0069454 
EPI422700|HA|B/Pakistan/1009/2012|EPI_ISL_135851|B         0.0051901 0.0069515 0.0069831 0.0087421 0.0069597 0.0121967 0.0086858 0.0052088 0.0069339 0.0069041 0.0069329 0.0051870 0.0069643 0.0000000 0.0052088 0.0051881 0.0051885 0.0104291 0.0122431 0.0069187 0.0069321 0.0051853 0.0086671 0.0069329 0.0069361 0.0052233 0.0122926 0.0052015 0.0034682 0.0069457 0.0069598 0.0069125 0.0069917 0.0105265 0.0122762 0.0069690 0.0069461 0.0052081 0.0086474 0.0122571 0.0051774 0.0104741 0.0069770 0.0069165 0.0051885 0.0087249 0.0086915 0.0087268 0.0051864 0.0086682 0.0051847 0.0051885 0.0034428 0.0051847 0.0104782 0.0087062 0.0069663 0.0104874 0.0087273 0.0086705 0.0051767 0.0104484 0.0086789 0.0086983 0.0104695 0.0052072 0.0051830 0.0051976 0.0069711 0.0087123 0.0069194 0.0051885 0.0051982 0.0051994 0.0087511 0.0122842 0.0140410 0.0069360 0.0069779 0.0141311 0.0069550 0.0069917 0.0069917 0.0069577 0.0069663 0.0069470 0.0087972 0.0051901 0.0087006 0.0086792 0.0087530 0.0104017 0.0123415 0.0051847 0.0051830 0.0069317 0.0069396 0.0052001 0.0069928 0.0087315 0.0051908 0.0052015 0.0051855 0.0052015 0.0051826 0.0087004 0.0051973 0.0052121 0.0051794 0.0052072 0.0051853 0.0069125 0.0051924 0.0103936 0.0051876 0.0052045 0.0069448 0.0069425 0.0051994 0.0034501 0.0103915 0.0069583 
EPI422690|HA|B/Jiangsu-Tianning/1502/2012|EPI_ISL_135848|B 0.0034443 0.0051896 0.0052133 0.0069613 0.0051957 0.0104064 0.0069168 0.0034566 0.0051767 0.0051547 0.0051760 0.0034423 0.0051992 0.0052088 0.0000000 0.0034430 0.0034432 0.0086511 0.0104455 0.0051654 0.0051754 0.0034411 0.0069022 0.0051760 0.0051783 0.0034661 0.0104873 0.0034518 0.0017262 0.0051855 0.0051959 0.0051609 0.0052195 0.0087312 0.0104734 0.0052027 0.0034396 0.0034561 0.0068867 0.0104571 0.0034360 0.0086881 0.0052084 0.0051638 0.0034432 0.0069478 0.0069213 0.0069492 0.0069176 0.0069030 0.0034408 0.0034432 0.0051662 0.0034408 0.0086916 0.0069329 0.0052006 0.0086991 0.0051858 0.0069048 0.0034355 0.0086670 0.0069114 0.0069266 0.0086843 0.0034556 0.0034396 0.0034493 0.0052042 0.0069377 0.0051660 0.0034432 0.0034496 0.0034504 0.0069683 0.0104802 0.0122288 0.0051782 0.0052093 0.0086747 0.0051923 0.0052194 0.0052194 0.0051942 0.0052007 0.0051864 0.0034560 0.0034443 0.0069285 0.0069116 0.0069698 0.0086288 0.0105286 0.0034408 0.0034396 0.0051750 0.0051809 0.0034509 0.0052203 0.0069529 0.0034447 0.0034518 0.0034413 0.0034518 0.0034393 0.0069283 0.0034491 0.0034589 0.0017633 0.0034556 0.0034411 0.0051609 0.0034458 0.0086222 0.0034427 0.0034538 0.0051847 0.0051830 0.0034504 0.0017172 0.0086204 0.0017090 
EPI431334|HA|B/Hong_Kong/3608/2012|EPI_ISL_137204|B        0.0034308 0.0051692 0.0051926 0.0069336 0.0051751 0.0086496 0.0068895 0.0034430 0.0051563 0.0051345 0.0051556 0.0034288 0.0051787 0.0051881 0.0034430 0.0000000 0.0034297 0.0069027 0.0086818 0.0051451 0.0051550 0.0034276 0.0068750 0.0051556 0.0051579 0.0034525 0.0087163 0.0034383 0.0017194 0.0051650 0.0051754 0.0051406 0.0051988 0.0069663 0.0087047 0.0051821 0.0051653 0.0034425 0.0068596 0.0086912 0.0034226 0.0086536 0.0051878 0.0051435 0.0034297 0.0069203 0.0068940 0.0069216 0.0068903 0.0068758 0.0034273 0.0034297 0.0051459 0.0034273 0.0086570 0.0069054 0.0051800 0.0086645 0.0069220 0.0068776 0.0034221 0.0086327 0.0051698 0.0068993 0.0069291 0.0034420 0.0034262 0.0034357 0.0051836 0.0069102 0.0051457 0.0034297 0.0034361 0.0034369 0.0034549 0.0087103 0.0104547 0.0051578 0.0017218 0.0105207 0.0051718 0.0051987 0.0051987 0.0051737 0.0051801 0.0051659 0.0069768 0.0034308 0.0069011 0.0068843 0.0069421 0.0085947 0.0087503 0.0034273 0.0034262 0.0051547 0.0051604 0.0034373 0.0051996 0.0069253 0.0034312 0.0034383 0.0034278 0.0034383 0.0034259 0.0069009 0.0034355 0.0034452 0.0034239 0.0034420 0.0034276 0.0051406 0.0034322 0.0085881 0.0034292 0.0034402 0.0051643 0.0051626 0.0034369 0.0017105 0.0085864 0.0051743 
EPI431352|HA|B/Jordan/30465/2012|EPI_ISL_137213|B          0.0034310 0.0051695 0.0051930 0.0069340 0.0051755 0.0103657 0.0068900 0.0034432 0.0051566 0.0051348 0.0051559 0.0034290 0.0051790 0.0051885 0.0034432 0.0034297 0.0000000 0.0086174 0.0104046 0.0051455 0.0051554 0.0034278 0.0068754 0.0051559 0.0051582 0.0034527 0.0104461 0.0034385 0.0017195 0.0051654 0.0051757 0.0051410 0.0051992 0.0086970 0.0104322 0.0051825 0.0051656 0.0034427 0.0068600 0.0104161 0.0034228 0.0086541 0.0051881 0.0051439 0.0034299 0.0069207 0.0068944 0.0069221 0.0068908 0.0068762 0.0034275 0.0034299 0.0051462 0.0034275 0.0086576 0.0069059 0.0051804 0.0086651 0.0069225 0.0068780 0.0034223 0.0086332 0.0068846 0.0068997 0.0086504 0.0034422 0.0034264 0.0034359 0.0051840 0.0069107 0.0051460 0.0034299 0.0034363 0.0034371 0.0069410 0.0104390 0.0121806 0.0051582 0.0051890 0.0122578 0.0051721 0.0051991 0.0051991 0.0051741 0.0051804 0.0051662 0.0069773 0.0034310 0.0069015 0.0068847 0.0069425 0.0085953 0.0104870 0.0034275 0.0034264 0.0051550 0.0051608 0.0034375 0.0052000 0.0069258 0.0034314 0.0034385 0.0034280 0.0034385 0.0034261 0.0069013 0.0034357 0.0034454 0.0034241 0.0034422 0.0034278 0.0051410 0.0034324 0.0085887 0.0034294 0.0034404 0.0051646 0.0051629 0.0034371 0.0017106 0.0085869 0.0051746 
EPI431465|HA|B/AICHI/48/2012|EPI_ISL_137257|B              0.0086202 0.0103903 0.0086785 0.0051794 0.0104032 0.0017096 0.0051468 0.0086511 0.0103637 0.0103186 0.0034235 0.0086151 0.0104095 0.0104291 0.0086511 0.0069027 0.0086174 0.0000000 0.0017157 0.0103409 0.0051824 0.0086121 0.0069118 0.0103623 0.0103672 0.0086755 0.0122073 0.0086390 0.0069126 0.0103814 0.0104022 0.0103314 0.0104503 0.0104538 0.0121911 0.0086610 0.0103821 0.0086505 0.0120625 0.0121721 0.0085988 0.0139147 0.0104289 0.0103374 0.0086174 0.0051697 0.0121234 0.0121732 0.0051474 0.0051366 0.0086111 0.0086174 0.0103422 0.0086111 0.0104350 0.0121443 0.0104126 0.0139323 0.0121738 0.0120948 0.0085977 0.0104054 0.0017085 0.0121334 0.0103975 0.0086488 0.0086083 0.0086328 0.0104198 0.0121528 0.0103418 0.0086174 0.0086338 0.0086358 0.0104782 0.0121990 0.0139446 0.0103670 0.0087036 0.0140320 0.0103953 0.0104509 0.0104509 0.0103999 0.0104124 0.0103836 0.0122719 0.0086201 0.0121364 0.0121073 0.0122101 0.0138177 0.0122555 0.0086111 0.0086083 0.0103604 0.0103724 0.0086371 0.0104519 0.0104170 0.0086213 0.0086390 0.0086124 0.0086390 0.0086077 0.0121363 0.0086321 0.0086564 0.0086023 0.0086488 0.0086121 0.0103314 0.0086242 0.0138070 0.0086161 0.0086444 0.0068629 0.0103769 0.0086358 0.0068768 0.0138042 0.0104000 
EPI439257|HA|B/Laos/992/2012|EPI_ISL_137524|B              0.0104080 0.0121972 0.0104788 0.0069487 0.0122127 0.0034401 0.0069045 0.0104455 0.0121654 0.0121128 0.0051667 0.0104017 0.0122198 0.0122431 0.0104455 0.0086818 0.0104046 0.0017157 0.0000000 0.0121384 0.0069528 0.0103981 0.0086932 0.0121638 0.0121697 0.0104754 0.0122890 0.0104308 0.0086940 0.0121864 0.0122110 0.0121271 0.0122680 0.0122725 0.0140210 0.0104577 0.0121874 0.0104451 0.0138702 0.0139992 0.0103818 0.0157518 0.0122432 0.0121342 0.0104046 0.0069354 0.0139424 0.0140000 0.0069053 0.0068907 0.0103968 0.0104046 0.0121398 0.0103968 0.0122503 0.0139667 0.0122236 0.0157718 0.0140007 0.0139078 0.0103804 0.0122152 0.0034379 0.0139541 0.0122058 0.0104430 0.0103934 0.0104233 0.0122322 0.0139763 0.0121393 0.0104046 0.0104247 0.0104271 0.0123015 0.0140301 0.0157861 0.0104355 0.0105098 0.0158872 0.0122029 0.0122691 0.0122691 0.0122087 0.0122233 0.0121892 0.0141135 0.0104079 0.0121683 0.0139226 0.0140418 0.0156404 0.0140949 0.0103968 0.0103934 0.0121616 0.0121759 0.0104287 0.0122699 0.0122288 0.0104094 0.0104308 0.0103985 0.0104308 0.0103928 0.0139574 0.0104224 0.0104519 0.0103860 0.0068810 0.0103981 0.0121271 0.0104130 0.0138431 0.0104029 0.0104377 0.0086310 0.0121814 0.0104271 0.0086488 0.0138403 0.0122084 
EPI378062|HA|B/Oman/65/2012|EPI_ISL_105782|B               0.0051470 0.0068933 0.0069245 0.0086682 0.0069014 0.0120938 0.0086128 0.0051654 0.0068760 0.0034212 0.0068751 0.0051440 0.0069060 0.0069187 0.0051654 0.0051451 0.0051455 0.0103409 0.0121384 0.0000000 0.0068743 0.0051423 0.0051538 0.0068751 0.0068782 0.0051797 0.0121871 0.0051583 0.0034395 0.0068877 0.0069015 0.0068550 0.0069329 0.0104368 0.0121710 0.0069105 0.0068881 0.0051648 0.0085751 0.0121521 0.0051346 0.0103852 0.0069184 0.0068589 0.0051455 0.0086513 0.0086184 0.0086532 0.0086138 0.0085955 0.0051417 0.0051455 0.0068620 0.0051417 0.0103892 0.0086329 0.0069079 0.0103983 0.0086536 0.0085977 0.0051339 0.0103599 0.0086060 0.0086251 0.0103807 0.0051639 0.0051401 0.0051545 0.0069126 0.0086389 0.0068618 0.0051455 0.0051551 0.0051562 0.0086770 0.0121788 0.0104360 0.0068781 0.0069193 0.0140095 0.0068967 0.0069329 0.0069329 0.0068995 0.0069079 0.0068889 0.0087224 0.0051471 0.0086274 0.0051607 0.0086789 0.0068729 0.0122353 0.0035844 0.0051401 0.0068738 0.0068816 0.0051569 0.0069339 0.0086578 0.0051477 0.0051583 0.0051425 0.0051583 0.0051397 0.0086272 0.0051541 0.0051687 0.0051366 0.0051639 0.0051423 0.0068550 0.0051493 0.0103060 0.0051447 0.0051613 0.0068868 0.0068845 0.0051562 0.0034217 0.0103039 0.0069000 
EPI356970|HA|B/WAKAYAMA/2/2012|EPI_ISL_106359|B            0.0051569 0.0069066 0.0053262 0.0034747 0.0069148 0.0069271 0.0034527 0.0051754 0.0068893 0.0068599 0.0017224 0.0051539 0.0069194 0.0069321 0.0051754 0.0051550 0.0051554 0.0051824 0.0069528 0.0068743 0.0000000 0.0051522 0.0017083 0.0068884 0.0068915 0.0051897 0.0122111 0.0051682 0.0034461 0.0069010 0.0069148 0.0068682 0.0069463 0.0104572 0.0121949 0.0053152 0.0069014 0.0051748 0.0085916 0.0121759 0.0051445 0.0104055 0.0069318 0.0068721 0.0051554 0.0034682 0.0086351 0.0086700 0.0034531 0.0034459 0.0051516 0.0051554 0.0068752 0.0051516 0.0069359 0.0086496 0.0069213 0.0104186 0.0086705 0.0086144 0.0051438 0.0069164 0.0034500 0.0086419 0.0104009 0.0051739 0.0051499 0.0051644 0.0069261 0.0086557 0.0068750 0.0051554 0.0051650 0.0051662 0.0086939 0.0122028 0.0139487 0.0068914 0.0069328 0.0140362 0.0069101 0.0069464 0.0069464 0.0069128 0.0069213 0.0069022 0.0087395 0.0051570 0.0086441 0.0086229 0.0086958 0.0103339 0.0122594 0.0051516 0.0051499 0.0068871 0.0068949 0.0051668 0.0069474 0.0070989 0.0051576 0.0051682 0.0051524 0.0051682 0.0051495 0.0086439 0.0051641 0.0051787 0.0051464 0.0051739 0.0051522 0.0068682 0.0051592 0.0103260 0.0051545 0.0051712 0.0051798 0.0068978 0.0051662 0.0034283 0.0103238 0.0069134 
EPI356972|HA|B/MIE/1/2012|EPI_ISL_106361|B                 0.0034289 0.0051663 0.0051898 0.0069297 0.0051723 0.0103593 0.0068857 0.0034411 0.0051534 0.0051317 0.0051528 0.0034269 0.0051758 0.0051853 0.0034411 0.0034276 0.0034278 0.0086121 0.0103981 0.0051423 0.0051522 0.0000000 0.0068712 0.0051528 0.0017108 0.0034505 0.0104395 0.0034364 0.0017185 0.0051622 0.0051725 0.0051378 0.0051959 0.0086915 0.0104257 0.0051793 0.0051624 0.0034406 0.0068558 0.0104096 0.0034207 0.0051666 0.0051849 0.0051407 0.0034278 0.0069164 0.0068902 0.0069178 0.0068865 0.0068720 0.0034254 0.0034278 0.0051431 0.0034254 0.0086522 0.0069016 0.0051772 0.0086597 0.0069182 0.0068738 0.0034202 0.0086279 0.0068803 0.0068954 0.0086450 0.0034400 0.0034243 0.0034338 0.0051807 0.0069064 0.0051429 0.0034278 0.0034342 0.0034350 0.0069367 0.0104324 0.0121730 0.0051550 0.0051858 0.0122501 0.0051689 0.0051958 0.0051958 0.0051709 0.0051772 0.0051630 0.0069729 0.0034289 0.0068972 0.0068805 0.0069382 0.0085900 0.0104804 0.0034254 0.0034243 0.0051518 0.0051576 0.0034354 0.0051967 0.0069215 0.0034293 0.0034364 0.0034259 0.0034364 0.0034240 0.0068971 0.0034336 0.0034433 0.0034220 0.0034400 0.0034257 0.0051378 0.0034303 0.0085834 0.0034273 0.0034383 0.0051614 0.0051597 0.0034350 0.0017096 0.0085817 0.0051714 
EPI356977|HA|B/KOBE/298/2012|EPI_ISL_106366|B              0.0068776 0.0086351 0.0070987 0.0052137 0.0086456 0.0086609 0.0051806 0.0069022 0.0086132 0.0051431 0.0034459 0.0068735 0.0086510 0.0086671 0.0069022 0.0068750 0.0068754 0.0069118 0.0086932 0.0051538 0.0017083 0.0068712 0.0000000 0.0086121 0.0086161 0.0069214 0.0139581 0.0068926 0.0051705 0.0086279 0.0086452 0.0085867 0.0086848 0.0122018 0.0139397 0.0070841 0.0086285 0.0069015 0.0103110 0.0139181 0.0068608 0.0121411 0.0086668 0.0085916 0.0068754 0.0052038 0.0103637 0.0104058 0.0051812 0.0051704 0.0068704 0.0068754 0.0085956 0.0068704 0.0086719 0.0103813 0.0086535 0.0121565 0.0104064 0.0103385 0.0068599 0.0086475 0.0051766 0.0103720 0.0121357 0.0069003 0.0068682 0.0068875 0.0086595 0.0103885 0.0085952 0.0068754 0.0068884 0.0068900 0.0104347 0.0139487 0.0122012 0.0086159 0.0086679 0.0157935 0.0086393 0.0086851 0.0086851 0.0086430 0.0086534 0.0086296 0.0104896 0.0068776 0.0103746 0.0068960 0.0104371 0.0086094 0.0140134 0.0053808 0.0068682 0.0086105 0.0086204 0.0068909 0.0086861 0.0088703 0.0068785 0.0068926 0.0068715 0.0068926 0.0068677 0.0103745 0.0068871 0.0069065 0.0068634 0.0069003 0.0068712 0.0085867 0.0068807 0.0120489 0.0068743 0.0068967 0.0069081 0.0086241 0.0068900 0.0051438 0.0120464 0.0086434 
EPI356982|HA|B/YOKOHAMA/4/2012|EPI_ISL_106371|B            0.0051575 0.0069075 0.0069387 0.0086861 0.0069156 0.0121190 0.0086306 0.0051760 0.0068901 0.0068607 0.0068892 0.0051545 0.0069202 0.0069329 0.0051760 0.0051556 0.0051559 0.0103623 0.0121638 0.0068751 0.0068884 0.0051528 0.0086121 0.0000000 0.0068923 0.0051903 0.0122127 0.0051688 0.0034465 0.0069018 0.0069157 0.0034322 0.0069472 0.0104586 0.0121965 0.0069247 0.0069022 0.0051753 0.0085927 0.0121776 0.0051450 0.0104068 0.0069326 0.0068729 0.0051559 0.0086692 0.0086362 0.0086711 0.0086316 0.0086132 0.0051522 0.0051559 0.0068760 0.0051522 0.0104109 0.0086507 0.0069221 0.0104200 0.0086715 0.0086154 0.0051444 0.0103814 0.0086238 0.0086429 0.0104022 0.0051745 0.0051505 0.0051650 0.0069269 0.0086567 0.0068758 0.0051559 0.0017076 0.0051668 0.0086950 0.0122044 0.0139507 0.0068922 0.0069336 0.0140382 0.0069109 0.0034444 0.0034444 0.0034280 0.0069221 0.0069031 0.0052000 0.0051575 0.0086452 0.0086240 0.0051743 0.0103352 0.0122611 0.0051522 0.0051505 0.0068879 0.0068957 0.0051674 0.0069482 0.0086757 0.0051582 0.0051688 0.0051530 0.0051688 0.0051501 0.0051439 0.0051646 0.0051792 0.0051470 0.0051745 0.0051528 0.0068690 0.0051598 0.0103273 0.0051551 0.0051718 0.0069009 0.0068986 0.0051668 0.0034286 0.0103252 0.0069142 
EPI356981|HA|B/MIE/5/2012|EPI_ISL_106370|B                 0.0051598 0.0069106 0.0069419 0.0086902 0.0069187 0.0121238 0.0086345 0.0051783 0.0068932 0.0068637 0.0068923 0.0051568 0.0052043 0.0069361 0.0051783 0.0051579 0.0051582 0.0103672 0.0121697 0.0068782 0.0068915 0.0017108 0.0086161 0.0068923 0.0000000 0.0051926 0.0122186 0.0051711 0.0034480 0.0051941 0.0069188 0.0068721 0.0069503 0.0104635 0.0104914 0.0069279 0.0069053 0.0051776 0.0085966 0.0121835 0.0051473 0.0069110 0.0069358 0.0068760 0.0051582 0.0086732 0.0086402 0.0086751 0.0086356 0.0086171 0.0051545 0.0051582 0.0068791 0.0051545 0.0104158 0.0086547 0.0069252 0.0087139 0.0086756 0.0086194 0.0051466 0.0103863 0.0086277 0.0086469 0.0104072 0.0051767 0.0034453 0.0051673 0.0069300 0.0086607 0.0068789 0.0051582 0.0051678 0.0051690 0.0086990 0.0122103 0.0139575 0.0068953 0.0069367 0.0140452 0.0069140 0.0069504 0.0069504 0.0069168 0.0069252 0.0069062 0.0087447 0.0051598 0.0086491 0.0086280 0.0069816 0.0103401 0.0122670 0.0051545 0.0051528 0.0068910 0.0068988 0.0051697 0.0069514 0.0086797 0.0051605 0.0051711 0.0051552 0.0051711 0.0051524 0.0086490 0.0051669 0.0051815 0.0051493 0.0051767 0.0051550 0.0068721 0.0051621 0.0103321 0.0051574 0.0051741 0.0069040 0.0069017 0.0051690 0.0034301 0.0086349 0.0069173 
EPI356984|HA|B/HYOGO/2014/2012|EPI_ISL_106373|B            0.0034537 0.0052040 0.0052278 0.0069808 0.0052101 0.0104361 0.0069361 0.0034661 0.0051910 0.0051689 0.0051903 0.0034517 0.0052137 0.0052233 0.0034661 0.0034525 0.0034527 0.0086755 0.0104754 0.0051797 0.0051897 0.0034505 0.0069214 0.0051903 0.0051926 0.0000000 0.0105174 0.0034613 0.0017309 0.0051998 0.0052104 0.0051751 0.0052341 0.0087561 0.0105034 0.0052172 0.0052001 0.0034656 0.0069058 0.0104871 0.0034454 0.0087127 0.0052229 0.0051781 0.0034527 0.0069673 0.0069407 0.0069687 0.0069370 0.0069222 0.0034502 0.0034527 0.0051804 0.0034502 0.0087162 0.0069523 0.0052151 0.0087237 0.0069691 0.0069241 0.0034449 0.0086915 0.0069307 0.0069460 0.0087089 0.0034651 0.0034490 0.0034587 0.0052187 0.0069572 0.0051802 0.0034527 0.0034591 0.0034599 0.0069879 0.0105102 0.0122643 0.0051925 0.0052238 0.0123424 0.0052067 0.0052340 0.0052340 0.0034589 0.0052151 0.0052007 0.0070246 0.0034537 0.0069478 0.0069309 0.0069894 0.0086530 0.0105589 0.0034502 0.0034490 0.0051893 0.0051952 0.0034603 0.0052349 0.0069725 0.0034542 0.0034613 0.0034507 0.0034613 0.0034487 0.0069477 0.0034585 0.0034684 0.0034467 0.0034651 0.0034505 0.0051751 0.0034552 0.0086464 0.0034521 0.0034632 0.0051991 0.0051974 0.0034599 0.0017219 0.0086446 0.0052092 
EPI445758|HA|B/Laos/I999/2012|EPI_ISL_140287|B             0.0104495 0.0122463 0.0123018 0.0140808 0.0122620 0.0139861 0.0139894 0.0104873 0.0122143 0.0121602 0.0122127 0.0104432 0.0122691 0.0122926 0.0104873 0.0087163 0.0104461 0.0122073 0.0122890 0.0121871 0.0122111 0.0104395 0.0139581 0.0122127 0.0122186 0.0105174 0.0000000 0.0104725 0.0087287 0.0122354 0.0122602 0.0104513 0.0105728 0.0069264 0.0086546 0.0122769 0.0122364 0.0104869 0.0139258 0.0086413 0.0104231 0.0158158 0.0104101 0.0121828 0.0104461 0.0140515 0.0139986 0.0121510 0.0139910 0.0139600 0.0104383 0.0104461 0.0121885 0.0104383 0.0158214 0.0140231 0.0122729 0.0158360 0.0140565 0.0139637 0.0104217 0.0157758 0.0104490 0.0121123 0.0068896 0.0104848 0.0104348 0.0104649 0.0122816 0.0140318 0.0121880 0.0104461 0.0104663 0.0104687 0.0123515 0.0086602 0.0103942 0.0086802 0.0105521 0.0104595 0.0122521 0.0123188 0.0123188 0.0122579 0.0122726 0.0103650 0.0141713 0.0104493 0.0104880 0.0139786 0.0140991 0.0157035 0.0086997 0.0104383 0.0104348 0.0122104 0.0122249 0.0104704 0.0123196 0.0140633 0.0104509 0.0104725 0.0104399 0.0104725 0.0104342 0.0140138 0.0104640 0.0104937 0.0104274 0.0087404 0.0104395 0.0121757 0.0104545 0.0140857 0.0104444 0.0104794 0.0122343 0.0122304 0.0104687 0.0086830 0.0140828 0.0122576 
EPI445967|HA|B/Tehran/1236/2012|EPI_ISL_140382|B           0.0034395 0.0051824 0.0052060 0.0069515 0.0051884 0.0103918 0.0069072 0.0034518 0.0051695 0.0051476 0.0051688 0.0034375 0.0051920 0.0052015 0.0034518 0.0034383 0.0034385 0.0086390 0.0104308 0.0051583 0.0051682 0.0034364 0.0068926 0.0051688 0.0051711 0.0034613 0.0104725 0.0000000 0.0017238 0.0017093 0.0051887 0.0051537 0.0052122 0.0087189 0.0104586 0.0051955 0.0051785 0.0034513 0.0068771 0.0104424 0.0034313 0.0086759 0.0052012 0.0051567 0.0034385 0.0069381 0.0069117 0.0069395 0.0069080 0.0068934 0.0034360 0.0034385 0.0051590 0.0034360 0.0086794 0.0069232 0.0051934 0.0086869 0.0069399 0.0068952 0.0034308 0.0086549 0.0069018 0.0069170 0.0086721 0.0034508 0.0034349 0.0034445 0.0051970 0.0069280 0.0051588 0.0034385 0.0034449 0.0034457 0.0069585 0.0104654 0.0122115 0.0051710 0.0052020 0.0122890 0.0051851 0.0052121 0.0052121 0.0051870 0.0051934 0.0051791 0.0069949 0.0034395 0.0069188 0.0069020 0.0069600 0.0086167 0.0105136 0.0034360 0.0034349 0.0051679 0.0051737 0.0034461 0.0052131 0.0069432 0.0034400 0.0034471 0.0034365 0.0034471 0.0034346 0.0069186 0.0034443 0.0034541 0.0034326 0.0034508 0.0034364 0.0051537 0.0034410 0.0086102 0.0034379 0.0034490 0.0051775 0.0051758 0.0034457 0.0017149 0.0086084 0.0051876 
EPI450353|HA|B/PHILIPPINES/15/2012|EPI_ISL_141577|B        0.0017200 0.0034555 0.0034713 0.0052146 0.0034595 0.0086615 0.0051814 0.0017262 0.0034470 0.0034324 0.0034465 0.0017190 0.0034619 0.0034682 0.0017262 0.0017194 0.0017195 0.0069126 0.0086940 0.0034395 0.0034461 0.0017185 0.0051705 0.0034465 0.0034480 0.0017309 0.0087287 0.0017238 0.0000000 0.0034528 0.0034598 0.0034365 0.0034754 0.0069765 0.0087170 0.0034643 0.0034530 0.0017259 0.0051590 0.0087035 0.0017159 0.0069421 0.0034679 0.0034385 0.0017195 0.0052047 0.0051848 0.0052055 0.0051820 0.0051711 0.0017183 0.0017195 0.0034400 0.0017183 0.0069449 0.0034555 0.0034628 0.0069509 0.0052058 0.0051725 0.0017157 0.0069253 0.0051774 0.0051887 0.0069391 0.0017256 0.0017177 0.0017225 0.0034652 0.0051970 0.0034399 0.0017195 0.0017227 0.0017231 0.0034686 0.0087227 0.0104702 0.0034480 0.0034686 0.0105354 0.0034573 0.0034753 0.0034753 0.0034586 0.0034629 0.0034534 0.0052471 0.0017201 0.0051900 0.0051775 0.0052209 0.0068949 0.0087629 0.0017183 0.0017177 0.0034459 0.0034497 0.0017233 0.0017273 0.0052084 0.0017203 0.0017238 0.0017185 0.0017238 0.0017176 0.0051899 0.0017224 0.0017273 0.0017166 0.0017256 0.0000010 0.0034365 0.0017208 0.0068897 0.0017192 0.0017247 0.0034523 0.0034511 0.0017231 0.0000010 0.0068882 0.0034590 
EPI460636|HA|B/Tehran/1236/2012|EPI_ISL_143607|B           0.0051670 0.0069201 0.0069515 0.0087022 0.0069284 0.0121403 0.0086464 0.0051855 0.0069027 0.0068732 0.0069018 0.0051639 0.0051923 0.0069457 0.0051855 0.0051650 0.0051654 0.0103814 0.0121864 0.0068877 0.0069010 0.0051622 0.0086279 0.0069018 0.0051941 0.0051998 0.0122354 0.0017093 0.0034528 0.0000000 0.0069284 0.0068815 0.0069600 0.0104780 0.0086993 0.0069375 0.0069149 0.0051848 0.0086084 0.0122002 0.0051544 0.0104260 0.0069454 0.0068855 0.0051654 0.0086851 0.0086521 0.0086871 0.0086474 0.0086290 0.0051616 0.0051654 0.0068886 0.0051616 0.0104301 0.0086666 0.0069348 0.0069365 0.0086875 0.0086312 0.0051537 0.0104005 0.0086396 0.0086588 0.0104214 0.0051840 0.0017142 0.0051744 0.0069396 0.0086727 0.0068884 0.0051654 0.0051750 0.0051762 0.0087111 0.0122271 0.0139764 0.0069048 0.0069464 0.0140644 0.0069236 0.0069600 0.0069600 0.0069264 0.0069348 0.0069157 0.0087568 0.0051670 0.0086611 0.0086398 0.0052100 0.0103542 0.0122839 0.0051616 0.0051599 0.0069005 0.0069084 0.0051769 0.0069611 0.0086917 0.0051676 0.0051783 0.0051624 0.0051783 0.0051595 0.0086609 0.0051741 0.0051888 0.0051564 0.0051840 0.0051622 0.0068815 0.0051692 0.0103462 0.0051646 0.0051813 0.0069136 0.0069113 0.0051762 0.0034349 0.0068744 0.0069269 
EPI580451|HA|B/Vietnam/13V_B-1/2012|EPI_ISL_176843|B       0.0051773 0.0069341 0.0069656 0.0087198 0.0069423 0.0121648 0.0086638 0.0051959 0.0069166 0.0068869 0.0069157 0.0051743 0.0069469 0.0069598 0.0051959 0.0051754 0.0051757 0.0104022 0.0122110 0.0069015 0.0069148 0.0051725 0.0086452 0.0069157 0.0069188 0.0052104 0.0122602 0.0051887 0.0034598 0.0069284 0.0000000 0.0068953 0.0069741 0.0104992 0.0122439 0.0069515 0.0069288 0.0051953 0.0086256 0.0122248 0.0051648 0.0104470 0.0069594 0.0068993 0.0051757 0.0087027 0.0086695 0.0072636 0.0086648 0.0086463 0.0051720 0.0051757 0.0069024 0.0051720 0.0069456 0.0086841 0.0069488 0.0104603 0.0087051 0.0086485 0.0036008 0.0069261 0.0086569 0.0072392 0.0104424 0.0051944 0.0051703 0.0051849 0.0069536 0.0086901 0.0069022 0.0051757 0.0051854 0.0051866 0.0087287 0.0109251 0.0127321 0.0069187 0.0069604 0.0128154 0.0069375 0.0069741 0.0069741 0.0069403 0.0069488 0.0069296 0.0087746 0.0051773 0.0086785 0.0086572 0.0087306 0.0103750 0.0123089 0.0051720 0.0051703 0.0069144 0.0069222 0.0051873 0.0069752 0.0087093 0.0051780 0.0051887 0.0051728 0.0051887 0.0051699 0.0086783 0.0051845 0.0051992 0.0051668 0.0051944 0.0051725 0.0068953 0.0051796 0.0103670 0.0051749 0.0051917 0.0069275 0.0069252 0.0051866 0.0034418 0.0103648 0.0069408 
