11
EPI1846168|HA|A/Malaysia/RP2227/2020|EPI_ISL_985216|A_/_H3N2        0.0000000 0.0124659 0.0440651 0.1771314 0.0364195 0.0327612 1.5058144 1.5075984 1.4869536 1.5189629 1.5116591 
EPI1750818|HA|A/Singapore/KK272/2020|EPI_ISL_481342|A_/_H3N2        0.0124659 0.0000000 0.0462966 0.1809026 0.0371641 0.0348885 1.5175750 1.5125871 1.4919509 1.5239667 1.5168497 
EPI1806103|HA|A/North_Lebanon/NM_397_N/2020|EPI_ISL_582598|A_/_H3N2 0.0440651 0.0462966 0.0000000 0.1859561 0.0596111 0.0558640 1.4999887 1.4947057 1.5025048 1.5063213 1.4992832 
EPI2147049|HA|A/South_Korea/MDCK/2020|EPI_ISL_14771216|A_/_H3N2     0.1771314 0.1809026 0.1859561 0.0000000 0.1840214 0.1874240 1.3981211 1.4022858 1.4043641 1.4120699 1.4058955 
EPI1728265|HA|A/Sweden/62/2020|EPI_ISL_426374|A_/_H3N2              0.0364195 0.0371641 0.0596111 0.1840214 0.0000000 0.0142324 1.5376138 1.5325188 1.5362854 1.5440702 1.5368671 
EPI1704482|HA|A/Uppsala/7/2020|EPI_ISL_413661|A_/_H3N2              0.0327612 0.0348885 0.0558640 0.1874240 0.0142324 0.0000000 1.5277809 1.5227281 1.5264651 1.5342187 1.5270429 
EPI1727794|HA|A/Khmelnytskyi/12/2020|EPI_ISL_426220|A_/_H1N1        1.5058144 1.5175750 1.4999887 1.3981211 1.5376138 1.5277809 0.0000000 0.0160650 0.0271079 0.0125156 0.0106732 
EPI1727907|HA|A/Sweden/34/2020|EPI_ISL_426273|A_/_H1N1              1.5075984 1.5125871 1.4947057 1.4022858 1.5325188 1.5227281 0.0160650 0.0000000 0.0288341 0.0214992 0.0196083 
EPI1727956|HA|A/Sweden/17/2020|EPI_ISL_426280|A_/_H1N1              1.4869536 1.4919509 1.5025048 1.4043641 1.5362854 1.5264651 0.0271079 0.0288341 0.0000000 0.0326483 0.0306796 
EPI1750234|HA|A/England/200420376/2020|EPI_ISL_480532|A_/_H1N1      1.5189629 1.5239667 1.5063213 1.4120699 1.5440702 1.5342187 0.0125156 0.0214992 0.0326483 0.0000000 0.0124761 
EPI1754899|HA|A/England/46/2020|EPI_ISL_487070|A_/_H1N1             1.5116591 1.5168497 1.4992832 1.4058955 1.5368671 1.5270429 0.0106732 0.0196083 0.0306796 0.0124761 0.0000000 
