32
EPI341586|HA|A/Oman/916/2011|EPI_ISL_98822|A_/_H3N2               0.0000000 0.0249164 0.0248453 0.0160564 0.0159589 0.0105787 0.0105900 0.0160083 0.0160267 0.0142263 0.0179480 0.0305113 0.0305366 0.0159925 0.0215522 0.0106509 0.0159811 0.0105857 0.0105960 0.0105835 0.0142307 0.0143087 0.0123908 0.0248100 0.0124905 1.5242908 1.5527355 1.5266902 1.5330476 1.5044371 1.5202589 1.5422572 
EPI346620|HA|A/Kazakhstan/2140/2011|EPI_ISL_99884|A_/_H3N2        0.0249164 0.0000000 0.0322101 0.0306529 0.0341324 0.0285806 0.0233327 0.0324013 0.0342789 0.0324281 0.0363599 0.0141494 0.0141609 0.0342033 0.0363153 0.0324382 0.0304739 0.0322364 0.0286248 0.0269592 0.0324379 0.0326001 0.0288559 0.0321644 0.0271954 1.5097443 1.5380000 1.5121341 1.5184208 1.4937791 1.5057365 1.5276297 
EPI349021|HA|A/SAGA/193/2011|EPI_ISL_101482|A_/_H3N2              0.0248453 0.0322101 0.0000000 0.0342399 0.0303727 0.0212859 0.0249176 0.0323073 0.0305206 0.0323339 0.0362532 0.0378984 0.0379301 0.0304538 0.0362088 0.0323439 0.0340816 0.0321445 0.0285425 0.0249033 0.0287266 0.0325051 0.0285278 0.0176631 0.0306324 1.5068704 1.5350898 1.5092584 1.5155309 1.4871924 1.5028673 1.5247404 
EPI353231|HA|A/YOKOHAMA/156/2011|EPI_ISL_103607|A_/_H3N2          0.0160564 0.0306529 0.0342399 0.0000000 0.0106414 0.0160681 0.0233496 0.0106746 0.0179269 0.0161118 0.0125674 0.0382162 0.0343742 0.0106639 0.0161682 0.0161165 0.0106563 0.0160170 0.0124443 0.0269802 0.0161167 0.0162047 0.0288793 0.0341898 0.0252932 1.5350784 1.5636532 1.5374829 1.5438915 1.5151203 1.5310288 1.5530985 
EPI353233|HA|A/OSAKA/125/2011|EPI_ISL_103609|A_/_H3N2             0.0159589 0.0341324 0.0303727 0.0106414 0.0000000 0.0159705 0.0232079 0.0106097 0.0178178 0.0160137 0.0124904 0.0398597 0.0360245 0.0105992 0.0160695 0.0160184 0.0105916 0.0159200 0.0123688 0.0268168 0.0160186 0.0161056 0.0287041 0.0339851 0.0289213 1.5411893 1.5699194 1.5436031 1.5500593 1.5211153 1.5371180 1.5592909 
EPI842636|HA|A/Thailand/FLU_PMKD0388/2011|EPI_ISL_235290|A_/_H3N2 0.0105787 0.0285806 0.0212859 0.0160681 0.0159705 0.0000000 0.0177507 0.0160200 0.0160530 0.0178479 0.0179613 0.0342277 0.0342563 0.0124227 0.0215682 0.0178531 0.0159928 0.0177432 0.0141793 0.0177403 0.0178533 0.0179495 0.0213395 0.0212559 0.0233685 1.5298287 1.5584337 1.5322383 1.5386429 1.5098561 1.5257742 1.5478815 
EPI684763|HA|A/Thailand/CU-B5773/2011|EPI_ISL_205411|A_/_H3N2     0.0105900 0.0233327 0.0249176 0.0233496 0.0232079 0.0177507 0.0000000 0.0214664 0.0196807 0.0214840 0.0252960 0.0289586 0.0289828 0.0232565 0.0252629 0.0178719 0.0232402 0.0177617 0.0177792 0.0106142 0.0214905 0.0216041 0.0124268 0.0248821 0.0125270 1.5270875 1.5555512 1.5294868 1.5358543 1.5095203 1.5230526 1.5450587 
EPI684766|HA|A/Thailand/CU-B5898/2011|EPI_ISL_205412|A_/_H3N2     0.0160083 0.0324013 0.0323073 0.0106746 0.0106097 0.0160200 0.0214664 0.0000000 0.0178731 0.0160634 0.0125295 0.0381233 0.0342909 0.0106321 0.0143136 0.0160681 0.0106245 0.0159692 0.0124072 0.0250797 0.0160683 0.0161558 0.0269649 0.0322603 0.0271708 1.5529562 1.5818075 1.5553728 1.5618811 1.5327832 1.5488681 1.5711029 
EPI895371|HA|A/Jordan/A0123/2011|EPI_ISL_244576|A_/_H3N2          0.0160267 0.0342789 0.0305206 0.0179269 0.0178178 0.0160530 0.0196807 0.0178731 0.0000000 0.0160819 0.0198389 0.0400309 0.0361785 0.0142554 0.0234626 0.0160866 0.0178427 0.0159875 0.0124212 0.0232935 0.0160869 0.0161745 0.0269413 0.0304763 0.0290461 1.5181122 1.5464955 1.5205091 1.5268404 1.4983072 1.5140877 1.5360562 
EPI895378|HA|A/Jordan/B1370/2011|EPI_ISL_244583|A_/_H3N2          0.0142263 0.0324281 0.0323339 0.0161118 0.0160137 0.0178479 0.0214840 0.0160634 0.0160819 0.0000000 0.0180104 0.0381552 0.0343194 0.0160475 0.0216273 0.0142794 0.0160361 0.0141915 0.0106322 0.0251003 0.0106496 0.0143582 0.0269871 0.0322869 0.0271933 1.5245383 1.5530285 1.5269414 1.5333095 1.5046521 1.5204999 1.5484093 
EPI1061746|HA|A/Korea/KUMC-GR115/2011|EPI_ISL_278382|A_/_H3N2     0.0179480 0.0363599 0.0362532 0.0125674 0.0124904 0.0179613 0.0252960 0.0125295 0.0198389 0.0180104 0.0000000 0.0380920 0.0382789 0.0125170 0.0180736 0.0180157 0.0125080 0.0179038 0.0143083 0.0289500 0.0180159 0.0181137 0.0308664 0.0361996 0.0311002 1.5621935 1.5912539 1.5646214 1.5711970 1.5418614 1.5580755 1.5804471 
EPI1061747|HA|A/Korea/KUMC-GR116/2011|EPI_ISL_278383|A_/_H3N2     0.0305113 0.0141494 0.0378984 0.0382162 0.0398597 0.0342277 0.0289586 0.0381233 0.0400309 0.0381552 0.0380920 0.0000000 0.0106021 0.0399413 0.0382595 0.0381674 0.0361562 0.0342475 0.0342800 0.0326239 0.0381668 0.0383533 0.0345557 0.0378425 0.0348138 1.5006872 1.5287441 1.5030643 1.5092894 1.4982860 1.5102608 1.5321578 
EPI1061749|HA|A/Korea/KUMC-GR124/2011|EPI_ISL_278385|A_/_H3N2     0.0305366 0.0141609 0.0379301 0.0343742 0.0360245 0.0342563 0.0289828 0.0342909 0.0361785 0.0343194 0.0382789 0.0106021 0.0000000 0.0360983 0.0344139 0.0343301 0.0323503 0.0341170 0.0304923 0.0326513 0.0343297 0.0345001 0.0345848 0.0378741 0.0348433 1.5179048 1.5462395 1.5202976 1.5266179 1.5018808 1.5138871 1.5358186 
EPI1061751|HA|A/Korea/KUMC-GR157/2011|EPI_ISL_278387|A_/_H3N2     0.0159925 0.0342033 0.0304538 0.0106639 0.0105992 0.0124227 0.0232565 0.0106321 0.0142554 0.0160475 0.0125170 0.0399413 0.0360983 0.0000000 0.0161035 0.0160522 0.0106139 0.0159534 0.0123949 0.0232430 0.0160524 0.0161397 0.0231182 0.0304098 0.0289821 1.5259727 1.5544872 1.5283771 1.5347536 1.5060678 1.5219311 1.5439787 
EPI1061759|HA|A/Korea/KUMC-GR226/2011|EPI_ISL_278395|A_/_H3N2     0.0215522 0.0363153 0.0362088 0.0161682 0.0160695 0.0215682 0.0252629 0.0143136 0.0234626 0.0216273 0.0180736 0.0382595 0.0344139 0.0161035 0.0000000 0.0216337 0.0160920 0.0214993 0.0178972 0.0289129 0.0216339 0.0217489 0.0308272 0.0361554 0.0310606 1.5338366 1.5624220 1.5362427 1.5426511 1.5138727 1.5297855 1.5518666 
EPI380839|HA|A/Singapore/GP1561/2011|EPI_ISL_122937|A_/_H3N2      0.0106509 0.0324382 0.0323439 0.0161165 0.0160184 0.0178531 0.0178719 0.0160681 0.0160866 0.0142794 0.0180157 0.0381674 0.0343301 0.0160522 0.0216337 0.0000000 0.0160407 0.0106248 0.0106352 0.0214767 0.0142838 0.0143624 0.0233480 0.0322969 0.0235290 1.5279503 1.5564415 1.5303509 1.5367268 1.5080581 1.5239108 1.5459366 
EPI380951|HA|A/Singapore/KK398/2011|EPI_ISL_122993|A_/_H3N2       0.0159811 0.0304739 0.0340816 0.0106563 0.0105916 0.0159928 0.0232402 0.0106245 0.0178427 0.0160361 0.0125080 0.0361562 0.0323503 0.0106139 0.0160920 0.0160407 0.0000000 0.0159421 0.0123860 0.0268540 0.0160409 0.0161282 0.0287441 0.0340320 0.0289618 1.5397281 1.5684006 1.5421379 1.5485780 1.5196963 1.5356649 1.5577973 
EPI381075|HA|A/Singapore/TT713/2011|EPI_ISL_123055|A_/_H3N2       0.0105857 0.0322364 0.0321445 0.0160170 0.0159200 0.0177432 0.0177617 0.0159692 0.0159875 0.0141915 0.0179038 0.0342475 0.0341170 0.0159534 0.0214993 0.0106248 0.0159421 0.0000000 0.0105702 0.0213442 0.0141958 0.0142735 0.0195956 0.0320981 0.0233823 1.5136959 1.5419804 1.5160865 1.5223874 1.5075094 1.5233704 1.5454085 
EPI347580|HA|A/Karlstad/3/2011|EPI_ISL_100466|A_/_H3N2            0.0105960 0.0286248 0.0285425 0.0124443 0.0123688 0.0141793 0.0177792 0.0124072 0.0124212 0.0106322 0.0143083 0.0342800 0.0304923 0.0123949 0.0178972 0.0106352 0.0123860 0.0105702 0.0000000 0.0213652 0.0106354 0.0106949 0.0232263 0.0285015 0.0234056 1.5197641 1.5481237 1.5221573 1.5284875 1.4999738 1.5157432 1.5376888 
EPI484683|HA|A/Stockholm/26/2011|EPI_ISL_149718|A_/_H3N2          0.0105835 0.0269592 0.0249033 0.0269802 0.0268168 0.0177403 0.0106142 0.0250797 0.0232935 0.0251003 0.0289500 0.0326239 0.0326513 0.0232430 0.0289129 0.0214767 0.0268540 0.0213442 0.0213652 0.0000000 0.0251079 0.0252382 0.0106121 0.0248679 0.0125194 1.5333040 1.5619270 1.5357136 1.5421294 1.5156307 1.5292475 1.5513591 
EPI346341|HA|A/VICTORIA/304/2011|EPI_ISL_99766|A_/_H3N2           0.0142307 0.0324379 0.0287266 0.0161167 0.0160186 0.0178533 0.0214905 0.0160683 0.0160869 0.0106496 0.0180159 0.0381668 0.0343297 0.0160524 0.0216339 0.0142838 0.0160409 0.0141958 0.0106354 0.0251079 0.0000000 0.0143626 0.0269952 0.0286851 0.0272016 1.5232817 1.5516679 1.5256755 1.5320186 1.5034688 1.5192575 1.5470700 
EPI353906|HA|A/Victoria/361/2011|EPI_ISL_104004|A_/_H3N2          0.0143087 0.0326001 0.0325051 0.0162047 0.0161056 0.0179495 0.0216041 0.0161558 0.0161745 0.0143582 0.0181137 0.0383533 0.0345001 0.0161397 0.0217489 0.0143624 0.0161282 0.0142735 0.0106949 0.0252382 0.0143626 0.0000000 0.0271342 0.0324576 0.0232200 1.5226656 1.5485291 1.5225449 1.5314081 1.4958513 1.5161264 1.5380864 
EPI357681|HA|A/SOUTH_AUSTRALIA/299/2011|EPI_ISL_106865|A_/_H3N2   0.0123908 0.0288559 0.0285278 0.0288793 0.0287041 0.0213395 0.0124268 0.0269649 0.0269413 0.0269871 0.0308664 0.0345557 0.0345848 0.0231182 0.0308272 0.0233480 0.0287441 0.0195956 0.0232263 0.0106121 0.0269952 0.0271342 0.0000000 0.0284869 0.0143576 1.5192224 1.5476293 1.5216207 1.5279594 1.5017013 1.5151947 1.5371783 
EPI357687|HA|A/VICTORIA/892/2011|EPI_ISL_106867|A_/_H3N2          0.0248100 0.0321644 0.0176631 0.0341898 0.0339851 0.0212559 0.0248821 0.0322603 0.0304763 0.0322869 0.0361996 0.0378425 0.0378741 0.0304098 0.0361554 0.0322969 0.0340320 0.0320981 0.0285015 0.0248679 0.0286851 0.0324576 0.0284869 0.0000000 0.0305879 1.5165334 1.5448620 1.5189269 1.5252429 1.4967699 1.5125172 1.5344469 
EPI2120262|HA|A/Brisbane/256/2011|EPI_ISL_14284804|A_/_H3N2       0.0124905 0.0271954 0.0306324 0.0252932 0.0289213 0.0233685 0.0125270 0.0271708 0.0290461 0.0271933 0.0311002 0.0348138 0.0348433 0.0289821 0.0310606 0.0235290 0.0289618 0.0233823 0.0234056 0.0125194 0.0272016 0.0232200 0.0143576 0.0305879 0.0000000 1.5125999 1.5408817 1.5149907 1.5212887 1.4906807 1.5085890 1.5304942 
EPI346215|HA|A/ENG/114280400/2011|EPI_ISL_99723|A_/_H1N1          1.5242908 1.5097443 1.5068704 1.5350784 1.5411893 1.5298287 1.5270875 1.5529562 1.5181122 1.5245383 1.5621935 1.5006872 1.5179048 1.5259727 1.5338366 1.5279503 1.5397281 1.5136959 1.5197641 1.5333040 1.5232817 1.5226656 1.5192224 1.5165334 1.5125999 0.0000000 0.0232716 0.0160164 0.0106130 0.0214044 0.0196396 0.0251099 
EPI346387|HA|A/Stockholm/27/2011|EPI_ISL_99779|A_/_H1N1           1.5527355 1.5380000 1.5350898 1.5636532 1.5699194 1.5584337 1.5555512 1.5818075 1.5464955 1.5530285 1.5912539 1.5287441 1.5462395 1.5544872 1.5624220 1.5564415 1.5684006 1.5419804 1.5481237 1.5619270 1.5516679 1.5485291 1.5476293 1.5448620 1.5408817 0.0232716 0.0000000 0.0142257 0.0268728 0.0268293 0.0178409 0.0159911 
EPI346663|HA|A/Zaporizhzhya/5200/2011|EPI_ISL_99907|A_/_H1N1      1.5266902 1.5121341 1.5092584 1.5374829 1.5436031 1.5322383 1.5294868 1.5553728 1.5205091 1.5269414 1.5646214 1.5030643 1.5202976 1.5283771 1.5362427 1.5303509 1.5421379 1.5160865 1.5221573 1.5357136 1.5256755 1.5225449 1.5216207 1.5189269 1.5149907 0.0160164 0.0142257 0.0000000 0.0195895 0.0195576 0.0106407 0.0160348 
EPI347567|HA|A/Stockholm/36/2011|EPI_ISL_100461|A_/_H1N1          1.5330476 1.5184208 1.5155309 1.5438915 1.5500593 1.5386429 1.5358543 1.5618811 1.5268404 1.5333095 1.5711970 1.5092894 1.5266179 1.5347536 1.5426511 1.5367268 1.5485780 1.5223874 1.5284875 1.5421294 1.5320186 1.5314081 1.5279594 1.5252429 1.5212887 0.0106130 0.0268728 0.0195895 0.0000000 0.0249910 0.0232281 0.0287182 
EPI305529|HA|A/Orebro/1/2011|EPI_ISL_87076|A_/_H1N1               1.5044371 1.4937791 1.4871924 1.5151203 1.5211153 1.5098561 1.5095203 1.5327832 1.4983072 1.5046521 1.5418614 1.4982860 1.5018808 1.5060678 1.5138727 1.5080581 1.5196963 1.5075094 1.4999738 1.5156307 1.5034688 1.4958513 1.5017013 1.4967699 1.4906807 0.0214044 0.0268293 0.0195576 0.0249910 0.0000000 0.0195826 0.0250380 
EPI319615|HA|A/Ukraine/3/2011|EPI_ISL_90800|A_/_H1N1              1.5202589 1.5057365 1.5028673 1.5310288 1.5371180 1.5257742 1.5230526 1.5488681 1.5140877 1.5204999 1.5580755 1.5102608 1.5138871 1.5219311 1.5297855 1.5239108 1.5356649 1.5233704 1.5157432 1.5292475 1.5192575 1.5161264 1.5151947 1.5125172 1.5085890 0.0196396 0.0178409 0.0106407 0.0232281 0.0195826 0.0000000 0.0143752 
EPI334702|HA|A/Slovenia/861/2011|EPI_ISL_95550|A_/_H1N1           1.5422572 1.5276297 1.5247404 1.5530985 1.5592909 1.5478815 1.5450587 1.5711029 1.5360562 1.5484093 1.5804471 1.5321578 1.5358186 1.5439787 1.5518666 1.5459366 1.5577973 1.5454085 1.5376888 1.5513591 1.5470700 1.5380864 1.5371783 1.5344469 1.5304942 0.0251099 0.0159911 0.0160348 0.0287182 0.0250380 0.0143752 0.0000000 
