27
EPI230829|HA|A/Thailand/CU-B110/2009|EPI_ISL_66165|A_/_H3N2                      0.0000000 0.0106215 0.0142098 0.0160163 0.0107398 0.0123643 0.0196106 0.0106297 0.0106443 0.0196089 0.0214183 0.0196223 0.0142488 0.0213625 0.0251296 0.0106959 0.0106772 0.0250789 1.4532160 1.4682470 1.4562380 1.4487929 1.4738862 0.0052815 0.0160163 0.0070496 0.0017521 
EPI232585|HA|A/Nong_Khai/560/2009|EPI_ISL_66603|A_/_H3N2                         0.0106215 0.0000000 0.0142283 0.0160371 0.0107541 0.0141720 0.0232854 0.0142393 0.0106583 0.0196341 0.0214455 0.0196475 0.0124725 0.0213896 0.0251613 0.0107101 0.0143015 0.0251104 1.4471221 1.4620966 1.4501175 1.4478007 1.4677119 0.0052886 0.0160371 0.0035235 0.0088393 
EPI232620|HA|A/Thailand/18/2009|EPI_ISL_66615|A_/_H3N2                           0.0142098 0.0142283 0.0000000 0.0124405 0.0124214 0.0177750 0.0196506 0.0178596 0.0142592 0.0160220 0.0178240 0.0177929 0.0197002 0.0177772 0.0215095 0.0143270 0.0143215 0.0214669 1.4359180 1.4507574 1.4388581 1.4314916 1.4563181 0.0088438 0.0124405 0.0106240 0.0124167 
EPI193989|HA|A/Vietnam/N199/2009|EPI_ISL_34983|A_/_H3N2                          0.0160163 0.0160371 0.0124405 0.0000000 0.0162117 0.0195908 0.0105820 0.0196831 0.0160721 0.0106421 0.0124314 0.0124097 0.0215323 0.0123986 0.0123872 0.0161477 0.0197660 0.0123622 1.4364889 1.4513259 1.4394299 1.4320652 1.4568860 0.0106324 0.0000010 0.0124179 0.0142173 
EPI241159|HA|A/Vietnam/312/2009|EPI_ISL_69329|A_/_H3N2                           0.0107398 0.0107541 0.0124214 0.0162117 0.0000000 0.0143271 0.0235297 0.0143956 0.0107774 0.0198443 0.0216722 0.0198580 0.0162388 0.0216151 0.0254237 0.0108302 0.0124858 0.0253717 1.4485871 1.4635364 1.4515811 1.4441720 1.4691433 0.0053490 0.0162117 0.0071389 0.0089386 
EPI241162|HA|A/Vietnam/1769/2009|EPI_ISL_69330|A_/_H3N2                          0.0123643 0.0141720 0.0177750 0.0195908 0.0143271 0.0000000 0.0268535 0.0177886 0.0142027 0.0231927 0.0250060 0.0232078 0.0160113 0.0213208 0.0287405 0.0142700 0.0178643 0.0250297 1.4434821 1.4584151 1.4464600 1.4390542 1.4659163 0.0088090 0.0195908 0.0105821 0.0105837 
EPI241174|HA|A/Vietnam/0941/2009|EPI_ISL_69334|A_/_H3N2                          0.0196106 0.0232854 0.0196506 0.0105820 0.0235297 0.0268535 0.0000000 0.0233045 0.0233373 0.0178289 0.0196354 0.0196021 0.0288601 0.0195850 0.0195662 0.0234413 0.0233991 0.0195269 1.4429150 1.4578084 1.4458835 1.4384969 1.4633920 0.0178125 0.0105820 0.0196148 0.0214377 
EPI269940|HA|A/Singapore/534/2009|EPI_ISL_76622|A_/_H3N2                         0.0106297 0.0142393 0.0178596 0.0196831 0.0143956 0.0177886 0.0233045 0.0000000 0.0142702 0.0233029 0.0251249 0.0233181 0.0197154 0.0250595 0.0288776 0.0143381 0.0107005 0.0288192 1.4376406 1.4525288 1.4405949 1.4332051 1.4581083 0.0088506 0.0196831 0.0106321 0.0124262 
EPI211737|HA|A/MALAYSIA/542/2009|EPI_ISL_60921|A_/_H3N2                          0.0106443 0.0106583 0.0142592 0.0160721 0.0107774 0.0142027 0.0233373 0.0142702 0.0000000 0.0196774 0.0214920 0.0196909 0.0160988 0.0214368 0.0252177 0.0107332 0.0143326 0.0251667 1.4513786 1.4663935 1.4543928 1.4469539 1.4720260 0.0052997 0.0160721 0.0070739 0.0088581 
EPI211739|HA|A/MALAYSIA/720/2009|EPI_ISL_60922|A_/_H3N2                          0.0196089 0.0196341 0.0160220 0.0106421 0.0198443 0.0231927 0.0178289 0.0233029 0.0196774 0.0000000 0.0160100 0.0124194 0.0251654 0.0159679 0.0160859 0.0197679 0.0233975 0.0196383 1.4514586 1.4664359 1.4544654 1.4470452 1.4720543 0.0142005 0.0106421 0.0159929 0.0178019 
EPI186304|HA|A/Malaysia/0032/2009|EPI_ISL_32481|A_/_H3N2                         0.0214183 0.0214455 0.0178240 0.0124314 0.0216722 0.0250060 0.0196354 0.0251249 0.0214920 0.0160100 0.0000000 0.0177793 0.0269941 0.0177636 0.0159994 0.0215898 0.0252265 0.0214501 1.4457906 1.4607075 1.4487711 1.4413755 1.4663004 0.0159953 0.0124314 0.0177916 0.0196068 
EPI245658|HA|A/Stockholm/15/2009|EPI_ISL_70796|A_/_H3N2                          0.0196223 0.0196475 0.0177929 0.0124097 0.0198580 0.0232078 0.0196021 0.0233181 0.0196909 0.0124194 0.0177793 0.0000000 0.0251814 0.0177338 0.0178638 0.0197815 0.0234128 0.0214128 1.4474543 1.4623810 1.4504409 1.4430421 1.4679791 0.0142109 0.0124097 0.0160043 0.0178144 
EPI269927|HA|A/Perth/673/2009|EPI_ISL_76619|A_/_H3N2                             0.0142488 0.0124725 0.0197002 0.0215323 0.0162388 0.0160113 0.0288601 0.0197154 0.0160988 0.0251654 0.0269941 0.0251814 0.0000000 0.0232714 0.0307678 0.0161746 0.0197985 0.0270201 1.4426738 1.4575772 1.4456437 1.4433351 1.4631636 0.0106502 0.0215323 0.0088694 0.0124508 
EPI210283|HA|A/BRISBANE/54/2009|EPI_ISL_60149|A_/_H3N2                           0.0213625 0.0213896 0.0177772 0.0123986 0.0216151 0.0213208 0.0195850 0.0250595 0.0214368 0.0159679 0.0177636 0.0177338 0.0232714 0.0000000 0.0214374 0.0215331 0.0251607 0.0177798 1.4410231 1.4559187 1.4439874 1.4365974 1.4615024 0.0159533 0.0123986 0.0177459 0.0195556 
EPI173254|HA|A/Victoria/500/2009|EPI_ISL_28580|A_/_H3N2                          0.0251296 0.0251613 0.0215095 0.0123872 0.0254237 0.0287405 0.0195662 0.0288776 0.0252177 0.0160859 0.0159994 0.0178638 0.0307678 0.0214374 0.0000000 0.0253291 0.0289918 0.0213735 1.4447459 1.4596461 1.4477204 1.4403323 1.4652331 0.0196599 0.0123872 0.0214713 0.0233027 
EPI1444916|HA|A/Port_Moresby/2/2009|EPI_ISL_356787|A_/_H3N2                      0.0106959 0.0107101 0.0143270 0.0161477 0.0108302 0.0142700 0.0234413 0.0143381 0.0107332 0.0197679 0.0215898 0.0197815 0.0161746 0.0215331 0.0253291 0.0000000 0.0105864 0.0252775 1.4594645 1.4745640 1.4625150 1.4550429 1.4802312 0.0053263 0.0161477 0.0071090 0.0089016 
EPI2079831|HA|A/Victoria/210/2009|EPI_ISL_13531325|A_/_H3N2                      0.0106772 0.0143015 0.0143215 0.0197660 0.0124858 0.0178643 0.0233991 0.0107005 0.0143326 0.0233975 0.0252265 0.0234128 0.0197985 0.0251607 0.0289918 0.0105864 0.0000000 0.0289330 1.4374878 1.4523388 1.4404342 1.4330634 1.4579045 0.0088906 0.0197660 0.0106797 0.0124811 
EPI228244|HA|A/PERTH/160/2009|EPI_ISL_65123|A_/_H3N2                             0.0250789 0.0251104 0.0214669 0.0123622 0.0253717 0.0250297 0.0195269 0.0288192 0.0251667 0.0196383 0.0214501 0.0214128 0.0270201 0.0177798 0.0213735 0.0252775 0.0289330 0.0000000 1.4550729 1.4700491 1.4580885 1.4506725 1.4756684 0.0196201 0.0123622 0.0214280 0.0232557 
EPI229812|HA|A/Sweden/19/2009|EPI_ISL_65724|A_/_H1N1                             1.4532160 1.4471221 1.4359180 1.4364889 1.4485871 1.4434821 1.4429150 1.4376406 1.4513786 1.4514586 1.4457906 1.4474543 1.4426738 1.4410231 1.4447459 1.4594645 1.4374878 1.4550729 0.0000000 0.0105692 0.0106067 0.0142471 0.0106416 1.3790708 1.4364889 1.3811008 1.4072673 
EPI336215|HA|A/England/1051/2009|EPI_ISL_96239|A_/_H1N1                          1.4682470 1.4620966 1.4507574 1.4513259 1.4635364 1.4584151 1.4578084 1.4525288 1.4663935 1.4664359 1.4607075 1.4623810 1.4575772 1.4559187 1.4596461 1.4745640 1.4523388 1.4700491 0.0105692 0.0000000 0.0177504 0.0214588 0.0159984 1.3931332 1.4513259 1.3951932 1.4216610 
EPI336291|HA|A/England/94720002/2009|EPI_ISL_96315|A_/_H1N1                      1.4562380 1.4501175 1.4388581 1.4394299 1.4515811 1.4464600 1.4458835 1.4405949 1.4543928 1.4544654 1.4487711 1.4504409 1.4456437 1.4439874 1.4477204 1.4625150 1.4404342 1.4580885 0.0106067 0.0177504 0.0000000 0.0106555 0.0178711 1.3817135 1.4394299 1.3837545 1.4100467 
EPI336354|HA|A/England/94360008/2009|EPI_ISL_96378|A_/_H1N1                      1.4487929 1.4478007 1.4314916 1.4320652 1.4441720 1.4390542 1.4384969 1.4332051 1.4469539 1.4470452 1.4413755 1.4430421 1.4433351 1.4365974 1.4403323 1.4550429 1.4330634 1.4506725 0.0142471 0.0214588 0.0106555 0.0000000 0.0216051 1.3746798 1.4320652 1.3815340 1.4028736 
EPI336412|HA|A/England/94200009/2009|EPI_ISL_96436|A_/_H1N1                      1.4738862 1.4677119 1.4563181 1.4568860 1.4691433 1.4659163 1.4633920 1.4581083 1.4720260 1.4720543 1.4663004 1.4679791 1.4631636 1.4615024 1.4652331 1.4802312 1.4579045 1.4756684 0.0106416 0.0159984 0.0178711 0.0216051 0.0000000 1.3983756 1.4568860 1.4004479 1.4270417 
H3N2_2009_Consensus_Aligned                                                      0.0052815 0.0052886 0.0088438 0.0106324 0.0053490 0.0088090 0.0178125 0.0088506 0.0052997 0.0142005 0.0159953 0.0142109 0.0106502 0.0159533 0.0196599 0.0053263 0.0088906 0.0196201 1.3790708 1.3931332 1.3817135 1.3746798 1.3983756 0.0000000 0.0106324 0.0017199 0.0051979 
H3N2_2009_Medoid_Aligned|EPI193989|HA|A/Vietnam/N199/2009|EPI_ISL_34983|A_/_H3N2 0.0160163 0.0160371 0.0124405 0.0000010 0.0162117 0.0195908 0.0105820 0.0196831 0.0160721 0.0106421 0.0124314 0.0124097 0.0215323 0.0123986 0.0123872 0.0161477 0.0197660 0.0123622 1.4364889 1.4513259 1.4394299 1.4320652 1.4568860 0.0106324 0.0000000 0.0124179 0.0142173 
H3N2_2009_Ancestral_Aligned_Node6                                                0.0070496 0.0035235 0.0106240 0.0124179 0.0071389 0.0105821 0.0196148 0.0106321 0.0070739 0.0159929 0.0177916 0.0160043 0.0088694 0.0177459 0.0214713 0.0071090 0.0106797 0.0214280 1.3811008 1.3951932 1.3837545 1.3815340 1.4004479 0.0017199 0.0124179 0.0000000 0.0069378 
H3N2_2009_COBRA_Aligned                                                          0.0017521 0.0088393 0.0124167 0.0142173 0.0089386 0.0105837 0.0214377 0.0124262 0.0088581 0.0178019 0.0196068 0.0178144 0.0124508 0.0195556 0.0233027 0.0089016 0.0124811 0.0232557 1.4072673 1.4216610 1.4100467 1.4028736 1.4270417 0.0051979 0.0142173 0.0069378 0.0000000 
