15
EPI1846168|HA|A/Malaysia/RP2227/2020|EPI_ISL_985216|A_/_H3N2                          0.0000000 0.0124661 0.0440669 0.1771580 0.0364205 0.0327622 1.5069373 1.5087206 1.4880473 1.5200957 1.5127869 0.0752370 0.0000010 1.4793656 0.0362730 
EPI1750818|HA|A/Singapore/KK272/2020|EPI_ISL_481342|A_/_H3N2                          0.0124661 0.0000000 0.0462986 0.1809293 0.0371656 0.0348897 1.5187065 1.5137091 1.4930446 1.5250993 1.5179780 0.0734619 0.0124661 1.4842246 0.0438128 
EPI1806103|HA|A/North_Lebanon/NM_397_N/2020|EPI_ISL_582598|A_/_H3N2                   0.0440669 0.0462986 0.0000000 0.1859835 0.0596139 0.0558666 1.5011008 1.4958074 1.5036150 1.5074342 1.5003920 0.0824475 0.0440669 1.4746317 0.0754987 
EPI2147049|HA|A/South_Korea/MDCK/2020|EPI_ISL_14771216|A_/_H3N2                       0.1771580 0.1809293 0.1859835 0.0000000 0.1840484 0.1874512 1.3991120 1.4032771 1.4053578 1.4130701 1.4068914 0.1432663 0.1771580 1.3448592 0.1303222 
EPI1728265|HA|A/Sweden/62/2020|EPI_ISL_426374|A_/_H3N2                                0.0364205 0.0371656 0.0596139 0.1840484 0.0000000 0.0142326 1.5387622 1.5336575 1.5374267 1.5452201 1.5380122 0.0794771 0.0364205 1.4988604 0.0644029 
EPI1704482|HA|A/Uppsala/7/2020|EPI_ISL_413661|A_/_H3N2                                0.0327622 0.0348897 0.0558666 0.1874512 0.0142326 0.0000000 1.5289283 1.5238658 1.5276052 1.5353674 1.5281871 0.0802796 0.0327622 1.4894004 0.0635789 
EPI1727794|HA|A/Khmelnytskyi/12/2020|EPI_ISL_426220|A_/_H1N1                          1.5069373 1.5187065 1.5011008 1.3991120 1.5387622 1.5289283 0.0000000 0.0160652 0.0271085 0.0125157 0.0106732 1.1573479 1.5069373 0.0070968 1.3077967 
EPI1727907|HA|A/Sweden/34/2020|EPI_ISL_426273|A_/_H1N1                                1.5087206 1.5137091 1.4958074 1.4032771 1.5336575 1.5238658 0.0160652 0.0000000 0.0288347 0.0214996 0.0196085 1.1607164 1.5087206 0.0088456 1.3098137 
EPI1727956|HA|A/Sweden/17/2020|EPI_ISL_426280|A_/_H1N1                                1.4880473 1.4930446 1.5036150 1.4053578 1.5374267 1.5276052 0.0271085 0.0288347 0.0000000 0.0326491 0.0306802 1.1599352 1.4880473 0.0197037 1.3161010 
EPI1750234|HA|A/England/200420376/2020|EPI_ISL_480532|A_/_H1N1                        1.5200957 1.5250993 1.5074342 1.4130701 1.5452201 1.5353674 0.0125157 0.0214996 0.0326491 0.0000000 0.0124762 1.1626985 1.5200957 0.0124653 1.3192986 
EPI1754899|HA|A/England/46/2020|EPI_ISL_487070|A_/_H1N1                               1.5127869 1.5179780 1.5003920 1.4068914 1.5380122 1.5281871 0.0106732 0.0196085 0.0306802 0.0124762 0.0000000 1.1571383 1.5127869 0.0106303 1.3129795 
H3N2_2020_Consensus_Aligned                                                           0.0752370 0.0734619 0.0824475 0.1432663 0.0794771 0.0802796 1.1573479 1.1607164 1.1599352 1.1626985 1.1571383 0.0000000 0.0752370 1.1391495 0.0347697 
H3N2_2020_Medoid_Aligned|EPI1846168|HA|A/Malaysia/RP2227/2020|EPI_ISL_985216|A_/_H3N2 0.0000010 0.0124661 0.0440669 0.1771580 0.0364205 0.0327622 1.5069373 1.5087206 1.4880473 1.5200957 1.5127869 0.0752370 0.0000000 1.4793656 0.0362730 
H3N2_2020_Ancestral_Aligned_Node7                                                     1.4793656 1.4842246 1.4746317 1.3448592 1.4988604 1.4894004 0.0070968 0.0088456 0.0197037 0.0124653 0.0106303 1.1391495 1.4793656 0.0000000 1.2888414 
H3N2_2020_COBRA_Aligned                                                               0.0362730 0.0438128 0.0754987 0.1303222 0.0644029 0.0635789 1.3077967 1.3098137 1.3161010 1.3192986 1.3129795 0.0347697 0.0362730 1.2888414 0.0000000 
