59
EPI1899327|HA|A/Thailand/B29296/2018|EPI_ISL_4064286|A_/_H3N2          0.0000000 0.0330584 0.0198327 0.0143975 0.0332006 0.0388622 0.0199462 0.0161361 0.0143501 0.0106706 0.0274273 0.0143682 0.0179994 0.0143130 0.0125489 0.0349394 0.0350195 0.0351241 0.0199244 0.0291324 0.0349019 0.0368468 0.0426735 0.0255099 0.0350082 0.0144191 0.0311423 0.0161852 0.0143375 0.0274967 0.0237252 0.0407333 0.0180363 0.0412993 0.0143275 0.0179776 0.0125022 0.0179716 0.0235643 0.0180420 0.0349941 0.0218878 0.0216850 0.0199031 0.0331480 0.1670018 0.0349007 0.0125221 0.0198800 0.0200320 1.8480779 1.8487131 1.8323530 1.8485766 1.8465383 1.8346160 1.8224019 1.8635447 1.8325778 
EPI1899335|HA|A/Thailand/B30632/2018|EPI_ISL_4064287|A_/_H3N2          0.0330584 0.0000000 0.0272840 0.0251365 0.0141985 0.0159857 0.0327550 0.0253473 0.0329375 0.0328377 0.0235012 0.0329742 0.0326693 0.0328531 0.0310909 0.0123583 0.0123856 0.0160614 0.0327180 0.0233444 0.0105586 0.0141481 0.0195846 0.0364513 0.0160082 0.0330977 0.0309481 0.0310286 0.0329072 0.0384976 0.0349977 0.0177708 0.0344207 0.0431298 0.0348500 0.0270951 0.0309728 0.0328297 0.0363822 0.0291478 0.0196063 0.0368738 0.0325340 0.0326835 0.0271751 0.1504146 0.0123436 0.0310222 0.0326450 0.0312466 1.8548292 1.8554907 1.8444133 1.8553338 1.8532946 1.8412703 1.8289467 1.8704277 1.8446326 
EPI1478195|HA|A/GUNMA/114/2018|EPI_ISL_361864|A_/_H3N2                 0.0198327 0.0272840 0.0000000 0.0216091 0.0273993 0.0292618 0.0197859 0.0106565 0.0197608 0.0197026 0.0292903 0.0123861 0.0197353 0.0197100 0.0179542 0.0291396 0.0253344 0.0254096 0.0179271 0.0271891 0.0291081 0.0310169 0.0330013 0.0272317 0.0291959 0.0143043 0.0331148 0.0143236 0.0197433 0.0272731 0.0143413 0.0348367 0.0252652 0.0405246 0.0234495 0.0197046 0.0178872 0.0196980 0.0271812 0.0142670 0.0291838 0.0217108 0.0234070 0.0197435 0.0348565 0.1601653 0.0291066 0.0179156 0.0197207 0.0107330 1.8325608 1.8331434 1.8222732 1.8330521 1.8309963 1.8191996 1.8071272 1.8478648 1.8225030 
EPI1310465|HA|A/Abu_Dhabi/014/2018|EPI_ISL_329832|A_/_H3N2             0.0143975 0.0251365 0.0216091 0.0000000 0.0233913 0.0288839 0.0142280 0.0179074 0.0143211 0.0178944 0.0253617 0.0179692 0.0141923 0.0179010 0.0161429 0.0251183 0.0251746 0.0252489 0.0142129 0.0250423 0.0269370 0.0252116 0.0325747 0.0196564 0.0251659 0.0180334 0.0309083 0.0179618 0.0179313 0.0215704 0.0255168 0.0307044 0.0123839 0.0471280 0.0216257 0.0160091 0.0160828 0.0197448 0.0177783 0.0198220 0.0251553 0.0180137 0.0177553 0.0141980 0.0270633 0.1653461 0.0250897 0.0161083 0.0141818 0.0218245 1.8925583 1.8933463 1.8765691 1.8930780 1.8910962 1.8788463 1.8662628 1.9084452 1.8767753 
EPI1482887|HA|A/Taiwan/81051/2018|EPI_ISL_362647|A_/_H3N2              0.0332006 0.0141985 0.0273993 0.0233913 0.0000000 0.0124470 0.0310043 0.0272693 0.0330785 0.0329779 0.0236493 0.0331156 0.0309231 0.0329934 0.0292115 0.0106460 0.0124618 0.0161611 0.0309694 0.0197751 0.0142230 0.0142350 0.0197060 0.0347064 0.0161072 0.0332402 0.0311448 0.0311608 0.0330480 0.0329005 0.0351488 0.0106452 0.0326816 0.0413950 0.0350000 0.0290382 0.0311046 0.0329698 0.0327729 0.0292715 0.0161000 0.0273105 0.0307945 0.0309366 0.0272755 0.1510118 0.0124192 0.0311544 0.0271909 0.0275494 1.8407188 1.8413306 1.8303781 1.8412154 1.8391641 1.8272771 1.8151050 1.8561400 1.8306041 
EPI1482879|HA|A/Taiwan/79795/2018|EPI_ISL_362646|A_/_H3N2              0.0388622 0.0159857 0.0292618 0.0288839 0.0124470 0.0000000 0.0327969 0.0310101 0.0387194 0.0386007 0.0254879 0.0387610 0.0364985 0.0386203 0.0348040 0.0124301 0.0142530 0.0179703 0.0346478 0.0215894 0.0160133 0.0142080 0.0106070 0.0403193 0.0160500 0.0351299 0.0292742 0.0367813 0.0386833 0.0385114 0.0408240 0.0160237 0.0382533 0.0433039 0.0406601 0.0308763 0.0367152 0.0385911 0.0383613 0.0348745 0.0215378 0.0368871 0.0363471 0.0365147 0.0291158 0.1507562 0.0142045 0.0367738 0.0364713 0.0331609 1.8191249 1.8196648 1.8088408 1.8196119 1.8175306 1.8057857 1.7937774 1.8343628 1.8090783 
EPI1315822|HA|A/Philippines/44/2018|EPI_ISL_330736|A_/_H3N2            0.0199462 0.0327550 0.0197859 0.0142280 0.0310043 0.0327969 0.0000000 0.0198292 0.0161071 0.0198146 0.0311346 0.0161535 0.0106323 0.0198222 0.0180562 0.0327307 0.0328049 0.0329021 0.0106478 0.0252103 0.0345813 0.0327013 0.0365323 0.0197883 0.0327942 0.0199695 0.0367623 0.0198898 0.0198558 0.0179555 0.0275220 0.0384440 0.0160420 0.0465240 0.0235847 0.0179054 0.0179885 0.0216832 0.0178970 0.0217686 0.0327810 0.0124762 0.0178737 0.0106365 0.0309565 0.1634412 0.0326944 0.0180172 0.0106245 0.0238007 1.8477785 1.8484127 1.8320661 1.8482772 1.8462388 1.8343274 1.8221237 1.8632315 1.8322908 
EPI1316661|HA|A/Maldives/1001/2018|EPI_ISL_330906|A_/_H3N2             0.0161361 0.0253473 0.0106565 0.0179074 0.0272693 0.0310101 0.0198292 0.0000000 0.0160778 0.0160308 0.0273322 0.0160977 0.0197785 0.0160364 0.0142828 0.0271922 0.0272537 0.0273348 0.0198077 0.0252592 0.0271629 0.0290575 0.0347453 0.0234695 0.0235520 0.0161547 0.0348638 0.0106820 0.0160637 0.0273345 0.0143855 0.0328507 0.0215359 0.0411512 0.0197317 0.0142525 0.0142298 0.0160271 0.0234265 0.0106401 0.0290460 0.0217588 0.0196961 0.0197866 0.0291959 0.1606348 0.0271613 0.0142524 0.0197638 0.0107659 1.8428363 1.8434532 1.8271511 1.8433321 1.8412886 1.8294112 1.8172472 1.8582450 1.8273785 
EPI1319766|HA|A/Oman/3329/2018|EPI_ISL_331355|A_/_H3N2                 0.0143501 0.0329375 0.0197608 0.0143211 0.0330785 0.0387194 0.0161071 0.0160778 0.0000000 0.0142564 0.0311476 0.0143161 0.0198225 0.0142613 0.0125035 0.0348116 0.0348910 0.0349949 0.0198518 0.0290264 0.0347743 0.0349438 0.0425166 0.0254168 0.0348798 0.0143667 0.0348758 0.0161265 0.0142857 0.0273959 0.0236384 0.0405837 0.0215837 0.0451356 0.0179462 0.0179125 0.0124570 0.0179066 0.0234786 0.0179764 0.0348658 0.0180009 0.0216063 0.0198307 0.0330264 0.1634483 0.0347731 0.0124768 0.0198077 0.0199587 1.8343928 1.8349821 1.8187544 1.8348855 1.8328301 1.8210117 1.8089149 1.8497252 1.8189858 
EPI1319800|HA|A/Saudi_Arabia/604532786/2018|EPI_ISL_331372|A_/_H3N2    0.0106706 0.0328377 0.0197026 0.0178944 0.0329779 0.0386007 0.0198146 0.0160308 0.0142564 0.0000000 0.0253601 0.0142743 0.0197639 0.0142198 0.0124670 0.0347059 0.0347848 0.0348881 0.0197931 0.0289395 0.0346688 0.0366000 0.0423856 0.0253408 0.0347737 0.0143245 0.0290376 0.0160793 0.0142440 0.0273133 0.0235678 0.0404592 0.0215200 0.0410182 0.0142341 0.0178600 0.0124209 0.0178541 0.0234089 0.0179235 0.0347598 0.0217425 0.0179089 0.0197721 0.0292455 0.1688873 0.0346676 0.0124405 0.0197492 0.0198994 1.8372450 1.8378435 1.8215992 1.8377387 1.8356881 1.8238562 1.8117430 1.8525948 1.8218290 
EPI1335535|HA|A/YOKOHAMA/112/2018|EPI_ISL_333926|A_/_H3N2              0.0274273 0.0235012 0.0292903 0.0253617 0.0236493 0.0254879 0.0311346 0.0273322 0.0311476 0.0253601 0.0000000 0.0292360 0.0310527 0.0310675 0.0292994 0.0217117 0.0217607 0.0218258 0.0310994 0.0236109 0.0235424 0.0235630 0.0235709 0.0329277 0.0217530 0.0312994 0.0106388 0.0273606 0.0311190 0.0388851 0.0370773 0.0253415 0.0328182 0.0276104 0.0311006 0.0234651 0.0291880 0.0310456 0.0309359 0.0311695 0.0254324 0.0331619 0.0309231 0.0310663 0.0331197 0.1593368 0.0216863 0.0292347 0.0272446 0.0332975 1.8092054 1.8097117 1.8012051 1.8096872 1.8075962 1.7959322 1.7840164 1.8243373 1.7992048 
EPI1335515|HA|A/KANAGAWA/85/2018|EPI_ISL_333921|A_/_H3N2               0.0143682 0.0329742 0.0123861 0.0179692 0.0331156 0.0387610 0.0161535 0.0160977 0.0143161 0.0142743 0.0292360 0.0000000 0.0161124 0.0142792 0.0125193 0.0348499 0.0309832 0.0310752 0.0161361 0.0290596 0.0348125 0.0367517 0.0425610 0.0254466 0.0349183 0.0124932 0.0329504 0.0143365 0.0143036 0.0235851 0.0198551 0.0388077 0.0216096 0.0366785 0.0179682 0.0179345 0.0124728 0.0179285 0.0235065 0.0179985 0.0349043 0.0180531 0.0216322 0.0161190 0.0330633 0.1669505 0.0348114 0.0124926 0.0161005 0.0162102 1.8600381 1.8607144 1.8442355 1.8605428 1.8585185 1.8465034 1.8341847 1.8756240 1.8444548 
EPI1336988|HA|A/Abu_Dhabi/134/2018|EPI_ISL_334156|A_/_H3N2             0.0179994 0.0326693 0.0197353 0.0141923 0.0309231 0.0364985 0.0106323 0.0197785 0.0198225 0.0197639 0.0310527 0.0161124 0.0000000 0.0197714 0.0180100 0.0326451 0.0327189 0.0328156 0.0106212 0.0251455 0.0344907 0.0345214 0.0402496 0.0197377 0.0327083 0.0180293 0.0366648 0.0198387 0.0198049 0.0179098 0.0274498 0.0383422 0.0160016 0.0463979 0.0235237 0.0178599 0.0179426 0.0216275 0.0178516 0.0217124 0.0326951 0.0161519 0.0178284 0.0106100 0.0308756 0.1607279 0.0326090 0.0179712 0.0105980 0.0237386 1.8697847 1.8704934 1.8539301 1.8702930 1.8682826 1.8562005 1.8438055 1.8854570 1.8541453 
EPI1343237|HA|A/Vietnam/190/2018|EPI_ISL_335668|A_/_H3N2               0.0143130 0.0328531 0.0197100 0.0179010 0.0329934 0.0386203 0.0198222 0.0160364 0.0142613 0.0142198 0.0310675 0.0142792 0.0197714 0.0000000 0.0124711 0.0309927 0.0348016 0.0349050 0.0198006 0.0289522 0.0346854 0.0366180 0.0424082 0.0253514 0.0347904 0.0143295 0.0347865 0.0160850 0.0142489 0.0273252 0.0235774 0.0404802 0.0215283 0.0411758 0.0142853 0.0161713 0.0124249 0.0161156 0.0234183 0.0179301 0.0347765 0.0217511 0.0215509 0.0197796 0.0329416 0.1614131 0.0346842 0.0124446 0.0197567 0.0199070 1.8376998 1.8382990 1.8220722 1.8381930 1.8361458 1.8243263 1.8122250 1.8530327 1.8223014 
EPI2047663|HA|A/Myanmar/18M66/2018|EPI_ISL_12951803|A_/_H3N2           0.0125489 0.0310909 0.0179542 0.0161429 0.0292115 0.0348040 0.0180562 0.0142828 0.0125035 0.0124670 0.0292994 0.0125193 0.0180100 0.0124711 0.0000000 0.0310792 0.0330371 0.0331356 0.0180366 0.0215540 0.0329264 0.0348576 0.0406465 0.0235875 0.0330263 0.0125634 0.0330230 0.0143262 0.0124925 0.0235882 0.0218094 0.0366546 0.0197735 0.0411111 0.0161421 0.0161118 0.0106710 0.0161066 0.0197980 0.0161693 0.0330129 0.0180550 0.0197943 0.0180174 0.0292928 0.1641114 0.0329251 0.0106880 0.0179965 0.0162268 1.8800718 1.8808180 1.8641277 1.8805866 1.8785845 1.8664050 1.8539018 1.8958692 1.8643387 
EPI1351533|HA|A/ISHIKAWA/78/2018|EPI_ISL_336967|A_/_H3N2               0.0349394 0.0123583 0.0291396 0.0251183 0.0106460 0.0124301 0.0327307 0.0271922 0.0348116 0.0347059 0.0217117 0.0348499 0.0326451 0.0309927 0.0310792 0.0000000 0.0106253 0.0142891 0.0326938 0.0197482 0.0123795 0.0123899 0.0178187 0.0364241 0.0142415 0.0349810 0.0291519 0.0328956 0.0347795 0.0365999 0.0368838 0.0142130 0.0343952 0.0374958 0.0329785 0.0254117 0.0328366 0.0346973 0.0349922 0.0310088 0.0178388 0.0349684 0.0325100 0.0326594 0.0233532 0.1536353 0.0105891 0.0328889 0.0326209 0.0312545 1.8385183 1.8391241 1.8281583 1.8390150 1.8369559 1.8250549 1.8128706 1.8539575 1.8283862 
EPI1351513|HA|A/HIROSHIMA/73/2018|EPI_ISL_336962|A_/_H3N2              0.0350195 0.0123856 0.0253344 0.0251746 0.0124618 0.0142530 0.0328049 0.0272537 0.0348910 0.0347848 0.0217607 0.0309832 0.0327189 0.0348016 0.0330371 0.0106253 0.0000000 0.0106480 0.0327678 0.0216149 0.0124069 0.0124174 0.0178584 0.0365067 0.0142733 0.0329691 0.0254703 0.0310610 0.0348588 0.0385563 0.0329883 0.0160426 0.0344728 0.0433552 0.0368148 0.0271363 0.0329112 0.0347762 0.0364374 0.0310793 0.0178786 0.0369305 0.0325832 0.0327332 0.0272165 0.1579639 0.0106124 0.0329638 0.0326946 0.0292593 1.8430443 1.8436648 1.8326687 1.8435425 1.8414895 1.8295541 1.8173308 1.8585284 1.8328939 
EPI1210250|HA|A/Kazakhstan/103/2018|EPI_ISL_305845|A_/_H3N2            0.0351241 0.0160614 0.0254096 0.0252489 0.0161611 0.0179703 0.0329021 0.0273348 0.0349949 0.0348881 0.0218258 0.0310752 0.0328156 0.0349050 0.0331356 0.0142891 0.0106480 0.0000000 0.0328647 0.0216791 0.0160892 0.0142521 0.0216156 0.0366145 0.0143156 0.0330673 0.0293053 0.0330687 0.0349625 0.0386706 0.0330864 0.0197770 0.0345742 0.0434860 0.0330814 0.0272167 0.0330091 0.0348795 0.0365449 0.0311718 0.0179315 0.0370408 0.0326791 0.0328300 0.0235026 0.1584220 0.0142720 0.0330619 0.0327911 0.0293466 1.8455133 1.8560496 1.8449616 1.8558909 1.8538516 1.8418164 1.8294811 1.8743275 1.8451821 
EPI1358998|HA|A/Philippines/48/2018|EPI_ISL_339064|A_/_H3N2            0.0199244 0.0327180 0.0179271 0.0142129 0.0309694 0.0346478 0.0106478 0.0198077 0.0198518 0.0197931 0.0310994 0.0161361 0.0106212 0.0198006 0.0180366 0.0326938 0.0327678 0.0328647 0.0000000 0.0251826 0.0345421 0.0345730 0.0383914 0.0197668 0.0327571 0.0180929 0.0348057 0.0198680 0.0198342 0.0179361 0.0274910 0.0383998 0.0142064 0.0464687 0.0235587 0.0178861 0.0179690 0.0216595 0.0178778 0.0217447 0.0327439 0.0161757 0.0142244 0.0106254 0.0309217 0.1643794 0.0326576 0.0179977 0.0106134 0.0237742 1.8570593 1.8577243 1.8413065 1.8575618 1.8555373 1.8435687 1.8312994 1.8725857 1.8415266 
EPI1804615|HA|A/Myanmar/18M090/2018|EPI_ISL_536403|A_/_H3N2            0.0291324 0.0233444 0.0271891 0.0250423 0.0197751 0.0215894 0.0252103 0.0252592 0.0290264 0.0289395 0.0236109 0.0290596 0.0251455 0.0289522 0.0215540 0.0197482 0.0216149 0.0216791 0.0251826 0.0000000 0.0233850 0.0234054 0.0290050 0.0307616 0.0216072 0.0291667 0.0310946 0.0271433 0.0290001 0.0270686 0.0348771 0.0234003 0.0268916 0.0374172 0.0309139 0.0214483 0.0270946 0.0289325 0.0269652 0.0290468 0.0252619 0.0272207 0.0250416 0.0251561 0.0252782 0.1539819 0.0215415 0.0271376 0.0251269 0.0273372 1.8499573 1.8506020 1.8395595 1.8504594 1.8484141 1.8364289 1.8241483 1.8655057 1.8397818 
EPI1365958|HA|A/Singapore/KK0699/2018|EPI_ISL_340479|A_/_H3N2          0.0349019 0.0105586 0.0291081 0.0269370 0.0142230 0.0160133 0.0345813 0.0271629 0.0347743 0.0346688 0.0235424 0.0348125 0.0344907 0.0346854 0.0329264 0.0123795 0.0124069 0.0160892 0.0345421 0.0233850 0.0000000 0.0141724 0.0196184 0.0382820 0.0160358 0.0349433 0.0310026 0.0328603 0.0347423 0.0403396 0.0368443 0.0178014 0.0362395 0.0432078 0.0366915 0.0289070 0.0328014 0.0346602 0.0382092 0.0309754 0.0196402 0.0387255 0.0343481 0.0345058 0.0289920 0.1504081 0.0123647 0.0328536 0.0344651 0.0330885 1.8372548 1.8378568 1.8268940 1.8377513 1.8356895 1.8237916 1.8116117 1.8526905 1.8271220 
EPI1369190|HA|A/Nakhonsithammarat/336/2018|EPI_ISL_341170|A_/_H3N2     0.0368468 0.0141481 0.0310169 0.0252116 0.0142350 0.0142080 0.0327013 0.0290575 0.0349438 0.0366000 0.0235630 0.0367517 0.0345214 0.0366180 0.0348576 0.0123899 0.0124174 0.0142521 0.0345730 0.0234054 0.0141724 0.0000000 0.0178021 0.0383164 0.0160495 0.0368907 0.0310303 0.0347873 0.0366779 0.0403763 0.0387975 0.0178166 0.0362719 0.0452170 0.0386393 0.0289325 0.0347249 0.0365909 0.0382435 0.0328929 0.0196570 0.0387608 0.0343786 0.0345366 0.0270870 0.1600691 0.0123751 0.0347802 0.0344958 0.0350267 1.8166362 1.8235087 1.8126558 1.8234447 1.8213676 1.8095908 1.7975469 1.8382350 1.8128912 
EPI1370427|HA|A/Chungbuk/1917/2018|EPI_ISL_341448|A_/_H3N2             0.0426735 0.0195846 0.0330013 0.0325747 0.0197060 0.0106070 0.0365323 0.0347453 0.0425166 0.0423856 0.0235709 0.0425610 0.0402496 0.0424082 0.0406465 0.0178187 0.0178584 0.0216156 0.0383914 0.0290050 0.0196184 0.0178021 0.0000000 0.0401753 0.0215442 0.0389274 0.0311656 0.0405634 0.0424767 0.0462084 0.0446447 0.0233192 0.0420034 0.0452338 0.0444717 0.0345954 0.0404907 0.0423749 0.0400985 0.0386434 0.0251883 0.0446127 0.0400829 0.0402678 0.0346967 0.1599443 0.0177978 0.0405552 0.0383726 0.0408346 1.8234363 1.8239907 1.8182380 1.8239253 1.8218493 1.8100666 1.7980168 1.8387229 1.8133683 
EPI1224383|HA|A/KANAGAWA/IC1725/2018|EPI_ISL_308930|A_/_H3N2           0.0255099 0.0364513 0.0272317 0.0196564 0.0347064 0.0403193 0.0197883 0.0234695 0.0254168 0.0253408 0.0329277 0.0254466 0.0197377 0.0253514 0.0235875 0.0364241 0.0365067 0.0366145 0.0197668 0.0307616 0.0382820 0.0383164 0.0401753 0.0000000 0.0364952 0.0255399 0.0424879 0.0254376 0.0253939 0.0198420 0.0312353 0.0421736 0.0214917 0.0473057 0.0291702 0.0233890 0.0234986 0.0272358 0.0160567 0.0254348 0.0364808 0.0218229 0.0233470 0.0197459 0.0365976 0.1570755 0.0363844 0.0235361 0.0197231 0.0274999 1.8829226 1.8836771 1.8669971 1.8834377 1.8706127 1.8692700 1.8567712 1.8987126 1.8672063 
EPI1241657|HA|A/NIIGATA-C/1/2018|EPI_ISL_311962|A_/_H3N2               0.0350082 0.0160082 0.0291959 0.0251659 0.0161072 0.0160500 0.0327942 0.0235520 0.0348798 0.0347737 0.0217530 0.0349183 0.0327083 0.0347904 0.0330263 0.0142415 0.0142733 0.0143156 0.0327571 0.0216072 0.0160358 0.0160495 0.0215442 0.0364952 0.0000000 0.0350499 0.0254897 0.0329598 0.0348476 0.0385444 0.0369567 0.0197114 0.0307530 0.0433420 0.0368032 0.0271271 0.0329005 0.0347651 0.0326967 0.0310690 0.0178721 0.0369188 0.0325727 0.0327226 0.0310094 0.1611923 0.0142246 0.0329530 0.0326840 0.0331893 1.8204424 1.8209859 1.8101638 1.8209292 1.8188525 1.8071083 1.7951001 1.8356789 1.8104000 
EPI1243337|HA|A/Ankara/110/2018|EPI_ISL_312306|A_/_H3N2                0.0144191 0.0330977 0.0143043 0.0180334 0.0332402 0.0351299 0.0199695 0.0161547 0.0143667 0.0143245 0.0312994 0.0124932 0.0180293 0.0143295 0.0125634 0.0349810 0.0329691 0.0330673 0.0180929 0.0291667 0.0349433 0.0368907 0.0389274 0.0255399 0.0350499 0.0000000 0.0312928 0.0162039 0.0143541 0.0275292 0.0196952 0.0407821 0.0216875 0.0453596 0.0180324 0.0179984 0.0125165 0.0179924 0.0235919 0.0180629 0.0350358 0.0219135 0.0217103 0.0199263 0.0331874 0.1627945 0.0349422 0.0125365 0.0199031 0.0180972 1.8503551 1.8509980 1.8346257 1.8508550 1.8488198 1.8368881 1.8246614 1.8658338 1.8348492 
EPI1550154|HA|A/Malaysia/RP4242/2018|EPI_ISL_378558|A_/_H3N2           0.0311423 0.0309481 0.0331148 0.0309083 0.0311448 0.0292742 0.0367623 0.0348638 0.0348758 0.0290376 0.0106388 0.0329504 0.0366648 0.0347865 0.0330230 0.0291519 0.0254703 0.0293053 0.0348057 0.0310946 0.0310026 0.0310303 0.0311656 0.0424879 0.0254897 0.0312928 0.0000000 0.0329812 0.0348436 0.0446030 0.0447935 0.0328107 0.0346757 0.0391412 0.0348238 0.0308998 0.0328973 0.0386185 0.0366529 0.0387740 0.0329291 0.0388302 0.0384662 0.0366811 0.0407642 0.1676307 0.0291189 0.0329497 0.0328116 0.0409724 1.8107060 1.8112164 1.8027214 1.8111876 1.8091027 1.7974526 1.7855490 1.8258196 1.8007210 
EPI1385788|HA|A/Vietnam/Lisn18022/2018|EPI_ISL_346042|A_/_H3N2         0.0161852 0.0310286 0.0143236 0.0179618 0.0311608 0.0367813 0.0198898 0.0106820 0.0161265 0.0160793 0.0273606 0.0143365 0.0198387 0.0160850 0.0143262 0.0328956 0.0310610 0.0330687 0.0198680 0.0271433 0.0328603 0.0347873 0.0405634 0.0254376 0.0329598 0.0162039 0.0329812 0.0000000 0.0161124 0.0274184 0.0181263 0.0367299 0.0179102 0.0411968 0.0197916 0.0160808 0.0142729 0.0160756 0.0234978 0.0143019 0.0329464 0.0218255 0.0197558 0.0198469 0.0311124 0.1639731 0.0328590 0.0142956 0.0198239 0.0144697 1.8669691 1.8676707 1.8463504 1.8674782 1.8654588 1.8533705 1.8409715 1.8826498 1.8513128 
EPI2153930|HA|A/Saudi_Arabia/VRG-55/2018|EPI_ISL_14835629|A_/_H3N2     0.0143375 0.0329072 0.0197433 0.0179313 0.0330480 0.0386833 0.0198558 0.0160637 0.0142857 0.0142440 0.0311190 0.0143036 0.0198049 0.0142489 0.0124925 0.0347795 0.0348588 0.0349625 0.0198342 0.0290001 0.0347423 0.0366779 0.0424767 0.0253939 0.0348476 0.0143541 0.0348436 0.0161124 0.0000000 0.0273709 0.0236171 0.0405458 0.0215645 0.0450925 0.0179303 0.0178967 0.0124462 0.0178908 0.0234576 0.0179605 0.0348337 0.0217880 0.0215871 0.0198131 0.0329960 0.1641531 0.0347411 0.0124660 0.0197901 0.0199409 1.8830277 1.8837832 1.8670868 1.8835433 1.8815480 1.8693619 1.8568504 1.8988328 1.8672962 
EPI1272579|HA|A/Singapore/GP0454/2018|EPI_ISL_320960|A_/_H3N2          0.0274967 0.0384976 0.0272731 0.0215704 0.0329005 0.0385114 0.0179555 0.0273345 0.0273959 0.0273133 0.0388851 0.0235851 0.0179098 0.0273252 0.0235882 0.0365999 0.0385563 0.0386706 0.0179361 0.0270686 0.0403396 0.0403763 0.0462084 0.0198420 0.0385444 0.0275292 0.0446030 0.0274184 0.0273709 0.0000000 0.0352361 0.0403660 0.0234210 0.0446791 0.0292242 0.0253382 0.0254578 0.0292257 0.0198315 0.0293423 0.0385294 0.0162515 0.0252922 0.0179171 0.0348184 0.1561148 0.0384269 0.0254986 0.0178965 0.0238745 1.8866629 1.8905221 1.8737323 1.8871817 1.8773721 1.8729433 1.8634240 1.9056406 1.8739388 
EPI1594423|HA|A/Singapore/GP2364/2018|EPI_ISL_391579|A_/_H3N2          0.0237252 0.0349977 0.0143413 0.0255168 0.0351488 0.0408240 0.0275220 0.0143855 0.0236384 0.0235678 0.0370773 0.0198551 0.0274498 0.0235774 0.0218094 0.0368838 0.0329883 0.0330864 0.0274910 0.0348771 0.0368443 0.0387975 0.0446447 0.0312353 0.0369567 0.0196952 0.0447935 0.0181263 0.0236171 0.0352361 0.0000000 0.0426981 0.0292226 0.0491781 0.0273847 0.0235705 0.0217271 0.0235622 0.0311763 0.0180537 0.0330501 0.0295292 0.0273346 0.0274616 0.0389824 0.1752728 0.0368433 0.0217619 0.0274292 0.0144876 1.8711040 1.8718184 1.8552386 1.8716140 1.8696040 1.8575092 1.8492216 1.8867924 1.8554526 
EPI1315673|HA|A/Zaragoza/1528894/2018|EPI_ISL_330683|A_/_H3N2          0.0407333 0.0177708 0.0348367 0.0307044 0.0106452 0.0160237 0.0384440 0.0328507 0.0405837 0.0404592 0.0253415 0.0388077 0.0383422 0.0404802 0.0366546 0.0142130 0.0160426 0.0197770 0.0383998 0.0234003 0.0178014 0.0178166 0.0233192 0.0421736 0.0197114 0.0407821 0.0328107 0.0367299 0.0405458 0.0403660 0.0426981 0.0000000 0.0400950 0.0430479 0.0425297 0.0327091 0.0385707 0.0404490 0.0402085 0.0367283 0.0233443 0.0387510 0.0381835 0.0383594 0.0309511 0.1517683 0.0159881 0.0386321 0.0345714 0.0350181 1.8524191 1.8530714 1.8420252 1.8529218 1.8508820 1.8388925 1.8266057 1.8679733 1.8422461 
EPI1173524|HA|A/England/80220360/2018|EPI_ISL_298073|A_/_H3N2          0.0180363 0.0344207 0.0252652 0.0123839 0.0326816 0.0382533 0.0160420 0.0215359 0.0215837 0.0215200 0.0328182 0.0216096 0.0160016 0.0215283 0.0197735 0.0343952 0.0344728 0.0345742 0.0142064 0.0268916 0.0362395 0.0362719 0.0420034 0.0214917 0.0307530 0.0216875 0.0346757 0.0179102 0.0215645 0.0234210 0.0292226 0.0400950 0.0000000 0.0510076 0.0252858 0.0196089 0.0196996 0.0233856 0.0159937 0.0234774 0.0344481 0.0216640 0.0177473 0.0160080 0.0326308 0.1692064 0.0343576 0.0197309 0.0159898 0.0255143 1.9013675 1.9021864 1.8804553 1.9018914 1.8999206 1.8876017 1.8749416 1.9173420 1.8589895 
EPI1337103|HA|A/Sundsvall/1/2018|EPI_ISL_334183|A_/_H3N2               0.0412993 0.0431298 0.0405246 0.0471280 0.0413950 0.0433039 0.0465240 0.0411512 0.0451356 0.0410182 0.0276104 0.0366785 0.0463979 0.0411758 0.0411111 0.0374958 0.0433552 0.0434860 0.0464687 0.0374172 0.0432078 0.0452170 0.0452338 0.0473057 0.0433420 0.0453596 0.0391412 0.0411968 0.0450925 0.0446791 0.0491781 0.0430479 0.0510076 0.0000000 0.0374391 0.0395067 0.0430694 0.0449827 0.0432359 0.0451672 0.0450714 0.0408890 0.0490046 0.0464195 0.0475896 0.1669575 0.0432075 0.0431388 0.0424398 0.0434356 1.7956004 1.7960623 1.7876060 1.7960762 1.7939659 1.7823871 1.7705711 1.8106219 1.7856407 
EPI1337095|HA|A/Linkoping/58/2018|EPI_ISL_334182|A_/_H3N2              0.0143275 0.0348500 0.0234495 0.0216257 0.0350000 0.0406601 0.0235847 0.0197317 0.0179462 0.0142341 0.0311006 0.0179682 0.0235237 0.0142853 0.0161421 0.0329785 0.0368148 0.0330814 0.0235587 0.0309139 0.0366915 0.0386393 0.0444717 0.0291702 0.0368032 0.0180324 0.0348238 0.0197916 0.0179303 0.0292242 0.0273847 0.0425297 0.0252858 0.0374391 0.0000000 0.0198971 0.0160819 0.0215764 0.0272041 0.0216609 0.0367886 0.0255489 0.0253122 0.0235336 0.0311245 0.1670728 0.0366905 0.0161075 0.0235061 0.0236821 1.8678538 1.8685598 1.8519452 1.8683643 1.8663422 1.8542244 1.8417947 1.8869201 1.8521622 
EPI1188953|HA|A/England/80420847/2018|EPI_ISL_301474|A_/_H3N2          0.0179776 0.0270951 0.0197046 0.0160091 0.0290382 0.0308763 0.0179054 0.0142525 0.0179125 0.0178600 0.0234651 0.0179345 0.0178599 0.0161713 0.0161118 0.0254117 0.0271363 0.0272167 0.0178861 0.0214483 0.0289070 0.0289325 0.0345954 0.0233890 0.0271271 0.0179984 0.0308998 0.0160808 0.0178967 0.0253382 0.0235705 0.0327091 0.0196089 0.0395067 0.0198971 0.0000000 0.0160519 0.0178558 0.0214788 0.0179253 0.0308093 0.0198107 0.0177859 0.0178672 0.0253064 0.1535805 0.0270446 0.0124767 0.0178467 0.0199014 1.8482117 1.8488478 1.8324859 1.8487109 1.8466717 1.8347489 1.8225334 1.8636798 1.8327105 
EPI1189308|HA|A/England/80520648/2018|EPI_ISL_301542|A_/_H3N2          0.0125022 0.0309728 0.0178872 0.0160828 0.0311046 0.0367152 0.0179885 0.0142298 0.0124570 0.0124209 0.0291880 0.0124728 0.0179426 0.0124249 0.0106710 0.0328366 0.0329112 0.0330091 0.0179690 0.0270946 0.0328014 0.0347249 0.0404907 0.0234986 0.0329005 0.0125165 0.0328973 0.0142729 0.0124462 0.0254578 0.0217271 0.0385707 0.0196996 0.0430694 0.0160819 0.0160519 0.0000000 0.0160467 0.0215787 0.0161090 0.0328872 0.0199033 0.0197203 0.0179499 0.0310564 0.1634179 0.0328001 0.0106484 0.0179292 0.0180669 1.8661452 1.8668400 1.8503658 1.8666510 1.8646417 1.8542279 1.8403031 1.8817297 1.8505815 
EPI1203826|HA|A/England/80900492/2018|EPI_ISL_304782|A_/_H3N2          0.0179716 0.0328297 0.0196980 0.0197448 0.0329698 0.0385911 0.0216832 0.0160271 0.0179066 0.0178541 0.0310456 0.0179285 0.0216275 0.0161156 0.0161066 0.0346973 0.0347762 0.0348795 0.0216595 0.0289325 0.0346602 0.0365909 0.0423749 0.0272358 0.0347651 0.0179924 0.0386185 0.0160756 0.0178908 0.0292257 0.0235622 0.0404490 0.0233856 0.0449827 0.0215764 0.0178558 0.0160467 0.0000000 0.0252881 0.0179194 0.0347512 0.0236281 0.0215374 0.0216365 0.0329180 0.1646368 0.0346591 0.0160721 0.0216114 0.0198947 1.8276333 1.8281988 1.8120678 1.8281219 1.8260626 1.8143178 1.8023020 1.8428699 1.8123021 
EPI1392930|HA|A/England/754/2018|EPI_ISL_347143|A_/_H3N2               0.0235643 0.0363822 0.0271812 0.0177783 0.0327729 0.0383613 0.0178970 0.0234265 0.0234786 0.0234089 0.0309359 0.0235065 0.0178516 0.0234183 0.0197980 0.0349922 0.0364374 0.0365449 0.0178778 0.0269652 0.0382092 0.0382435 0.0400985 0.0160567 0.0326967 0.0235919 0.0366529 0.0234978 0.0234576 0.0198315 0.0311763 0.0402085 0.0159937 0.0432359 0.0272041 0.0214788 0.0215787 0.0252881 0.0000000 0.0253877 0.0364117 0.0180657 0.0214405 0.0178589 0.0332082 0.1617163 0.0363156 0.0216130 0.0178384 0.0255851 1.8436780 1.8442967 1.8280301 1.8441735 1.8421350 1.8302841 1.8181452 1.8590525 1.8282561 
EPI1796769|HA|A/England/190161213/2018|EPI_ISL_513957|A_/_H3N2         0.0180420 0.0291478 0.0142670 0.0198220 0.0292715 0.0348745 0.0217686 0.0106401 0.0179764 0.0179235 0.0311695 0.0179985 0.0217124 0.0179301 0.0161693 0.0310088 0.0310793 0.0311718 0.0217447 0.0290468 0.0309754 0.0328929 0.0386434 0.0254348 0.0310690 0.0180629 0.0387740 0.0143019 0.0179605 0.0293423 0.0180537 0.0367283 0.0234774 0.0451672 0.0216609 0.0179253 0.0161090 0.0179194 0.0253877 0.0000000 0.0310562 0.0237217 0.0216217 0.0217215 0.0330496 0.1622418 0.0309740 0.0161346 0.0180650 0.0144119 1.8657354 1.8664307 1.8499162 1.8662424 1.8642274 1.8521837 1.8324472 1.8813584 1.8501331 
EPI1275634|HA|A/Swansea/0699/2018|EPI_ISL_321581|A_/_H3N2              0.0349941 0.0196063 0.0291838 0.0251553 0.0161000 0.0215378 0.0327810 0.0290460 0.0348658 0.0347598 0.0254324 0.0349043 0.0326951 0.0347765 0.0330129 0.0178388 0.0178786 0.0179315 0.0327439 0.0252619 0.0196402 0.0196570 0.0251883 0.0364808 0.0178721 0.0350358 0.0329291 0.0329464 0.0348337 0.0385294 0.0330501 0.0233443 0.0344481 0.0450714 0.0367886 0.0308093 0.0328872 0.0347512 0.0364117 0.0310562 0.0000000 0.0369041 0.0289190 0.0327094 0.0347305 0.1657700 0.0178179 0.0329396 0.0326708 0.0331758 1.8438825 1.8445059 1.8335048 1.8443811 1.8423293 1.8303884 1.8181591 1.8593740 1.8337296 
EPI1311774|HA|A/Sydney/22/2018|EPI_ISL_330026|A_/_H3N2                 0.0218878 0.0368738 0.0217108 0.0180137 0.0273105 0.0368871 0.0124762 0.0217588 0.0180009 0.0217425 0.0331619 0.0180531 0.0161519 0.0217511 0.0180550 0.0349684 0.0369305 0.0370408 0.0161757 0.0272207 0.0387255 0.0387608 0.0446127 0.0218229 0.0369188 0.0219135 0.0388302 0.0218255 0.0217880 0.0162515 0.0295292 0.0387510 0.0216640 0.0408890 0.0255489 0.0198107 0.0199033 0.0236281 0.0180657 0.0237217 0.0369041 0.0000000 0.0235345 0.0161585 0.0331751 0.1566861 0.0368054 0.0199352 0.0161399 0.0219878 1.8840991 1.8848582 1.8681464 1.8846150 1.8826208 1.8704228 1.8578983 1.8999187 1.8683557 
EPI1613517|HA|A/Perth/4/2018|EPI_ISL_396452|A_/_H3N2                   0.0216850 0.0325340 0.0234070 0.0177553 0.0307945 0.0363471 0.0178737 0.0196961 0.0216063 0.0179089 0.0309231 0.0216322 0.0178284 0.0215509 0.0197943 0.0325100 0.0325832 0.0326791 0.0142244 0.0250416 0.0343481 0.0343786 0.0400829 0.0233470 0.0325727 0.0217103 0.0384662 0.0197558 0.0215871 0.0252922 0.0273346 0.0381835 0.0177473 0.0490046 0.0253122 0.0177859 0.0197203 0.0215374 0.0214405 0.0216217 0.0289190 0.0235345 0.0000000 0.0178356 0.0307474 0.1658949 0.0324742 0.0197516 0.0178152 0.0236388 1.8572348 1.8579001 1.8414889 1.8577371 1.8557139 1.8437501 1.8314855 1.8727550 1.8417088 
EPI1613693|HA|A/South_Australia/117/2018|EPI_ISL_396474|A_/_H3N2       0.0199031 0.0326835 0.0197435 0.0141980 0.0309366 0.0365147 0.0106365 0.0197866 0.0198307 0.0197721 0.0310663 0.0161190 0.0106100 0.0197796 0.0180174 0.0326594 0.0327332 0.0328300 0.0106254 0.0251561 0.0345058 0.0345366 0.0402678 0.0197459 0.0327226 0.0199263 0.0366811 0.0198469 0.0198131 0.0179171 0.0274616 0.0383594 0.0160080 0.0464195 0.0235336 0.0178672 0.0179499 0.0216365 0.0178589 0.0217215 0.0327094 0.0161585 0.0178356 0.0000000 0.0308890 0.1690483 0.0326232 0.0179785 0.0106022 0.0237487 1.8832738 1.8840297 1.8673421 1.8837892 1.8817955 1.8696157 1.8571107 1.8990712 1.8675512 
EPI1614141|HA|A/South_Australia/22/2018|EPI_ISL_396530|A_/_H3N2        0.0331480 0.0271751 0.0348565 0.0270633 0.0272755 0.0291158 0.0309565 0.0291959 0.0330264 0.0292455 0.0331197 0.0330633 0.0308756 0.0329416 0.0292928 0.0233532 0.0272165 0.0235026 0.0309217 0.0252782 0.0289920 0.0270870 0.0346967 0.0365976 0.0310094 0.0331874 0.0407642 0.0311124 0.0329960 0.0348184 0.0389824 0.0309511 0.0326308 0.0475896 0.0311245 0.0253064 0.0310564 0.0329180 0.0332082 0.0330496 0.0347305 0.0331751 0.0307474 0.0308890 0.0000000 0.1626147 0.0271243 0.0311060 0.0308526 0.0333107 1.8652473 1.8759404 1.8592863 1.8757234 1.8737136 1.8615635 1.8490942 1.8943253 1.8594995 
EPI1614493|HA|A/South_Australia/85/2018|EPI_ISL_396574|A_/_H3N2        0.1670018 0.1504146 0.1601653 0.1653461 0.1510118 0.1507562 0.1634412 0.1606348 0.1634483 0.1688873 0.1593368 0.1669505 0.1607279 0.1614131 0.1641114 0.1536353 0.1579639 0.1584220 0.1643794 0.1539819 0.1504081 0.1600691 0.1599443 0.1570755 0.1611923 0.1627945 0.1676307 0.1639731 0.1641531 0.1561148 0.1752728 0.1517683 0.1692064 0.1669575 0.1670728 0.1535805 0.1634179 0.1646368 0.1617163 0.1622418 0.1657700 0.1566861 0.1658949 0.1690483 0.1626147 0.0000000 0.1525849 0.1566348 0.1688078 0.1601403 1.8441900 1.8390074 1.8286132 1.8554846 1.8267921 1.8309731 1.8134300 1.8667339 1.8288390 
EPI1614485|HA|A/South_Australia/82/2018|EPI_ISL_396573|A_/_H3N2        0.0349007 0.0123436 0.0291066 0.0250897 0.0124192 0.0142045 0.0326944 0.0271613 0.0347731 0.0346676 0.0216863 0.0348114 0.0326090 0.0346842 0.0329251 0.0105891 0.0106124 0.0142720 0.0326576 0.0215415 0.0123647 0.0123751 0.0177978 0.0363844 0.0142246 0.0349422 0.0291189 0.0328590 0.0347411 0.0384269 0.0368433 0.0159881 0.0343576 0.0432075 0.0366905 0.0270446 0.0328001 0.0346591 0.0363156 0.0309740 0.0178179 0.0368054 0.0324742 0.0326232 0.0271243 0.1525849 0.0000000 0.0328522 0.0325849 0.0330872 1.8446323 1.8452584 1.8342494 1.8451315 1.8430800 1.8311304 1.8188914 1.8601347 1.8344739 
EPI1614597|HA|A/Sydney/1000/2018|EPI_ISL_396587|A_/_H3N2               0.0125221 0.0310222 0.0179156 0.0161083 0.0311544 0.0367738 0.0180172 0.0142524 0.0124768 0.0124405 0.0292347 0.0124926 0.0179712 0.0124446 0.0106880 0.0328889 0.0329638 0.0330619 0.0179977 0.0271376 0.0328536 0.0347802 0.0405552 0.0235361 0.0329530 0.0125365 0.0329497 0.0142956 0.0124660 0.0254986 0.0217619 0.0386321 0.0197309 0.0431388 0.0161075 0.0124767 0.0106484 0.0160721 0.0216130 0.0161346 0.0329396 0.0199352 0.0197516 0.0179785 0.0311060 0.1566348 0.0328522 0.0000000 0.0179578 0.0180959 1.8740292 1.8747525 1.8581665 1.8745398 1.8725359 1.8604355 1.8480182 1.8897248 1.8621719 
EPI1328675|HA|A/Christchurch/522/2018|EPI_ISL_332736|A_/_H3N2          0.0198800 0.0326450 0.0197207 0.0141818 0.0271909 0.0364713 0.0106245 0.0197638 0.0198077 0.0197492 0.0272446 0.0161005 0.0105980 0.0197567 0.0179965 0.0326209 0.0326946 0.0327911 0.0106134 0.0251269 0.0344651 0.0344958 0.0383726 0.0197231 0.0326840 0.0199031 0.0328116 0.0198239 0.0197901 0.0178965 0.0274292 0.0345714 0.0159898 0.0424398 0.0235061 0.0178467 0.0179292 0.0216114 0.0178384 0.0180650 0.0326708 0.0161399 0.0178152 0.0106022 0.0308526 0.1688078 0.0325849 0.0179578 0.0000000 0.0237208 1.8535781 1.8542318 1.8401494 1.8540792 1.8520486 1.8400914 1.8278372 1.8690900 1.8380497 
EPI1631894|HA|A/Newcastle/82/2018|EPI_ISL_398938|A_/_H3N2              0.0200320 0.0312466 0.0107330 0.0218245 0.0275494 0.0331609 0.0238007 0.0107659 0.0199587 0.0198994 0.0332975 0.0162102 0.0237386 0.0199070 0.0162268 0.0312545 0.0292593 0.0293466 0.0237742 0.0273372 0.0330885 0.0350267 0.0408346 0.0274999 0.0331893 0.0180972 0.0409724 0.0144697 0.0199409 0.0238745 0.0144876 0.0350181 0.0255143 0.0434356 0.0236821 0.0199014 0.0180669 0.0198947 0.0255851 0.0144119 0.0331758 0.0219878 0.0236388 0.0237487 0.0333107 0.1601403 0.0330872 0.0180959 0.0237208 0.0000000 1.8619555 1.8685275 1.8519798 1.8624618 1.8663188 1.8483980 1.8418698 1.8834798 1.8521959 
EPI1158115|HA|A/Catalonia/NSVH100752088/2018|EPI_ISL_295029|A_/_H1N1   1.8480779 1.8548292 1.8325608 1.8925583 1.8407188 1.8191249 1.8477785 1.8428363 1.8343928 1.8372450 1.8092054 1.8600381 1.8697847 1.8376998 1.8800718 1.8385183 1.8430443 1.8455133 1.8570593 1.8499573 1.8372548 1.8166362 1.8234363 1.8829226 1.8204424 1.8503551 1.8107060 1.8669691 1.8830277 1.8866629 1.8711040 1.8524191 1.9013675 1.7956004 1.8678538 1.8482117 1.8661452 1.8276333 1.8436780 1.8657354 1.8438825 1.8840991 1.8572348 1.8832738 1.8652473 1.8441900 1.8446323 1.8740292 1.8535781 1.8619555 0.0000000 0.0124792 0.0160348 0.0142514 0.0124025 0.0124501 0.0124753 0.0197731 0.0160044 
EPI1310082|HA|A/Northern_Ireland/16810/2018|EPI_ISL_329757|A_/_H1N1    1.8487131 1.8554907 1.8331434 1.8933463 1.8413306 1.8196648 1.8484127 1.8434532 1.8349821 1.8378435 1.8097117 1.8607144 1.8704934 1.8382990 1.8808180 1.8391241 1.8436648 1.8560496 1.8577243 1.8506020 1.8378568 1.8235087 1.8239907 1.8836771 1.8209859 1.8509980 1.8112164 1.8676707 1.8837832 1.8905221 1.8718184 1.8530714 1.9021864 1.7960623 1.8685598 1.8488478 1.8668400 1.8281988 1.8442967 1.8664307 1.8445059 1.8848582 1.8579001 1.8840297 1.8759404 1.8390074 1.8452584 1.8747525 1.8542318 1.8685275 0.0124792 0.0000000 0.0142667 0.0143375 0.0106409 0.0106686 0.0107033 0.0179931 0.0142396 
EPI1313536|HA|A/Cardiff/4607/2018|EPI_ISL_330359|A_/_H1N1              1.8323530 1.8444133 1.8222732 1.8765691 1.8303781 1.8088408 1.8320661 1.8271511 1.8187544 1.8215992 1.8012051 1.8442355 1.8539301 1.8220722 1.8641277 1.8281583 1.8326687 1.8449616 1.8413065 1.8395595 1.8268940 1.8126558 1.8182380 1.8669971 1.8101638 1.8346257 1.8027214 1.8463504 1.8670868 1.8737323 1.8552386 1.8420252 1.8804553 1.7876060 1.8519452 1.8324859 1.8503658 1.8120678 1.8280301 1.8499162 1.8335048 1.8681464 1.8414889 1.8673421 1.8592863 1.8286132 1.8342494 1.8581665 1.8401494 1.8519798 0.0160348 0.0142667 0.0000000 0.0196892 0.0141790 0.0178705 0.0142622 0.0215775 0.0141785 
EPI1318120|HA|A/Swansea/2666/2018|EPI_ISL_331112|A_/_H1N1              1.8485766 1.8553338 1.8330521 1.8930780 1.8412154 1.8196119 1.8482772 1.8433321 1.8348855 1.8377387 1.8096872 1.8605428 1.8702930 1.8381930 1.8805866 1.8390150 1.8435425 1.8558909 1.8575618 1.8504594 1.8377513 1.8234447 1.8239253 1.8834377 1.8209292 1.8508550 1.8111876 1.8674782 1.8835433 1.8871817 1.8716140 1.8529218 1.9018914 1.7960762 1.8683643 1.8487109 1.8666510 1.8281219 1.8441735 1.8662424 1.8443811 1.8846150 1.8577371 1.8837892 1.8757234 1.8554846 1.8451315 1.8745398 1.8540792 1.8624618 0.0142514 0.0143375 0.0196892 0.0000000 0.0160196 0.0160815 0.0161141 0.0234766 0.0196515 
EPI1328481|HA|A/Abertillery/6649/2018|EPI_ISL_332689|A_/_H1N1          1.8465383 1.8532946 1.8309963 1.8910962 1.8391641 1.8175306 1.8462388 1.8412886 1.8328301 1.8356881 1.8075962 1.8585185 1.8682826 1.8361458 1.8785845 1.8369559 1.8414895 1.8538516 1.8555373 1.8484141 1.8356895 1.8213676 1.8218493 1.8706127 1.8188525 1.8488198 1.8091027 1.8654588 1.8815480 1.8773721 1.8696040 1.8508820 1.8999206 1.7939659 1.8663422 1.8466717 1.8646417 1.8260626 1.8421350 1.8642274 1.8423293 1.8826208 1.8557139 1.8817955 1.8737136 1.8267921 1.8430800 1.8725359 1.8520486 1.8663188 0.0124025 0.0106409 0.0141790 0.0160196 0.0000000 0.0142170 0.0106376 0.0178816 0.0141523 
EPI1354827|HA|A/Switzerland/8061/2018|EPI_ISL_338116|A_/_H1N1          1.8346160 1.8412703 1.8191996 1.8788463 1.8272771 1.8057857 1.8343274 1.8294112 1.8210117 1.8238562 1.7959322 1.8465034 1.8562005 1.8243263 1.8664050 1.8250549 1.8295541 1.8418164 1.8435687 1.8364289 1.8237916 1.8095908 1.8100666 1.8692700 1.8071083 1.8368881 1.7974526 1.8533705 1.8693619 1.8729433 1.8575092 1.8388925 1.8876017 1.7823871 1.8542244 1.8347489 1.8542279 1.8143178 1.8302841 1.8521837 1.8303884 1.8704228 1.8437501 1.8696157 1.8615635 1.8309731 1.8311304 1.8604355 1.8400914 1.8483980 0.0124501 0.0106686 0.0178705 0.0160815 0.0142170 0.0000000 0.0143007 0.0216360 0.0178364 
EPI2184776|HA|A/Catalonia/NSVH100809538/2018|EPI_ISL_15083894|A_/_H1N1 1.8224019 1.8289467 1.8071272 1.8662628 1.8151050 1.7937774 1.8221237 1.8172472 1.8089149 1.8117430 1.7840164 1.8341847 1.8438055 1.8122250 1.8539018 1.8128706 1.8173308 1.8294811 1.8312994 1.8241483 1.8116117 1.7975469 1.7980168 1.8567712 1.7951001 1.8246614 1.7855490 1.8409715 1.8568504 1.8634240 1.8492216 1.8266057 1.8749416 1.7705711 1.8417947 1.8225334 1.8403031 1.8023020 1.8181452 1.8324472 1.8181591 1.8578983 1.8314855 1.8571107 1.8490942 1.8134300 1.8188914 1.8480182 1.8278372 1.8418698 0.0124753 0.0107033 0.0142622 0.0161141 0.0106376 0.0143007 0.0000000 0.0179875 0.0142352 
EPI1215686|HA|A/Sweden/15/2018|EPI_ISL_307076|A_/_H1N1                 1.8635447 1.8704277 1.8478648 1.9084452 1.8561400 1.8343628 1.8632315 1.8582450 1.8497252 1.8525948 1.8243373 1.8756240 1.8854570 1.8530327 1.8958692 1.8539575 1.8585284 1.8743275 1.8725857 1.8655057 1.8526905 1.8382350 1.8387229 1.8987126 1.8356789 1.8658338 1.8258196 1.8826498 1.8988328 1.9056406 1.8867924 1.8679733 1.9173420 1.8106219 1.8869201 1.8636798 1.8817297 1.8428699 1.8590525 1.8813584 1.8593740 1.8999187 1.8727550 1.8990712 1.8943253 1.8667339 1.8601347 1.8897248 1.8690900 1.8834798 0.0197731 0.0179931 0.0215775 0.0234766 0.0178816 0.0216360 0.0179875 0.0000000 0.0215360 
EPI1258963|HA|A/Dnipro/409/2018|EPI_ISL_315701|A_/_H1N1                1.8325778 1.8446326 1.8225030 1.8767753 1.8306041 1.8090783 1.8322908 1.8273785 1.8189858 1.8218290 1.7992048 1.8444548 1.8541453 1.8223014 1.8643387 1.8283862 1.8328939 1.8451821 1.8415266 1.8397818 1.8271220 1.8128912 1.8133683 1.8672063 1.8104000 1.8348492 1.8007210 1.8513128 1.8672962 1.8739388 1.8554526 1.8422461 1.8589895 1.7856407 1.8521622 1.8327105 1.8505815 1.8123021 1.8282561 1.8501331 1.8337296 1.8683557 1.8417088 1.8675512 1.8594995 1.8288390 1.8344739 1.8621719 1.8380497 1.8521959 0.0160044 0.0142396 0.0141785 0.0196515 0.0141523 0.0178364 0.0142352 0.0215360 0.0000000 
