29
EPI536466|HA|A/OKAYAMA/26/2013|EPI_ISL_164288|A_/_H3N2                            0.0000000 0.0179727 0.0160638 0.0270447 0.0331892 0.0270422 0.0386489 0.0216142 0.0349740 0.0271935 0.0217394 0.0290448 0.0215770 0.0290633 0.0343743 0.0123997 0.0159562 0.0141779 0.0234487 0.0179223 0.0220952 0.0143954 0.0331637 1.5124853 1.4997159 0.0142980 0.0179223 0.0142980 0.0000010 
EPI2579590|HA|A/Kamigoto/1247/2013|EPI_ISL_17730095|A_/_H3N2                      0.0179727 0.0000000 0.0160970 0.0195813 0.0254858 0.0178075 0.0291171 0.0142276 0.0272573 0.0196872 0.0143094 0.0215060 0.0142030 0.0215193 0.0305342 0.0179523 0.0215615 0.0197573 0.0233909 0.0106181 0.0145501 0.0181289 0.0254671 1.5075516 1.4948169 0.0070593 0.0106181 0.0070593 0.0179727 
EPI1633401|HA|A/Singapore/G2-10.1/2013|EPI_ISL_399300|A_/_H3N2                    0.0160638 0.0160970 0.0000000 0.0232900 0.0311920 0.0251168 0.0366274 0.0197168 0.0310937 0.0252563 0.0180972 0.0270965 0.0196829 0.0233981 0.0305614 0.0142474 0.0178251 0.0160363 0.0233788 0.0160519 0.0201569 0.0162035 0.0311683 1.5111704 1.4984108 0.0124502 0.0160519 0.0124502 0.0160638 
EPI684821|HA|A/Thailand/CU-A459/2013|EPI_ISL_205372|A_/_H3N2                      0.0270447 0.0195813 0.0232900 0.0000000 0.0309800 0.0249493 0.0363793 0.0195852 0.0327468 0.0250870 0.0196975 0.0269147 0.0231523 0.0269315 0.0359673 0.0233647 0.0269840 0.0288288 0.0324905 0.0195269 0.0200196 0.0272722 0.0346638 1.5085221 1.4953476 0.0123675 0.0195269 0.0123675 0.0270447 
EPI684816|HA|A/Thailand/CU-B8518/2013|EPI_ISL_205378|A_/_H3N2                     0.0331892 0.0254858 0.0311920 0.0309800 0.0000000 0.0309770 0.0427773 0.0217580 0.0370639 0.0311526 0.0218847 0.0330264 0.0291375 0.0330478 0.0460482 0.0294093 0.0331130 0.0350070 0.0387576 0.0254142 0.0260553 0.0334679 0.0410380 1.5469620 1.5339076 0.0180704 0.0254142 0.0180704 0.0331892 
EPI684799|HA|A/Thailand/CU-A24/2013|EPI_ISL_205427|A_/_H3N2                       0.0270422 0.0178075 0.0251168 0.0249493 0.0309770 0.0000000 0.0363754 0.0195837 0.0308571 0.0250848 0.0196960 0.0269123 0.0231504 0.0269291 0.0396377 0.0233628 0.0269816 0.0288261 0.0324873 0.0195255 0.0200181 0.0272697 0.0346602 1.5285098 1.5156141 0.0123667 0.0195255 0.0123667 0.0270422 
EPI684801|HA|A/Thailand/CU-B7992/2013|EPI_ISL_205428|A_/_H3N2                     0.0386489 0.0291171 0.0366274 0.0363793 0.0427773 0.0363754 0.0000000 0.0308909 0.0445675 0.0365823 0.0310705 0.0309348 0.0307914 0.0346973 0.0362315 0.0348549 0.0385602 0.0404608 0.0442175 0.0307984 0.0296498 0.0370412 0.0292982 1.5485773 1.5355066 0.0234404 0.0307984 0.0234404 0.0386489 
EPI684817|HA|A/Thailand/CU-B8525/2013|EPI_ISL_205435|A_/_H3N2                     0.0216142 0.0142276 0.0197168 0.0195852 0.0217580 0.0195837 0.0308909 0.0000000 0.0272630 0.0196911 0.0106886 0.0215104 0.0177921 0.0215236 0.0342005 0.0179559 0.0215659 0.0197829 0.0270481 0.0141879 0.0145530 0.0217997 0.0291655 1.5419331 1.5289117 0.0070606 0.0141879 0.0070606 0.0216142 
EPI684814|HA|A/Thailand/CU-B8236/2013|EPI_ISL_205434|A_/_H3N2                     0.0349740 0.0272573 0.0310937 0.0327468 0.0370639 0.0308571 0.0445675 0.0272630 0.0000000 0.0290882 0.0255057 0.0348027 0.0309052 0.0348254 0.0478187 0.0311927 0.0348938 0.0348368 0.0405381 0.0271810 0.0259908 0.0352655 0.0410204 1.5414521 1.5284478 0.0198397 0.0271810 0.0198397 0.0349740 
EPI684820|HA|A/Thailand/CU-H3574/2013|EPI_ISL_205437|A_/_H3N2                     0.0271935 0.0196872 0.0252563 0.0250870 0.0311526 0.0250848 0.0365823 0.0196911 0.0290882 0.0000000 0.0161072 0.0270621 0.0232778 0.0270791 0.0398618 0.0234926 0.0271322 0.0270887 0.0326700 0.0196323 0.0201301 0.0274234 0.0348575 1.5428079 1.5297789 0.0124336 0.0196323 0.0124336 0.0271935 
EPI684819|HA|A/Thailand/CU-A411/2013|EPI_ISL_205436|A_/_H3N2                      0.0217394 0.0143094 0.0180972 0.0196975 0.0218847 0.0196960 0.0310705 0.0106886 0.0255057 0.0161072 0.0000000 0.0216344 0.0178941 0.0216478 0.0343971 0.0180598 0.0216906 0.0235355 0.0272044 0.0142692 0.0146385 0.0219270 0.0293356 1.5171983 1.5043966 0.0071011 0.0142692 0.0071011 0.0217394 
EPI689433|HA|A/Fukuoka/DS-9/2013|EPI_ISL_206292|A_/_H3N2                          0.0290448 0.0215060 0.0270965 0.0269147 0.0330264 0.0269123 0.0309348 0.0215104 0.0348027 0.0270621 0.0216344 0.0000000 0.0142368 0.0106117 0.0342488 0.0253335 0.0289792 0.0308395 0.0290594 0.0214461 0.0219869 0.0292890 0.0292070 1.5188559 1.5060919 0.0142298 0.0214461 0.0142298 0.0290448 
EPI691404|HA|A/Tokyo/56-228/2013|EPI_ISL_206578|A_/_H3N2                          0.0215770 0.0142030 0.0196829 0.0231523 0.0291375 0.0231504 0.0307914 0.0177921 0.0309052 0.0232778 0.0178941 0.0142368 0.0000000 0.0106406 0.0304433 0.0215520 0.0251667 0.0233601 0.0233541 0.0141634 0.0181894 0.0217619 0.0253898 1.5222206 1.5123272 0.0105933 0.0141634 0.0105933 0.0215770 
EPI691439|HA|A/Tokyo/66-471v/2013|EPI_ISL_206613|A_/_H3N2                         0.0290633 0.0215193 0.0233981 0.0269315 0.0330478 0.0269291 0.0346973 0.0215236 0.0348254 0.0270791 0.0216478 0.0106117 0.0106406 0.0000000 0.0379884 0.0253494 0.0289976 0.0308592 0.0308511 0.0214593 0.0220008 0.0293077 0.0329716 1.5203923 1.5075625 0.0142384 0.0214593 0.0142384 0.0290633 
EPI466076|HA|A/MALAYSIA/4/2013|EPI_ISL_145309|A_/_H3N2                            0.0343743 0.0305342 0.0305614 0.0359673 0.0460482 0.0396377 0.0362315 0.0342005 0.0478187 0.0398618 0.0343971 0.0342488 0.0304433 0.0379884 0.0000000 0.0343317 0.0342696 0.0345324 0.0345234 0.0304502 0.0349244 0.0346566 0.0272698 1.4817936 1.4846256 0.0267938 0.0304502 0.0267938 0.0343743 
EPI500186|HA|A/Bursa/247/2013|EPI_ISL_153943|A_/_H3N2                             0.0123997 0.0179523 0.0142474 0.0233647 0.0294093 0.0233628 0.0348549 0.0179559 0.0311927 0.0234926 0.0180598 0.0253335 0.0215520 0.0253494 0.0343317 0.0000000 0.0105935 0.0123786 0.0234212 0.0160521 0.0183603 0.0162335 0.0331221 1.5095110 1.4967945 0.0106906 0.0160521 0.0106906 0.0123997 
EPI505142|HA|A/SAITAMA/138/2013|EPI_ISL_155834|A_/_H3N2                           0.0159562 0.0215615 0.0178251 0.0269840 0.0331130 0.0269816 0.0385602 0.0215659 0.0348938 0.0271322 0.0216906 0.0289792 0.0251667 0.0289976 0.0342696 0.0105935 0.0000000 0.0159291 0.0270488 0.0215013 0.0220448 0.0198565 0.0368332 1.5121038 1.4993740 0.0142664 0.0215013 0.0142664 0.0159562 
EPI499618|HA|A/Stockholm/29/2013|EPI_ISL_153718|A_/_H3N2                          0.0141779 0.0197573 0.0160363 0.0288288 0.0350070 0.0288261 0.0404608 0.0197829 0.0348368 0.0270887 0.0235355 0.0308395 0.0233601 0.0308592 0.0345324 0.0123786 0.0159291 0.0000000 0.0215687 0.0197020 0.0239167 0.0180453 0.0312098 1.5277591 1.5185956 0.0160752 0.0197020 0.0160752 0.0141779 
EPI503286|HA|A/England/651/2013|EPI_ISL_154749|A_/_H3N2                           0.0234487 0.0233909 0.0233788 0.0324905 0.0387576 0.0324873 0.0442175 0.0270481 0.0405381 0.0326700 0.0272044 0.0290594 0.0233541 0.0308511 0.0345234 0.0234212 0.0270488 0.0215687 0.0000000 0.0233257 0.0276376 0.0236488 0.0349400 1.5254567 1.5162916 0.0196826 0.0233257 0.0196826 0.0234487 
EPI566512|HA|A/Victoria/700/2013|EPI_ISL_172979|A_/_H3N2                          0.0179223 0.0106181 0.0160519 0.0195269 0.0254142 0.0195255 0.0307984 0.0141879 0.0271810 0.0196323 0.0142692 0.0214461 0.0141634 0.0214593 0.0304502 0.0160521 0.0215013 0.0197020 0.0233257 0.0000000 0.0145086 0.0180776 0.0253956 1.5155285 1.5027352 0.0070395 0.0000010 0.0070395 0.0179223 
EPI489302|HA|A/Brisbane/01/2013|EPI_ISL_151023|A_/_H3N2                           0.0220952 0.0145501 0.0201569 0.0200196 0.0260553 0.0200181 0.0296498 0.0145530 0.0259908 0.0201301 0.0146385 0.0219869 0.0181894 0.0220008 0.0349244 0.0183603 0.0220448 0.0239167 0.0276376 0.0145086 0.0000000 0.0144900 0.0218053 1.5049340 1.4922513 0.0072246 0.0145086 0.0072246 0.0220952 
EPI748130|HA|A/Auckland/21/2013|EPI_ISL_219277|A_/_H3N2                           0.0143954 0.0181289 0.0162035 0.0272722 0.0334679 0.0272697 0.0370412 0.0217997 0.0352655 0.0274234 0.0219270 0.0292890 0.0217619 0.0293077 0.0346566 0.0162335 0.0198565 0.0180453 0.0236488 0.0180776 0.0144900 0.0000000 0.0253708 1.5121485 1.4993827 0.0144234 0.0180776 0.0144234 0.0143954 
EPI748184|HA|A/South_Australia/2/2013|EPI_ISL_219304|A_/_H3N2                     0.0331637 0.0254671 0.0311683 0.0346638 0.0410380 0.0346602 0.0292982 0.0291655 0.0410204 0.0348575 0.0293356 0.0292070 0.0253898 0.0329716 0.0272698 0.0331221 0.0368332 0.0312098 0.0349400 0.0253956 0.0218053 0.0253708 0.0000000 1.4986334 1.4896629 0.0217096 0.0253956 0.0217096 0.0331637 
EPI419975|HA|A/Malmoe/1/2013|EPI_ISL_135096|A_/_H1N1                              1.5124853 1.5075516 1.5111704 1.5085221 1.5469620 1.5285098 1.5485773 1.5419331 1.5414521 1.5428079 1.5171983 1.5188559 1.5222206 1.5203923 1.4817936 1.5095110 1.5121038 1.5277591 1.5254567 1.5155285 1.5049340 1.5121485 1.4986334 0.0000000 0.0251461 1.4492589 1.5155285 1.4492589 1.4620095 
EPI2184453|HA|A/Catalonia/NSVH206354/2013|EPI_ISL_15083856|A_/_H1N1               1.4997159 1.4948169 1.4984108 1.4953476 1.5339076 1.5156141 1.5355066 1.5289117 1.5284478 1.5297789 1.5043966 1.5060919 1.5123272 1.5075625 1.4846256 1.4967945 1.4993740 1.5185956 1.5162916 1.5027352 1.4922513 1.4993827 1.4896629 0.0251461 0.0000000 1.4372975 1.5027352 1.4372975 1.4498827 
H3N2_2013_Consensus_Aligned                                                       0.0142980 0.0070593 0.0124502 0.0123675 0.0180704 0.0123667 0.0234404 0.0070606 0.0198397 0.0124336 0.0071011 0.0142298 0.0105933 0.0142384 0.0267938 0.0106906 0.0142664 0.0160752 0.0196826 0.0070395 0.0072246 0.0144234 0.0217096 1.4492589 1.4372975 0.0000000 0.0070395 0.0000010 0.0140763 
H3N2_2013_Medoid_Aligned|EPI566512|HA|A/Victoria/700/2013|EPI_ISL_172979|A_/_H3N2 0.0179223 0.0106181 0.0160519 0.0195269 0.0254142 0.0195255 0.0307984 0.0141879 0.0271810 0.0196323 0.0142692 0.0214461 0.0141634 0.0214593 0.0304502 0.0160521 0.0215013 0.0197020 0.0233257 0.0000010 0.0145086 0.0180776 0.0253956 1.5155285 1.5027352 0.0070395 0.0000000 0.0070395 0.0179223 
H3N2_2013_Ancestral_Aligned_Node10                                                0.0142980 0.0070593 0.0124502 0.0123675 0.0180704 0.0123667 0.0234404 0.0070606 0.0198397 0.0124336 0.0071011 0.0142298 0.0105933 0.0142384 0.0267938 0.0106906 0.0142664 0.0160752 0.0196826 0.0070395 0.0072246 0.0144234 0.0217096 1.4492589 1.4372975 0.0000010 0.0070395 0.0000000 0.0140763 
H3N2_2013_COBRA_Aligned                                                           0.0000010 0.0179727 0.0160638 0.0270447 0.0331892 0.0270422 0.0386489 0.0216142 0.0349740 0.0271935 0.0217394 0.0290448 0.0215770 0.0290633 0.0343743 0.0123997 0.0159562 0.0141779 0.0234487 0.0179223 0.0220952 0.0143954 0.0331637 1.4620095 1.4498827 0.0140763 0.0179223 0.0140763 0.0000000 
