31
EPI534966|HA|A/Ho_Chi_Minh/459.6/2010|EPI_ISL_163974|A_/_H3N2                          0.0000000 0.0769997 0.0747598 0.0787063 0.0813689 0.0788763 0.0765169 0.0889113 0.1111567 0.1001686 0.0922779 0.0890146 0.1110081 0.0790913 0.0774413 0.0768240 0.0675117 0.0752953 0.0753189 0.0713656 0.0807440 0.0748654 0.0751569 1.3577832 1.3590949 1.3667627 1.3596088 0.0729408 0.0787063 0.0834855 0.0748654 
EPI534967|HA|A/Ho_Chi_Minh/518.6/2010|EPI_ISL_163975|A_/_H3N2                          0.0769997 0.0000000 0.0142438 0.0106067 0.0198172 0.0195775 0.0159771 0.0269578 0.0424389 0.0329395 0.0307189 0.0232741 0.0462924 0.0288307 0.0362922 0.0268937 0.0380332 0.0324824 0.0232368 0.0381429 0.0305436 0.0142408 0.0344245 1.3840833 1.3885195 1.3886340 1.3890383 0.0124519 0.0106067 0.0216734 0.0142408 
EPI534969|HA|A/Ho_Chi_Minh/552.7/2010|EPI_ISL_163977|A_/_H3N2                          0.0747598 0.0142438 0.0000000 0.0177822 0.0197766 0.0232346 0.0195380 0.0305689 0.0501231 0.0328711 0.0306558 0.0269473 0.0461954 0.0250919 0.0342978 0.0231834 0.0342253 0.0287179 0.0232886 0.0343235 0.0268060 0.0142119 0.0306351 1.3721548 1.3765666 1.3766924 1.3770833 0.0124267 0.0177822 0.0216289 0.0142119 
EPI534975|HA|A/Ho_Chi_Minh/612.7/2010|EPI_ISL_163983|A_/_H3N2                          0.0787063 0.0106067 0.0177822 0.0000000 0.0197566 0.0159623 0.0123583 0.0159777 0.0385326 0.0328096 0.0232626 0.0159591 0.0347533 0.0323939 0.0398727 0.0304418 0.0416048 0.0360474 0.0286753 0.0417247 0.0340950 0.0177783 0.0380009 1.3902922 1.3947275 1.3948355 1.3952457 0.0159892 0.0000010 0.0143103 0.0177783 
EPI534973|HA|A/Ho_Chi_Minh/607.7/2010|EPI_ISL_163981|A_/_H3N2                          0.0813689 0.0198172 0.0197766 0.0197566 0.0000000 0.0179442 0.0179090 0.0215002 0.0364120 0.0349465 0.0290116 0.0290272 0.0325900 0.0345588 0.0421243 0.0289095 0.0438679 0.0382507 0.0307953 0.0439955 0.0362701 0.0197722 0.0402310 1.3805075 1.3849390 1.3850571 1.3854576 0.0179630 0.0197566 0.0088299 0.0197722 
EPI534978|HA|A/Ho_Chi_Minh/632.8/2010|EPI_ISL_163986|A_/_H3N2                          0.0788763 0.0195775 0.0232346 0.0159623 0.0179442 0.0000000 0.0213635 0.0177794 0.0405489 0.0347132 0.0214339 0.0214615 0.0328854 0.0343038 0.0418180 0.0323367 0.0435511 0.0379711 0.0286566 0.0436769 0.0360046 0.0196213 0.0399374 1.3630334 1.3674229 1.3675566 1.3679373 0.0178252 0.0159623 0.0089139 0.0196213 
EPI534979|HA|A/Ho_Chi_Minh/638.8/2010|EPI_ISL_163987|A_/_H3N2                          0.0765169 0.0159771 0.0195380 0.0123583 0.0179090 0.0213635 0.0000000 0.0249921 0.0442616 0.0383255 0.0323868 0.0250331 0.0403886 0.0341502 0.0416304 0.0321925 0.0433563 0.0378012 0.0304298 0.0434811 0.0358440 0.0195337 0.0397583 1.3652093 1.3761890 1.3763150 1.3767051 0.0177455 0.0123583 0.0197493 0.0195337 
EPI534976|HA|A/Ho_Chi_Minh/626.8/2010|EPI_ISL_163984|A_/_H3N2                          0.0889113 0.0269578 0.0305689 0.0159777 0.0215002 0.0177794 0.0249921 0.0000000 0.0404608 0.0328249 0.0250783 0.0287713 0.0365519 0.0417809 0.0493976 0.0397655 0.0511268 0.0454844 0.0379899 0.0512755 0.0434719 0.0269187 0.0474914 1.4113119 1.4157854 1.4158710 1.4163058 0.0251064 0.0159777 0.0160876 0.0269187 
EPI534982|HA|A/Ho_Chi_Minh/660.8/2010|EPI_ISL_163990|A_/_H3N2                          0.1111567 0.0424389 0.0501231 0.0385326 0.0364120 0.0405489 0.0442616 0.0404608 0.0000000 0.0459719 0.0391637 0.0520300 0.0557877 0.0657342 0.0737767 0.0635390 0.0755102 0.0696022 0.0617246 0.0757368 0.0674139 0.0501098 0.0717614 1.4711097 1.4756712 1.4756802 1.4761903 0.0482220 0.0385326 0.0346476 0.0501098 
EPI534983|HA|A/Ho_Chi_Minh/718.8/2010|EPI_ISL_163991|A_/_H3N2                          0.1001686 0.0329395 0.0328711 0.0328096 0.0349465 0.0347132 0.0383255 0.0328249 0.0459719 0.0000000 0.0346983 0.0423527 0.0546246 0.0480373 0.0558200 0.0459599 0.0575629 0.0518103 0.0441610 0.0577329 0.0479632 0.0328632 0.0538721 1.4163281 1.4204760 1.4166064 1.4209950 0.0310170 0.0328096 0.0331641 0.0328632 
EPI534986|HA|A/Ho_Chi_Minh/854.10/2010|EPI_ISL_163994|A_/_H3N2                         0.0922779 0.0307189 0.0306558 0.0232626 0.0290116 0.0214339 0.0323868 0.0250783 0.0391637 0.0346983 0.0000000 0.0287913 0.0443148 0.0456205 0.0532979 0.0435781 0.0550266 0.0493467 0.0417978 0.0551873 0.0473083 0.0306486 0.0513764 1.4132745 1.4177369 1.4178200 1.4182556 0.0288257 0.0232626 0.0198150 0.0306486 
EPI534984|HA|A/Ho_Chi_Minh/721.8/2010|EPI_ISL_163992|A_/_H3N2                          0.0890146 0.0232741 0.0269473 0.0159591 0.0290272 0.0214615 0.0250331 0.0287713 0.0520300 0.0423527 0.0287913 0.0000000 0.0425725 0.0418190 0.0494446 0.0398011 0.0511757 0.0455266 0.0380237 0.0513247 0.0435117 0.0269411 0.0475361 1.4125021 1.4169778 1.4170620 1.4174982 0.0251271 0.0159591 0.0234890 0.0269411 
EPI534985|HA|A/Ho_Chi_Minh/722.8/2010|EPI_ISL_163993|A_/_H3N2                          0.1110081 0.0462924 0.0461954 0.0347533 0.0325900 0.0328854 0.0403886 0.0365519 0.0557877 0.0546246 0.0443148 0.0425725 0.0000000 0.0598909 0.0696840 0.0577293 0.0714199 0.0655474 0.0559158 0.0716334 0.0615815 0.0461834 0.0658693 1.4378965 1.4424243 1.4424782 1.4429467 0.0443058 0.0347533 0.0233770 0.0461834 
EPI439795|HA|A/Riyadh/01/2010|EPI_ISL_138843|A_/_H3N2                                  0.0790913 0.0288307 0.0250919 0.0323939 0.0345588 0.0343038 0.0341502 0.0417809 0.0657342 0.0480373 0.0456205 0.0418190 0.0598909 0.0000000 0.0269206 0.0123896 0.0268642 0.0214152 0.0124457 0.0269409 0.0159623 0.0177436 0.0124440 1.3362143 1.3405545 1.3450069 1.3410634 0.0159584 0.0323939 0.0364706 0.0177436 
EPI270353|HA|A/Taiwan/42/2010|EPI_ISL_76702|A_/_H3N2                                   0.0774413 0.0362922 0.0342978 0.0398727 0.0421243 0.0418180 0.0416304 0.0493976 0.0737767 0.0558200 0.0532979 0.0494446 0.0696840 0.0269206 0.0000000 0.0250007 0.0123728 0.0232361 0.0232883 0.0141953 0.0286318 0.0250117 0.0324811 1.3490226 1.3534077 1.3535538 1.3539219 0.0232090 0.0398727 0.0440695 0.0250117 
EPI457975|HA|A/Singapore/H2010.471C/2010|EPI_ISL_142982|A_/_H3N2                       0.0768240 0.0268937 0.0231834 0.0304418 0.0289095 0.0323367 0.0321925 0.0397655 0.0635390 0.0459599 0.0435781 0.0398011 0.0577293 0.0123896 0.0250007 0.0000000 0.0249487 0.0195329 0.0106144 0.0250195 0.0141182 0.0158900 0.0177948 1.3325686 1.3369110 1.3370691 1.3374201 0.0141147 0.0304418 0.0344748 0.0158900 
EPI309622|HA|A/Osaka/72/2010|EPI_ISL_87966|A_/_H3N2                                    0.0675117 0.0380332 0.0342253 0.0416048 0.0438679 0.0435511 0.0433563 0.0511268 0.0755102 0.0575629 0.0550266 0.0511757 0.0714199 0.0268642 0.0123728 0.0249487 0.0000000 0.0231878 0.0250616 0.0105938 0.0285720 0.0267473 0.0324126 1.3349725 1.3393221 1.3394786 1.3398321 0.0249468 0.0416048 0.0458138 0.0267473 
EPI301362|HA|A/England/4820166/2010|EPI_ISL_85727|A_/_H3N2                             0.0752953 0.0324824 0.0287179 0.0360474 0.0382507 0.0379711 0.0378012 0.0454844 0.0696022 0.0518103 0.0493467 0.0455266 0.0655474 0.0214152 0.0232361 0.0195329 0.0231878 0.0000000 0.0196212 0.0195826 0.0231323 0.0213218 0.0269145 1.3516382 1.3560189 1.3561626 1.3565326 0.0195314 0.0360474 0.0401753 0.0213218 
EPI309725|HA|A/England/270/2010|EPI_ISL_88034|A_/_H3N2                                 0.0753189 0.0232368 0.0232886 0.0286753 0.0307953 0.0286566 0.0304298 0.0379899 0.0617246 0.0441610 0.0417978 0.0380237 0.0559158 0.0124457 0.0232883 0.0106144 0.0250616 0.0196212 0.0000000 0.0251331 0.0141818 0.0141367 0.0178756 1.3402282 1.3445738 1.3447260 1.3450834 0.0123612 0.0286753 0.0326898 0.0141367 
EPI316874|HA|A/Malmoe/5/2010|EPI_ISL_90053|A_/_H3N2                                    0.0713656 0.0381429 0.0343235 0.0417247 0.0439955 0.0436769 0.0434811 0.0512755 0.0757368 0.0577329 0.0551873 0.0513247 0.0716334 0.0269409 0.0141953 0.0250195 0.0105938 0.0195826 0.0251331 0.0000000 0.0286533 0.0268233 0.0325055 1.3363695 1.3407210 1.3408764 1.3412312 0.0250176 0.0417247 0.0459474 0.0268233 
EPI294342|HA|A/SOUTH_AUSTRALIA/414/2010|EPI_ISL_83868|A_/_H3N2                         0.0807440 0.0305436 0.0268060 0.0340950 0.0362701 0.0360046 0.0358440 0.0434719 0.0674139 0.0479632 0.0473083 0.0435117 0.0615815 0.0159623 0.0286318 0.0141182 0.0285720 0.0231323 0.0141818 0.0286533 0.0000000 0.0194612 0.0213979 1.3296991 1.3340346 1.3341947 1.3345428 0.0176798 0.0340950 0.0381809 0.0194612 
EPI331336|HA|A/TOWNSVILLE/122/2010|EPI_ISL_94798|A_/_H3N2                              0.0748654 0.0142408 0.0142119 0.0177783 0.0197722 0.0196213 0.0195337 0.0269187 0.0501098 0.0328632 0.0306486 0.0269411 0.0461834 0.0177436 0.0250117 0.0158900 0.0267473 0.0213218 0.0141367 0.0268233 0.0194612 0.0000000 0.0231912 1.3191880 1.3235145 1.3236820 1.3240211 0.0017479 0.0177783 0.0215778 0.0000010 
EPI331440|HA|A/VICTORIA/1034/2010|EPI_ISL_94833|A_/_H3N2                               0.0751569 0.0344245 0.0306351 0.0380009 0.0402310 0.0399374 0.0397583 0.0474914 0.0717614 0.0538721 0.0513764 0.0475361 0.0658693 0.0124440 0.0324811 0.0177948 0.0324126 0.0269145 0.0178756 0.0325055 0.0213979 0.0231912 0.0000000 1.3456422 1.3500053 1.3544933 1.3505169 0.0213926 0.0380009 0.0421679 0.0231912 
EPI273891|HA|A/Dnipropetrovsk/445/2010|EPI_ISL_77716|A_/_H1N1                          1.3577832 1.3840833 1.3721548 1.3902922 1.3805075 1.3630334 1.3652093 1.4113119 1.4711097 1.4163281 1.4132745 1.4125021 1.4378965 1.3362143 1.3490226 1.3325686 1.3349725 1.3516382 1.3402282 1.3363695 1.3296991 1.3191880 1.3456422 0.0000000 0.0177415 0.0196418 0.0177679 1.2738029 1.3902922 1.3325811 1.2805608 
EPI295631|HA|A/Switzerland/3628824/2010|EPI_ISL_84242|A_/_H1N1                         1.3590949 1.3885195 1.3765666 1.3947275 1.3849390 1.3674229 1.3761890 1.4157854 1.4756712 1.4204760 1.4177369 1.4169778 1.4424243 1.3405545 1.3534077 1.3369110 1.3393221 1.3560189 1.3445738 1.3407210 1.3340346 1.3235145 1.3500053 0.0177415 0.0000000 0.0178434 0.0141820 1.2779704 1.3947275 1.3368473 1.2847643 
EPI369825|HA|A/England/193/2010|EPI_ISL_118458|A_/_H1N1                                1.3667627 1.3886340 1.3766924 1.3948355 1.3850571 1.3675566 1.3763150 1.4158710 1.4756802 1.4166064 1.4178200 1.4170620 1.4424782 1.3450069 1.3535538 1.3370691 1.3394786 1.3561626 1.3447260 1.3408764 1.3341947 1.3236820 1.3544933 0.0196418 0.0178434 0.0000000 0.0178701 1.2781583 1.3948355 1.3370027 1.2849504 
EPI369829|HA|A/England/67/2010|EPI_ISL_118462|A_/_H1N1                                 1.3596088 1.3890383 1.3770833 1.3952457 1.3854576 1.3679373 1.3767051 1.4163058 1.4761903 1.4209950 1.4182556 1.4174982 1.4429467 1.3410634 1.3539219 1.3374201 1.3398321 1.3565326 1.3450834 1.3412312 1.3345428 1.3240211 1.3505169 0.0177679 0.0141820 0.0178701 0.0000000 1.2862818 1.3952457 1.3454916 1.2931604 
H3N2_2010_Consensus_Aligned                                                            0.0729408 0.0124519 0.0124267 0.0159892 0.0179630 0.0178252 0.0177455 0.0251064 0.0482220 0.0310170 0.0288257 0.0251271 0.0443058 0.0159584 0.0232090 0.0141147 0.0249468 0.0195314 0.0123612 0.0250176 0.0176798 0.0017479 0.0213926 1.2738029 1.2779704 1.2781583 1.2862818 0.0000000 0.0159892 0.0193631 0.0017214 
H3N2_2010_Medoid_Aligned|EPI534975|HA|A/Ho_Chi_Minh/612.7/2010|EPI_ISL_163983|A_/_H3N2 0.0787063 0.0106067 0.0177822 0.0000010 0.0197566 0.0159623 0.0123583 0.0159777 0.0385326 0.0328096 0.0232626 0.0159591 0.0347533 0.0323939 0.0398727 0.0304418 0.0416048 0.0360474 0.0286753 0.0417247 0.0340950 0.0177783 0.0380009 1.3902922 1.3947275 1.3948355 1.3952457 0.0159892 0.0000000 0.0143103 0.0177783 
H3N2_2010_Ancestral_Aligned_Node9                                                      0.0834855 0.0216734 0.0216289 0.0143103 0.0088299 0.0089139 0.0197493 0.0160876 0.0346476 0.0331641 0.0198150 0.0234890 0.0233770 0.0364706 0.0440695 0.0344748 0.0458138 0.0401753 0.0326898 0.0459474 0.0381809 0.0215778 0.0421679 1.3325811 1.3368473 1.3370027 1.3454916 0.0193631 0.0143103 0.0000000 0.0212450 
H3N2_2010_COBRA_Aligned                                                                0.0748654 0.0142408 0.0142119 0.0177783 0.0197722 0.0196213 0.0195337 0.0269187 0.0501098 0.0328632 0.0306486 0.0269411 0.0461834 0.0177436 0.0250117 0.0158900 0.0267473 0.0213218 0.0141367 0.0268233 0.0194612 0.0000010 0.0231912 1.2805608 1.2847643 1.2849504 1.2931604 0.0017214 0.0177783 0.0212450 0.0000000 
