63
EPI1899327|HA|A/Thailand/B29296/2018|EPI_ISL_4064286|A_/_H3N2                       0.0000000 0.0330614 0.0198336 0.0143983 0.0332038 0.0388661 0.0199475 0.0161367 0.0143508 0.0106708 0.0274295 0.0143688 0.0180003 0.0143136 0.0125494 0.0349426 0.0350228 0.0351275 0.0199256 0.0291346 0.0349049 0.0368502 0.0426782 0.0255119 0.0350115 0.0144199 0.0311448 0.0161860 0.0143381 0.0274991 0.0237268 0.0407374 0.0180374 0.0413044 0.0143280 0.0179785 0.0125026 0.0179724 0.0235658 0.0180429 0.0349974 0.0218895 0.0216863 0.0199043 0.0331510 0.1670677 0.0349039 0.0125225 0.0198811 0.0200333 1.8524333 1.8530816 1.8366556 1.8529353 1.8509031 1.8389320 1.8266511 1.8679722 1.8368774 0.0089033 0.0143983 1.7542972 0.0198451 
EPI1899335|HA|A/Thailand/B30632/2018|EPI_ISL_4064287|A_/_H3N2                       0.0330614 0.0000000 0.0272859 0.0251377 0.0141989 0.0159861 0.0327574 0.0253489 0.0329403 0.0328402 0.0235026 0.0329769 0.0326714 0.0328557 0.0310934 0.0123585 0.0123859 0.0160619 0.0327202 0.0233455 0.0105587 0.0141483 0.0195853 0.0364541 0.0160086 0.0331008 0.0309503 0.0310310 0.0329098 0.0385010 0.0350009 0.0177713 0.0344229 0.0431351 0.0348529 0.0270967 0.0309750 0.0328321 0.0363847 0.0291500 0.0196069 0.0368774 0.0325358 0.0326858 0.0271768 0.1504668 0.0123438 0.0310245 0.0326471 0.0312494 1.8592444 1.8599192 1.8487968 1.8597520 1.8577193 1.8456455 1.8332542 1.8749158 1.8490135 0.0234938 0.0251377 1.7602019 0.0429856 
EPI1478195|HA|A/GUNMA/114/2018|EPI_ISL_361864|A_/_H3N2                              0.0198336 0.0272859 0.0000000 0.0216101 0.0274014 0.0292641 0.0197869 0.0106567 0.0197616 0.0197032 0.0292926 0.0123863 0.0197362 0.0197108 0.0179549 0.0291417 0.0253360 0.0254112 0.0179279 0.0271909 0.0291101 0.0310192 0.0330042 0.0272335 0.0291981 0.0143048 0.0331178 0.0143241 0.0197440 0.0272750 0.0143418 0.0348396 0.0252666 0.0405283 0.0234505 0.0197054 0.0178878 0.0196986 0.0271828 0.0142674 0.0291860 0.0217121 0.0234081 0.0197444 0.0348593 0.1602278 0.0291087 0.0179162 0.0197215 0.0107334 1.8368377 1.8374328 1.8265193 1.8373323 1.8352822 1.8234379 1.8112998 1.8522131 1.8267459 0.0106468 0.0216101 1.7399129 0.0333367 
EPI1310465|HA|A/Abu_Dhabi/014/2018|EPI_ISL_329832|A_/_H3N2                          0.0143983 0.0251377 0.0216101 0.0000000 0.0233925 0.0288854 0.0142285 0.0179082 0.0143218 0.0178951 0.0253633 0.0179700 0.0141926 0.0179018 0.0161437 0.0251194 0.0251758 0.0252501 0.0142133 0.0250433 0.0269382 0.0252128 0.0325768 0.0196572 0.0251671 0.0180344 0.0309104 0.0179626 0.0179321 0.0215715 0.0255186 0.0307061 0.0123842 0.0471344 0.0216268 0.0160096 0.0160833 0.0197457 0.0177788 0.0198231 0.0251565 0.0180147 0.0177557 0.0141983 0.0270647 0.1654069 0.0250908 0.0161090 0.0141822 0.0218260 1.8970978 1.8978999 1.8810541 1.8976200 1.8956455 1.8833438 1.8706911 1.9130590 1.8812580 0.0106711 0.0000010 1.7957715 0.0351864 
EPI1482887|HA|A/Taiwan/81051/2018|EPI_ISL_362647|A_/_H3N2                           0.0332038 0.0141989 0.0274014 0.0233925 0.0000000 0.0124474 0.0310067 0.0272712 0.0330816 0.0329807 0.0236510 0.0331186 0.0309253 0.0329964 0.0292138 0.0106463 0.0124622 0.0161618 0.0309716 0.0197762 0.0142234 0.0142355 0.0197069 0.0347092 0.0161079 0.0332436 0.0311474 0.0311635 0.0330509 0.0329032 0.0351523 0.0106455 0.0326839 0.0414005 0.0350032 0.0290402 0.0311071 0.0329725 0.0327753 0.0292739 0.0161007 0.0273125 0.0307964 0.0309388 0.0272774 0.1510654 0.0124195 0.0311569 0.0271926 0.0275518 1.8450575 1.8456821 1.8346858 1.8455573 1.8435121 1.8315768 1.8193384 1.8605504 1.8349087 0.0235921 0.0233925 1.7472935 0.0431764 
EPI1482879|HA|A/Taiwan/79795/2018|EPI_ISL_362646|A_/_H3N2                           0.0388661 0.0159861 0.0292641 0.0288854 0.0124474 0.0000000 0.0327993 0.0310124 0.0387231 0.0386041 0.0254897 0.0387646 0.0365011 0.0386239 0.0348069 0.0124304 0.0142535 0.0179711 0.0346503 0.0215906 0.0160137 0.0142083 0.0106072 0.0403228 0.0160505 0.0351336 0.0292766 0.0367846 0.0386868 0.0385147 0.0408281 0.0160242 0.0382562 0.0433096 0.0406640 0.0308784 0.0367183 0.0385944 0.0383642 0.0348775 0.0215388 0.0368906 0.0363495 0.0365175 0.0291178 0.1508090 0.0142049 0.0367770 0.0364740 0.0331640 1.8233791 1.8239313 1.8130645 1.8238696 1.8217940 1.8100019 1.7979283 1.8386880 1.8132984 0.0291333 0.0288854 1.7270323 0.0489674 
EPI1315822|HA|A/Philippines/44/2018|EPI_ISL_330736|A_/_H3N2                         0.0199475 0.0327574 0.0197869 0.0142285 0.0310067 0.0327993 0.0000000 0.0198303 0.0161077 0.0198157 0.0311372 0.0161542 0.0106326 0.0198233 0.0180573 0.0327330 0.0328073 0.0329046 0.0106481 0.0252117 0.0345838 0.0327034 0.0365353 0.0197894 0.0327966 0.0199709 0.0367656 0.0198910 0.0198569 0.0179564 0.0275243 0.0384471 0.0160426 0.0465295 0.0235862 0.0179062 0.0179894 0.0216845 0.0178977 0.0217701 0.0327833 0.0124766 0.0178743 0.0106368 0.0309587 0.1635016 0.0326967 0.0180181 0.0106247 0.0238026 1.8521353 1.8527825 1.8363705 1.8526371 1.8506052 1.8386450 1.8263748 1.8676602 1.8365921 0.0125321 0.0142285 1.7540803 0.0332390 
EPI1316661|HA|A/Maldives/1001/2018|EPI_ISL_330906|A_/_H3N2                          0.0161367 0.0253489 0.0106567 0.0179082 0.0272712 0.0310124 0.0198303 0.0000000 0.0160784 0.0160312 0.0273341 0.0160982 0.0197794 0.0160370 0.0142833 0.0271940 0.0272556 0.0273367 0.0198087 0.0252606 0.0271646 0.0290594 0.0347482 0.0234709 0.0235535 0.0161555 0.0348667 0.0106823 0.0160642 0.0273366 0.0143861 0.0328532 0.0215370 0.0411560 0.0197324 0.0142530 0.0142302 0.0160275 0.0234277 0.0106403 0.0290479 0.0217603 0.0196969 0.0197876 0.0291981 0.1606936 0.0271631 0.0142528 0.0197647 0.0107664 1.8471702 1.8478001 1.8314328 1.8476693 1.8456318 1.8337062 1.8214760 1.8626503 1.8316570 0.0070578 0.0179082 1.7494585 0.0331779 
EPI1319766|HA|A/Oman/3329/2018|EPI_ISL_331355|A_/_H3N2                              0.0143508 0.0329403 0.0197616 0.0143218 0.0330816 0.0387231 0.0161077 0.0160784 0.0000000 0.0142569 0.0311502 0.0143166 0.0198236 0.0142618 0.0125039 0.0348146 0.0348942 0.0349982 0.0198530 0.0290285 0.0347772 0.0349470 0.0425212 0.0254187 0.0348830 0.0143674 0.0348789 0.0161272 0.0142862 0.0273982 0.0236400 0.0405877 0.0215849 0.0451414 0.0179470 0.0179133 0.0124574 0.0179073 0.0234801 0.0179773 0.0348690 0.0180019 0.0216075 0.0198319 0.0330293 0.1635093 0.0347761 0.0124772 0.0198088 0.0199600 1.8386992 1.8393011 1.8230087 1.8391952 1.8371457 1.8252795 1.8131169 1.8541028 1.8232368 0.0088712 0.0143218 1.7415648 0.0273970 
EPI1319800|HA|A/Saudi_Arabia/604532786/2018|EPI_ISL_331372|A_/_H3N2                 0.0106708 0.0328402 0.0197032 0.0178951 0.0329807 0.0386041 0.0198157 0.0160312 0.0142569 0.0000000 0.0253617 0.0142747 0.0197648 0.0142201 0.0124674 0.0347085 0.0347877 0.0348910 0.0197940 0.0289412 0.0346714 0.0366029 0.0423897 0.0253424 0.0347765 0.0143251 0.0290395 0.0160798 0.0142444 0.0273154 0.0235691 0.0404627 0.0215210 0.0410227 0.0142344 0.0178606 0.0124211 0.0178546 0.0234101 0.0179242 0.0347626 0.0217439 0.0179096 0.0197730 0.0292478 0.1689522 0.0346703 0.0124408 0.0197501 0.0199004 1.8415593 1.8421705 1.8258615 1.8420562 1.8400117 1.8281319 1.8159529 1.8569802 1.8260881 0.0088455 0.0178951 1.7461128 0.0274205 
EPI1335535|HA|A/YOKOHAMA/112/2018|EPI_ISL_333926|A_/_H3N2                           0.0274295 0.0235026 0.0292926 0.0253633 0.0236510 0.0254897 0.0311372 0.0273341 0.0311502 0.0253617 0.0000000 0.0292382 0.0310551 0.0310700 0.0293018 0.0217130 0.0217622 0.0218272 0.0311019 0.0236126 0.0235439 0.0235645 0.0235725 0.0329305 0.0217543 0.0313024 0.0106390 0.0273626 0.0311215 0.0388893 0.0370810 0.0253430 0.0328208 0.0276128 0.0311030 0.0234664 0.0291901 0.0310480 0.0309381 0.0311722 0.0254341 0.0331651 0.0309252 0.0310688 0.0331228 0.1593939 0.0216876 0.0292369 0.0272464 0.0333007 1.8134210 1.8139395 1.8054088 1.8139065 1.8118198 1.8001103 1.7881296 1.8286237 1.8033865 0.0217139 0.0253633 1.7248884 0.0372154 
EPI1335515|HA|A/KANAGAWA/85/2018|EPI_ISL_333921|A_/_H3N2                            0.0143688 0.0329769 0.0123863 0.0179700 0.0331186 0.0387646 0.0161542 0.0160982 0.0143166 0.0142747 0.0292382 0.0000000 0.0161131 0.0142796 0.0125198 0.0348528 0.0309855 0.0310775 0.0161368 0.0290615 0.0348153 0.0367548 0.0425654 0.0254484 0.0349213 0.0124936 0.0329530 0.0143371 0.0143040 0.0235867 0.0198560 0.0388114 0.0216107 0.0366815 0.0179689 0.0179352 0.0124731 0.0179292 0.0235078 0.0179993 0.0349073 0.0180541 0.0216333 0.0161197 0.0330661 0.1670169 0.0348143 0.0124930 0.0161011 0.0162110 1.8644404 1.8651301 1.8485843 1.8649482 1.8629302 1.8508653 1.8384791 1.8800994 1.8488008 0.0088826 0.0179700 1.7654103 0.0313847 
EPI1336988|HA|A/Abu_Dhabi/134/2018|EPI_ISL_334156|A_/_H3N2                          0.0180003 0.0326714 0.0197362 0.0141926 0.0309253 0.0365011 0.0106326 0.0197794 0.0198236 0.0197648 0.0310551 0.0161131 0.0000000 0.0197724 0.0180109 0.0326472 0.0327211 0.0328178 0.0106214 0.0251466 0.0344929 0.0345237 0.0402530 0.0197387 0.0327105 0.0180303 0.0366678 0.0198397 0.0198059 0.0179106 0.0274519 0.0383450 0.0160020 0.0464030 0.0235250 0.0178606 0.0179433 0.0216285 0.0178522 0.0217137 0.0326972 0.0161527 0.0178289 0.0106102 0.0308776 0.1607860 0.0326110 0.0179720 0.0105982 0.0237404 1.8742286 1.8749510 1.8583204 1.8747399 1.8727360 1.8606037 1.8481409 1.8899739 1.8585329 0.0125004 0.0141926 1.7745349 0.0351611 
EPI1343237|HA|A/Vietnam/190/2018|EPI_ISL_335668|A_/_H3N2                            0.0143136 0.0328557 0.0197108 0.0179018 0.0329964 0.0386239 0.0198233 0.0160370 0.0142618 0.0142201 0.0310700 0.0142796 0.0197724 0.0000000 0.0124715 0.0309951 0.0348046 0.0349081 0.0198016 0.0289541 0.0346882 0.0366211 0.0424126 0.0253531 0.0347934 0.0143301 0.0347894 0.0160856 0.0142493 0.0273273 0.0235788 0.0404839 0.0215294 0.0411808 0.0142858 0.0161721 0.0124252 0.0161162 0.0234196 0.0179309 0.0347795 0.0217526 0.0215519 0.0197806 0.0329443 0.1614738 0.0346871 0.0124449 0.0197577 0.0199081 1.8420150 1.8426269 1.8263359 1.8425115 1.8404703 1.8286034 1.8164367 1.8574186 1.8265620 0.0088482 0.0179018 1.7448192 0.0312679 
EPI2047663|HA|A/Myanmar/18M66/2018|EPI_ISL_12951803|A_/_H3N2                        0.0125494 0.0310934 0.0179549 0.0161437 0.0292138 0.0348069 0.0180573 0.0142833 0.0125039 0.0124674 0.0293018 0.0125198 0.0180109 0.0124715 0.0000000 0.0310817 0.0330400 0.0331386 0.0180376 0.0215551 0.0329290 0.0348606 0.0406507 0.0235891 0.0330291 0.0125640 0.0330258 0.0143267 0.0124929 0.0235898 0.0218107 0.0366576 0.0197745 0.0411158 0.0161427 0.0161125 0.0106713 0.0161071 0.0197991 0.0161700 0.0330157 0.0180560 0.0197953 0.0180184 0.0292952 0.1641743 0.0329278 0.0106883 0.0179975 0.0162276 1.8845766 1.8853367 1.8685784 1.8850941 1.8830992 1.8708686 1.8582969 1.9004478 1.8687870 0.0070925 0.0161437 1.7839605 0.0294895 
EPI1351533|HA|A/ISHIKAWA/78/2018|EPI_ISL_336967|A_/_H3N2                            0.0349426 0.0123585 0.0291417 0.0251194 0.0106463 0.0124304 0.0327330 0.0271940 0.0348146 0.0347085 0.0217130 0.0348528 0.0326472 0.0309951 0.0310817 0.0000000 0.0106255 0.0142896 0.0326959 0.0197492 0.0123797 0.0123902 0.0178194 0.0364268 0.0142420 0.0349843 0.0291540 0.0328982 0.0347823 0.0366029 0.0368872 0.0142134 0.0343974 0.0375005 0.0329812 0.0254133 0.0328390 0.0346999 0.0349951 0.0310111 0.0178394 0.0349717 0.0325118 0.0326615 0.0233543 0.1536909 0.0105892 0.0328914 0.0326229 0.0312572 1.8428683 1.8434870 1.8324772 1.8433683 1.8413144 1.8293657 1.8171147 1.8583797 1.8327019 0.0253333 0.0251194 1.7450219 0.0449113 
EPI1351513|HA|A/HIROSHIMA/73/2018|EPI_ISL_336962|A_/_H3N2                           0.0350228 0.0123859 0.0253360 0.0251758 0.0124622 0.0142535 0.0328073 0.0272556 0.0348942 0.0347877 0.0217622 0.0309855 0.0327211 0.0348046 0.0330400 0.0106255 0.0000000 0.0106483 0.0327701 0.0216161 0.0124072 0.0124177 0.0178592 0.0365096 0.0142738 0.0329720 0.0254721 0.0310635 0.0348618 0.0385598 0.0329911 0.0160431 0.0344751 0.0433610 0.0368182 0.0271379 0.0329138 0.0347791 0.0364401 0.0310818 0.0178793 0.0369342 0.0325852 0.0327355 0.0272183 0.1580207 0.0106127 0.0329664 0.0326968 0.0292617 1.8474078 1.8480416 1.8370009 1.8479095 1.8458624 1.8338781 1.8215879 1.8629643 1.8372232 0.0253906 0.0251758 1.7492277 0.0450159 
EPI1210250|HA|A/Kazakhstan/103/2018|EPI_ISL_305845|A_/_H3N2                         0.0351275 0.0160619 0.0254112 0.0252501 0.0161618 0.0179711 0.0329046 0.0273367 0.0349982 0.0348910 0.0218272 0.0310775 0.0328178 0.0349081 0.0331386 0.0142896 0.0106483 0.0000000 0.0328671 0.0216804 0.0160898 0.0142525 0.0216168 0.0366175 0.0143162 0.0330702 0.0293076 0.0330715 0.0349656 0.0386742 0.0330893 0.0197778 0.0345766 0.0434919 0.0330841 0.0272184 0.0330117 0.0348823 0.0365475 0.0311744 0.0179323 0.0370446 0.0326811 0.0328323 0.0235039 0.1584793 0.0142725 0.0330646 0.0327934 0.0293491 1.8498825 1.8604792 1.8493461 1.8603102 1.8582772 1.8461921 1.8337889 1.8788302 1.8495636 0.0254662 0.0252501 1.7606677 0.0432362 
EPI1358998|HA|A/Philippines/48/2018|EPI_ISL_339064|A_/_H3N2                         0.0199256 0.0327202 0.0179279 0.0142133 0.0309716 0.0346503 0.0106481 0.0198087 0.0198530 0.0197940 0.0311019 0.0161368 0.0106214 0.0198016 0.0180376 0.0326959 0.0327701 0.0328671 0.0000000 0.0251838 0.0345445 0.0345753 0.0383945 0.0197678 0.0327594 0.0180940 0.0348086 0.0198692 0.0198352 0.0179370 0.0274932 0.0384027 0.0142068 0.0464739 0.0235601 0.0178868 0.0179698 0.0216606 0.0178784 0.0217461 0.0327462 0.0161766 0.0142247 0.0106256 0.0309237 0.1644428 0.0326597 0.0179985 0.0106136 0.0237760 1.8614442 1.8621224 1.8456385 1.8619497 1.8599317 1.8479139 1.8355777 1.8770427 1.8458558 0.0125188 0.0142133 1.7628185 0.0372484 
EPI1804615|HA|A/Myanmar/18M090/2018|EPI_ISL_536403|A_/_H3N2                         0.0291346 0.0233455 0.0271909 0.0250433 0.0197762 0.0215906 0.0252117 0.0252606 0.0290285 0.0289412 0.0236126 0.0290615 0.0251466 0.0289541 0.0215551 0.0197492 0.0216161 0.0216804 0.0251838 0.0000000 0.0233863 0.0234066 0.0290071 0.0307635 0.0216084 0.0291690 0.0310972 0.0271449 0.0290020 0.0270702 0.0348801 0.0234016 0.0268928 0.0374219 0.0309160 0.0214492 0.0270961 0.0289342 0.0269665 0.0290488 0.0252634 0.0272226 0.0250425 0.0251573 0.0252797 0.1540388 0.0215426 0.0271392 0.0251280 0.0273392 1.8543591 1.8550170 1.8439298 1.8548643 1.8528254 1.8407909 1.8284430 1.8699800 1.8441492 0.0197087 0.0250433 1.7556820 0.0430315 
EPI1365958|HA|A/Singapore/KK0699/2018|EPI_ISL_340479|A_/_H3N2                       0.0349049 0.0105587 0.0291101 0.0269382 0.0142234 0.0160137 0.0345838 0.0271646 0.0347772 0.0346714 0.0235439 0.0348153 0.0344929 0.0346882 0.0329290 0.0123797 0.0124072 0.0160898 0.0345445 0.0233863 0.0000000 0.0141727 0.0196192 0.0382850 0.0160363 0.0349466 0.0310050 0.0328628 0.0347450 0.0403432 0.0368476 0.0178020 0.0362419 0.0432133 0.0366946 0.0289087 0.0328037 0.0346628 0.0382118 0.0309777 0.0196409 0.0387292 0.0343500 0.0345082 0.0289938 0.1504601 0.0123649 0.0328560 0.0344673 0.0330914 1.8416015 1.8422155 1.8312095 1.8421004 1.8400455 1.8280992 1.8158527 1.8571091 1.8314345 0.0253058 0.0269382 1.7437979 0.0448632 
EPI1369190|HA|A/Nakhonsithammarat/336/2018|EPI_ISL_341170|A_/_H3N2                  0.0368502 0.0141483 0.0310192 0.0252128 0.0142355 0.0142083 0.0327034 0.0290594 0.0349470 0.0366029 0.0235645 0.0367548 0.0345237 0.0366211 0.0348606 0.0123902 0.0124177 0.0142525 0.0345753 0.0234066 0.0141727 0.0000000 0.0178027 0.0383194 0.0160500 0.0368943 0.0310326 0.0347901 0.0366809 0.0403798 0.0388012 0.0178172 0.0362742 0.0452229 0.0386427 0.0289341 0.0347275 0.0365937 0.0382462 0.0328955 0.0196577 0.0387645 0.0343805 0.0345389 0.0270886 0.1601261 0.0123753 0.0347829 0.0344980 0.0350299 1.8208898 1.8278003 1.8169041 1.8277274 1.8256559 1.8138316 1.8017218 1.8425856 1.8171362 0.0271919 0.0252128 1.7305857 0.0468720 
EPI1370427|HA|A/Chungbuk/1917/2018|EPI_ISL_341448|A_/_H3N2                          0.0426782 0.0195853 0.0330042 0.0325768 0.0197069 0.0106072 0.0365353 0.0347482 0.0425212 0.0423897 0.0235725 0.0425654 0.0402530 0.0424126 0.0406507 0.0178194 0.0178592 0.0216168 0.0383945 0.0290071 0.0196192 0.0178027 0.0000000 0.0401787 0.0215452 0.0389319 0.0311684 0.0405674 0.0424810 0.0462134 0.0446497 0.0233203 0.0420070 0.0452400 0.0444765 0.0345980 0.0404945 0.0423790 0.0401016 0.0386471 0.0251897 0.0446180 0.0400860 0.0402712 0.0346995 0.1600020 0.0177985 0.0405591 0.0383757 0.0408391 1.8277129 1.8282798 1.8225143 1.8282055 1.8261349 1.8143049 1.8021894 1.8430700 1.8176108 0.0328575 0.0325768 1.7310170 0.0528747 
EPI1224383|HA|A/KANAGAWA/IC1725/2018|EPI_ISL_308930|A_/_H3N2                        0.0255119 0.0364541 0.0272335 0.0196572 0.0347092 0.0403228 0.0197894 0.0234709 0.0254187 0.0253424 0.0329305 0.0254484 0.0197387 0.0253531 0.0235891 0.0364268 0.0365096 0.0366175 0.0197678 0.0307635 0.0382850 0.0383194 0.0401787 0.0000000 0.0364981 0.0255420 0.0424923 0.0254394 0.0253956 0.0198432 0.0312381 0.0421773 0.0214928 0.0473127 0.0291725 0.0233903 0.0235000 0.0272377 0.0160573 0.0254367 0.0364837 0.0218246 0.0233481 0.0197469 0.0366006 0.1571338 0.0363871 0.0235375 0.0197240 0.0275023 1.8874182 1.8881865 1.8714377 1.8879359 1.8750730 1.8737243 1.8611570 1.9032819 1.8716454 0.0179891 0.0196572 1.7868232 0.0431026 
EPI1241657|HA|A/NIIGATA-C/1/2018|EPI_ISL_311962|A_/_H3N2                            0.0350115 0.0160086 0.0291981 0.0251671 0.0161079 0.0160505 0.0327966 0.0235535 0.0348830 0.0347765 0.0217543 0.0349213 0.0327105 0.0347934 0.0330291 0.0142420 0.0142738 0.0143162 0.0327594 0.0216084 0.0160363 0.0160500 0.0215452 0.0364981 0.0000000 0.0350534 0.0254915 0.0329625 0.0348506 0.0385478 0.0369602 0.0197122 0.0307549 0.0433478 0.0368065 0.0271287 0.0329031 0.0347679 0.0326988 0.0310715 0.0178728 0.0369225 0.0325746 0.0327249 0.0310117 0.1612524 0.0142250 0.0329556 0.0326861 0.0331924 1.8246966 1.8252525 1.8143866 1.8251870 1.8231157 1.8113245 1.7992511 1.8400029 1.8146203 0.0253818 0.0251671 1.7429049 0.0450025 
EPI1243337|HA|A/Ankara/110/2018|EPI_ISL_312306|A_/_H3N2                             0.0144199 0.0331008 0.0143048 0.0180344 0.0332436 0.0351336 0.0199709 0.0161555 0.0143674 0.0143251 0.0313024 0.0124936 0.0180303 0.0143301 0.0125640 0.0349843 0.0329720 0.0330702 0.0180940 0.0291690 0.0349466 0.0368943 0.0389319 0.0255420 0.0350534 0.0000000 0.0312958 0.0162048 0.0143547 0.0275318 0.0196959 0.0407865 0.0216889 0.0453659 0.0180333 0.0179994 0.0125170 0.0179933 0.0235935 0.0180640 0.0350393 0.0219153 0.0217117 0.0199276 0.0331907 0.1628593 0.0349455 0.0125370 0.0199044 0.0180983 1.8547232 1.8553792 1.8389412 1.8552262 1.8531974 1.8412169 1.8289237 1.8702737 1.8391617 0.0089136 0.0180344 1.7564689 0.0315032 
EPI1550154|HA|A/Malaysia/RP4242/2018|EPI_ISL_378558|A_/_H3N2                        0.0311448 0.0309503 0.0331178 0.0309104 0.0311474 0.0292766 0.0367656 0.0348667 0.0348789 0.0290395 0.0106390 0.0329530 0.0366678 0.0347894 0.0330258 0.0291540 0.0254721 0.0293076 0.0348086 0.0310972 0.0310050 0.0310326 0.0311684 0.0424923 0.0254915 0.0312958 0.0000000 0.0329840 0.0348465 0.0446081 0.0447985 0.0328131 0.0346784 0.0391455 0.0348267 0.0309018 0.0328997 0.0386218 0.0366559 0.0387777 0.0329318 0.0388341 0.0384694 0.0366843 0.0407685 0.1676950 0.0291211 0.0329523 0.0328140 0.0409769 1.8149179 1.8154403 1.8069216 1.8154032 1.8133235 1.8016275 1.7896594 1.8301014 1.8048993 0.0291559 0.0309104 1.7264585 0.0410100 
EPI1385788|HA|A/Vietnam/Lisn18022/2018|EPI_ISL_346042|A_/_H3N2                      0.0161860 0.0310310 0.0143241 0.0179626 0.0311635 0.0367846 0.0198910 0.0106823 0.0161272 0.0160798 0.0273626 0.0143371 0.0198397 0.0160856 0.0143267 0.0328982 0.0310635 0.0330715 0.0198692 0.0271449 0.0328628 0.0347901 0.0405674 0.0254394 0.0329625 0.0162048 0.0329840 0.0000000 0.0161129 0.0274207 0.0181274 0.0367331 0.0179110 0.0412017 0.0197925 0.0160814 0.0142733 0.0160761 0.0234992 0.0143025 0.0329491 0.0218271 0.0197567 0.0198480 0.0311150 0.1640376 0.0328616 0.0142960 0.0198249 0.0144705 1.8714234 1.8721377 1.8507212 1.8719345 1.8699226 1.8577839 1.8453168 1.8871776 1.8557105 0.0070791 0.0179626 1.7717152 0.0332805 
EPI2153930|HA|A/Saudi_Arabia/VRG-55/2018|EPI_ISL_14835629|A_/_H3N2                  0.0143381 0.0329098 0.0197440 0.0179321 0.0330509 0.0386868 0.0198569 0.0160642 0.0142862 0.0142444 0.0311215 0.0143040 0.0198059 0.0142493 0.0124929 0.0347823 0.0348618 0.0349656 0.0198352 0.0290020 0.0347450 0.0366809 0.0424810 0.0253956 0.0348506 0.0143547 0.0348465 0.0161129 0.0000000 0.0273731 0.0236185 0.0405495 0.0215656 0.0450981 0.0179310 0.0178974 0.0124465 0.0178914 0.0234589 0.0179613 0.0348366 0.0217895 0.0215881 0.0198141 0.0329987 0.1642160 0.0347439 0.0124663 0.0197911 0.0199420 1.8875355 1.8883049 1.8715395 1.8880537 1.8860656 1.8738283 1.8612481 1.9034144 1.8717474 0.0088635 0.0179321 1.7868338 0.0294461 
EPI1272579|HA|A/Singapore/GP0454/2018|EPI_ISL_320960|A_/_H3N2                       0.0274991 0.0385010 0.0272750 0.0215715 0.0329032 0.0385147 0.0179564 0.0273366 0.0273982 0.0273154 0.0388893 0.0235867 0.0179106 0.0273273 0.0235898 0.0366029 0.0385598 0.0386742 0.0179370 0.0270702 0.0403432 0.0403798 0.0462134 0.0198432 0.0385478 0.0275318 0.0446081 0.0274207 0.0273731 0.0000000 0.0352398 0.0403695 0.0234223 0.0446845 0.0292265 0.0253398 0.0254596 0.0292280 0.0198326 0.0293450 0.0385328 0.0162526 0.0252937 0.0179180 0.0348214 0.1561713 0.0384302 0.0255004 0.0178973 0.0238766 1.8911773 1.8950600 1.8782010 1.8916986 1.8818600 1.8774157 1.8678362 1.9102391 1.8784055 0.0199064 0.0215715 1.7899983 0.0430665 
EPI1594423|HA|A/Singapore/GP2364/2018|EPI_ISL_391579|A_/_H3N2                       0.0237268 0.0350009 0.0143418 0.0255186 0.0351523 0.0408281 0.0275243 0.0143861 0.0236400 0.0235691 0.0370810 0.0198560 0.0274519 0.0235788 0.0218107 0.0368872 0.0329911 0.0330893 0.0274932 0.0348801 0.0368476 0.0388012 0.0446497 0.0312381 0.0369602 0.0196959 0.0447985 0.0181274 0.0236185 0.0352398 0.0000000 0.0427024 0.0292248 0.0491847 0.0273866 0.0235719 0.0217282 0.0235635 0.0311788 0.0180547 0.0330528 0.0295320 0.0273365 0.0274638 0.0389864 0.1753440 0.0368467 0.0217630 0.0274312 0.0144885 1.8755510 1.8762789 1.8596319 1.8760639 1.8740606 1.8619156 1.8535818 1.8913125 1.8598434 0.0143725 0.0255186 1.7757431 0.0412585 
EPI1315673|HA|A/Zaragoza/1528894/2018|EPI_ISL_330683|A_/_H3N2                       0.0407374 0.0177713 0.0348396 0.0307061 0.0106455 0.0160242 0.0384471 0.0328532 0.0405877 0.0404627 0.0253430 0.0388114 0.0383450 0.0404839 0.0366576 0.0142134 0.0160431 0.0197778 0.0384027 0.0234016 0.0178020 0.0178172 0.0233203 0.0421773 0.0197122 0.0407865 0.0328131 0.0367331 0.0405495 0.0403695 0.0427024 0.0000000 0.0400980 0.0430531 0.0425339 0.0327113 0.0385739 0.0404525 0.0402116 0.0367315 0.0233453 0.0387547 0.0381860 0.0383623 0.0309532 0.1518206 0.0159886 0.0386355 0.0345737 0.0350213 1.8568003 1.8574658 1.8463749 1.8573061 1.8552727 1.8432338 1.8308799 1.8724270 1.8465930 0.0309699 0.0307061 1.7580667 0.0508757 
EPI1173524|HA|A/England/80220360/2018|EPI_ISL_298073|A_/_H3N2                       0.0180374 0.0344229 0.0252666 0.0123842 0.0326839 0.0382562 0.0160426 0.0215370 0.0215849 0.0215210 0.0328208 0.0216107 0.0160020 0.0215294 0.0197745 0.0343974 0.0344751 0.0345766 0.0142068 0.0268928 0.0362419 0.0362742 0.0420070 0.0214928 0.0307549 0.0216889 0.0346784 0.0179110 0.0215656 0.0234223 0.0292248 0.0400980 0.0000000 0.0510148 0.0252873 0.0196096 0.0197005 0.0233868 0.0159942 0.0234788 0.0344504 0.0216654 0.0177477 0.0160085 0.0326329 0.1692730 0.0343597 0.0197318 0.0159902 0.0255162 1.9059565 1.9067897 1.8849592 1.9064828 1.9045196 1.8921484 1.8794187 1.9220055 1.8634028 0.0142589 0.0123842 1.8039623 0.0389779 
EPI1337103|HA|A/Sundsvall/1/2018|EPI_ISL_334183|A_/_H3N2                            0.0413044 0.0431351 0.0405283 0.0471344 0.0414005 0.0433096 0.0465295 0.0411560 0.0451414 0.0410227 0.0276128 0.0366815 0.0464030 0.0411808 0.0411158 0.0375005 0.0433610 0.0434919 0.0464739 0.0374219 0.0432133 0.0452229 0.0452400 0.0473127 0.0433478 0.0453659 0.0391455 0.0412017 0.0450981 0.0446845 0.0491847 0.0430531 0.0510148 0.0000000 0.0374435 0.0395118 0.0430745 0.0449880 0.0432416 0.0451730 0.0450772 0.0408937 0.0490112 0.0464247 0.0475967 0.1670231 0.0432131 0.0431439 0.0424439 0.0434413 1.7997565 1.8002302 1.7917503 1.8002363 1.7981308 1.7865065 1.7746263 1.8148480 1.7897629 0.0353029 0.0471344 1.7050562 0.0515667 
EPI1337095|HA|A/Linkoping/58/2018|EPI_ISL_334182|A_/_H3N2                           0.0143280 0.0348529 0.0234505 0.0216268 0.0350032 0.0406640 0.0235862 0.0197324 0.0179470 0.0142344 0.0311030 0.0179689 0.0235250 0.0142858 0.0161427 0.0329812 0.0368182 0.0330841 0.0235601 0.0309160 0.0366946 0.0386427 0.0444765 0.0291725 0.0368065 0.0180333 0.0348267 0.0197925 0.0179310 0.0292265 0.0273866 0.0425339 0.0252873 0.0374435 0.0000000 0.0198982 0.0160824 0.0215772 0.0272058 0.0216620 0.0367919 0.0255508 0.0253136 0.0235350 0.0311269 0.1671383 0.0366937 0.0161080 0.0235075 0.0236836 1.8723080 1.8730267 1.8563454 1.8728205 1.8708059 1.8586376 1.8461397 1.8914610 1.8565596 0.0124705 0.0216268 1.7723540 0.0294365 
EPI1188953|HA|A/England/80420847/2018|EPI_ISL_301474|A_/_H3N2                       0.0179785 0.0270967 0.0197054 0.0160096 0.0290402 0.0308784 0.0179062 0.0142530 0.0179133 0.0178606 0.0234664 0.0179352 0.0178606 0.0161721 0.0161125 0.0254133 0.0271379 0.0272184 0.0178868 0.0214492 0.0289087 0.0289341 0.0345980 0.0233903 0.0271287 0.0179994 0.0309018 0.0160814 0.0178974 0.0253398 0.0235719 0.0327113 0.0196096 0.0395118 0.0198982 0.0000000 0.0160524 0.0178565 0.0214796 0.0179261 0.0308113 0.0198117 0.0177864 0.0178679 0.0253079 0.1536359 0.0270461 0.0124771 0.0178474 0.0199026 1.8525718 1.8532208 1.8367934 1.8530741 1.8510413 1.8390696 1.8267876 1.8681118 1.8370150 0.0088462 0.0160096 1.7544251 0.0313405 
EPI1189308|HA|A/England/80520648/2018|EPI_ISL_301542|A_/_H3N2                       0.0125026 0.0309750 0.0178878 0.0160833 0.0311071 0.0367183 0.0179894 0.0142302 0.0124574 0.0124211 0.0291901 0.0124731 0.0179433 0.0124252 0.0106713 0.0328390 0.0329138 0.0330117 0.0179698 0.0270961 0.0328037 0.0347275 0.0404945 0.0235000 0.0329031 0.0125170 0.0328997 0.0142733 0.0124465 0.0254596 0.0217282 0.0385739 0.0197005 0.0430745 0.0160824 0.0160524 0.0000000 0.0160471 0.0215797 0.0161095 0.0328897 0.0199044 0.0197211 0.0179507 0.0310587 0.1634784 0.0328025 0.0106486 0.0179300 0.0180678 1.8705664 1.8712745 1.8547341 1.8710751 1.8690725 1.8586225 1.8446174 1.8862231 1.8549471 0.0070663 0.0160833 1.7714485 0.0293764 
EPI1203826|HA|A/England/80900492/2018|EPI_ISL_304782|A_/_H3N2                       0.0179724 0.0328321 0.0196986 0.0197457 0.0329725 0.0385944 0.0216845 0.0160275 0.0179073 0.0178546 0.0310480 0.0179292 0.0216285 0.0161162 0.0161071 0.0346999 0.0347791 0.0348823 0.0216606 0.0289342 0.0346628 0.0365937 0.0423790 0.0272377 0.0347679 0.0179933 0.0386218 0.0160761 0.0178914 0.0292280 0.0235635 0.0404525 0.0233868 0.0449880 0.0215772 0.0178565 0.0160471 0.0000000 0.0252894 0.0179200 0.0347539 0.0236297 0.0215383 0.0216376 0.0329205 0.1647004 0.0346617 0.0160726 0.0216124 0.0198957 1.8319061 1.8324840 1.8162891 1.8323980 1.8303445 1.8185527 1.8064718 1.8472132 1.8165201 0.0088435 0.0197457 1.7354470 0.0351021 
EPI1392930|HA|A/England/754/2018|EPI_ISL_347143|A_/_H3N2                            0.0235658 0.0363847 0.0271828 0.0177788 0.0327753 0.0383642 0.0178977 0.0234277 0.0234801 0.0234101 0.0309381 0.0235078 0.0178522 0.0234196 0.0197991 0.0349951 0.0364401 0.0365475 0.0178784 0.0269665 0.0382118 0.0382462 0.0401016 0.0160573 0.0326988 0.0235935 0.0366559 0.0234992 0.0234589 0.0198326 0.0311788 0.0402116 0.0159942 0.0432416 0.0272058 0.0214796 0.0215797 0.0252894 0.0000000 0.0253894 0.0364142 0.0180669 0.0214412 0.0178595 0.0332110 0.1617776 0.0363180 0.0216141 0.0178390 0.0255870 1.8480046 1.8486361 1.8323049 1.8485032 1.8464711 1.8345722 1.8223675 1.8634500 1.8325279 0.0161067 0.0177788 1.7504813 0.0410069 
EPI1796769|HA|A/England/190161213/2018|EPI_ISL_513957|A_/_H3N2                      0.0180429 0.0291500 0.0142674 0.0198231 0.0292739 0.0348775 0.0217701 0.0106403 0.0179773 0.0179242 0.0311722 0.0179993 0.0217137 0.0179309 0.0161700 0.0310111 0.0310818 0.0311744 0.0217461 0.0290488 0.0309777 0.0328955 0.0386471 0.0254367 0.0310715 0.0180640 0.0387777 0.0143025 0.0179613 0.0293450 0.0180547 0.0367315 0.0234788 0.0451730 0.0216620 0.0179261 0.0161095 0.0179200 0.0253894 0.0000000 0.0310587 0.0237236 0.0216228 0.0217229 0.0330525 0.1623049 0.0309763 0.0161352 0.0180661 0.0144126 1.8701528 1.8708605 1.8542802 1.8706617 1.8686543 1.8565607 1.8367343 1.8858486 1.8544943 0.0088776 0.0198231 1.7708222 0.0352443 
EPI1275634|HA|A/Swansea/0699/2018|EPI_ISL_321581|A_/_H3N2                           0.0349974 0.0196069 0.0291860 0.0251565 0.0161007 0.0215388 0.0327833 0.0290479 0.0348690 0.0347626 0.0254341 0.0349073 0.0326972 0.0347795 0.0330157 0.0178394 0.0178793 0.0179323 0.0327462 0.0252634 0.0196409 0.0196577 0.0251897 0.0364837 0.0178728 0.0350393 0.0329318 0.0329491 0.0348366 0.0385328 0.0330528 0.0233453 0.0344504 0.0450772 0.0367919 0.0308113 0.0328897 0.0347539 0.0364142 0.0310587 0.0000000 0.0369078 0.0289207 0.0327116 0.0347332 0.1658322 0.0178185 0.0329422 0.0326729 0.0331788 1.8482465 1.8488831 1.8378372 1.8487486 1.8467026 1.8347127 1.8224162 1.8638107 1.8380591 0.0253710 0.0251565 1.7500175 0.0449855 
EPI1311774|HA|A/Sydney/22/2018|EPI_ISL_330026|A_/_H3N2                              0.0218895 0.0368774 0.0217121 0.0180147 0.0273125 0.0368906 0.0124766 0.0217603 0.0180019 0.0217439 0.0331651 0.0180541 0.0161527 0.0217526 0.0180560 0.0349717 0.0369342 0.0370446 0.0161766 0.0272226 0.0387292 0.0387645 0.0446180 0.0218246 0.0369225 0.0219153 0.0388341 0.0218271 0.0217895 0.0162526 0.0295320 0.0387547 0.0216654 0.0408937 0.0255508 0.0198117 0.0199044 0.0236297 0.0180669 0.0237236 0.0369078 0.0000000 0.0235359 0.0161593 0.0331783 0.1567445 0.0368090 0.0199364 0.0161407 0.0219896 1.8886160 1.8893891 1.8726089 1.8891345 1.8871474 1.8748981 1.8623048 1.9045097 1.8728158 0.0144061 0.0180147 1.7878070 0.0352954 
EPI1613517|HA|A/Perth/4/2018|EPI_ISL_396452|A_/_H3N2                                0.0216863 0.0325358 0.0234081 0.0177557 0.0307964 0.0363495 0.0178743 0.0196969 0.0216075 0.0179096 0.0309252 0.0216333 0.0178289 0.0215519 0.0197953 0.0325118 0.0325852 0.0326811 0.0142247 0.0250425 0.0343500 0.0343805 0.0400860 0.0233481 0.0325746 0.0217117 0.0384694 0.0197567 0.0215881 0.0252937 0.0273365 0.0381860 0.0177477 0.0490112 0.0253136 0.0177864 0.0197211 0.0215383 0.0214412 0.0216228 0.0289207 0.0235359 0.0000000 0.0178362 0.0307491 0.1659571 0.0324760 0.0197525 0.0178157 0.0236404 1.8616199 1.8622984 1.8458211 1.8621253 1.8601085 1.8480954 1.8357639 1.8772124 1.8460382 0.0124482 0.0177557 1.7630308 0.0390180 
EPI1613693|HA|A/South_Australia/117/2018|EPI_ISL_396474|A_/_H3N2                    0.0199043 0.0326858 0.0197444 0.0141983 0.0309388 0.0365175 0.0106368 0.0197876 0.0198319 0.0197730 0.0310688 0.0161197 0.0106102 0.0197806 0.0180184 0.0326615 0.0327355 0.0328323 0.0106256 0.0251573 0.0345082 0.0345389 0.0402712 0.0197469 0.0327249 0.0199276 0.0366843 0.0198480 0.0198141 0.0179180 0.0274638 0.0383623 0.0160085 0.0464247 0.0235350 0.0178679 0.0179507 0.0216376 0.0178595 0.0217229 0.0327116 0.0161593 0.0178362 0.0000000 0.0308911 0.1691138 0.0326254 0.0179794 0.0106024 0.0237505 1.8877725 1.8885422 1.8717856 1.8882905 1.8863039 1.8740729 1.8614993 1.9036437 1.8719932 0.0125054 0.0141983 1.7871255 0.0372085 
EPI1614141|HA|A/South_Australia/22/2018|EPI_ISL_396530|A_/_H3N2                     0.0331510 0.0271768 0.0348593 0.0270647 0.0272774 0.0291178 0.0309587 0.0291981 0.0330293 0.0292478 0.0331228 0.0330661 0.0308776 0.0329443 0.0292952 0.0233543 0.0272183 0.0235039 0.0309237 0.0252797 0.0289938 0.0270886 0.0346995 0.0366006 0.0310117 0.0331907 0.0407685 0.0311150 0.0329987 0.0348214 0.0389864 0.0309532 0.0326329 0.0475967 0.0311269 0.0253079 0.0310587 0.0329205 0.0332110 0.0330525 0.0347332 0.0331783 0.0307491 0.0308911 0.0000000 0.1626730 0.0271260 0.0311084 0.0308546 0.0333140 1.8696802 1.8804348 1.8637126 1.8802068 1.8782041 1.8660027 1.8534648 1.8988932 1.8639232 0.0235577 0.0270647 1.7812567 0.0491970 
EPI1614493|HA|A/South_Australia/85/2018|EPI_ISL_396574|A_/_H3N2                     0.1670677 0.1504668 0.1602278 0.1654069 0.1510654 0.1508090 0.1635016 0.1606936 0.1635093 0.1689522 0.1593939 0.1670169 0.1607860 0.1614738 0.1641743 0.1536909 0.1580207 0.1584793 0.1644428 0.1540388 0.1504601 0.1601261 0.1600020 0.1571338 0.1612524 0.1628593 0.1676950 0.1640376 0.1642160 0.1561713 0.1753440 0.1518206 0.1692730 0.1670231 0.1671383 0.1536359 0.1634784 0.1647004 0.1617776 0.1623049 0.1658322 0.1567445 0.1659571 0.1691138 0.1626730 0.0000000 0.1526380 0.1566926 0.1688726 0.1602004 1.8485271 1.8433269 1.8328937 1.8598815 1.8310695 1.8352793 1.8176371 1.8711752 1.8331164 0.1567264 0.1654069 1.7754906 0.1392370 
EPI1614485|HA|A/South_Australia/82/2018|EPI_ISL_396573|A_/_H3N2                     0.0349039 0.0123438 0.0291087 0.0250908 0.0124195 0.0142049 0.0326967 0.0271631 0.0347761 0.0346703 0.0216876 0.0348143 0.0326110 0.0346871 0.0329278 0.0105892 0.0106127 0.0142725 0.0326597 0.0215426 0.0123649 0.0123753 0.0177985 0.0363871 0.0142250 0.0349455 0.0291211 0.0328616 0.0347439 0.0384302 0.0368467 0.0159886 0.0343597 0.0432131 0.0366937 0.0270461 0.0328025 0.0346617 0.0363180 0.0309763 0.0178185 0.0368090 0.0324760 0.0326254 0.0271260 0.1526380 0.0000000 0.0328547 0.0325869 0.0330902 1.8490060 1.8496454 1.8385917 1.8495085 1.8474631 1.8354646 1.8231585 1.8645809 1.8388133 0.0253042 0.0250908 1.7506936 0.0448633 
EPI1614597|HA|A/Sydney/1000/2018|EPI_ISL_396587|A_/_H3N2                            0.0125225 0.0310245 0.0179162 0.0161090 0.0311569 0.0367770 0.0180181 0.0142528 0.0124772 0.0124408 0.0292369 0.0124930 0.0179720 0.0124449 0.0106883 0.0328914 0.0329664 0.0330646 0.0179985 0.0271392 0.0328560 0.0347829 0.0405591 0.0235375 0.0329556 0.0125370 0.0329523 0.0142960 0.0124663 0.0255004 0.0217630 0.0386355 0.0197318 0.0431439 0.0161080 0.0124771 0.0106486 0.0160726 0.0216141 0.0161352 0.0329422 0.0199364 0.0197525 0.0179794 0.0311084 0.1566926 0.0328547 0.0000000 0.0179586 0.0180968 1.8784871 1.8792241 1.8625705 1.8790005 1.8770035 1.8648524 1.8523671 1.8942560 1.8665939 0.0070775 0.0161090 1.7785898 0.0294237 
EPI1328675|HA|A/Christchurch/522/2018|EPI_ISL_332736|A_/_H3N2                       0.0198811 0.0326471 0.0197215 0.0141822 0.0271926 0.0364740 0.0106247 0.0197647 0.0198088 0.0197501 0.0272464 0.0161011 0.0105982 0.0197577 0.0179975 0.0326229 0.0326968 0.0327934 0.0106136 0.0251280 0.0344673 0.0344980 0.0383757 0.0197240 0.0326861 0.0199044 0.0328140 0.0198249 0.0197911 0.0178973 0.0274312 0.0345737 0.0159902 0.0424439 0.0235075 0.0178474 0.0179300 0.0216124 0.0178390 0.0180661 0.0326729 0.0161407 0.0178157 0.0106024 0.0308546 0.1688726 0.0325869 0.0179586 0.0000000 0.0237225 1.8579517 1.8586186 1.8444890 1.8584560 1.8564317 1.8444254 1.8321042 1.8735350 1.8423675 0.0124911 0.0141822 1.7594686 0.0371633 
EPI1631894|HA|A/Newcastle/82/2018|EPI_ISL_398938|A_/_H3N2                           0.0200333 0.0312494 0.0107334 0.0218260 0.0275518 0.0331640 0.0238026 0.0107664 0.0199600 0.0199004 0.0333007 0.0162110 0.0237404 0.0199081 0.0162276 0.0312572 0.0292617 0.0293491 0.0237760 0.0273392 0.0330914 0.0350299 0.0408391 0.0275023 0.0331924 0.0180983 0.0409769 0.0144705 0.0199420 0.0238766 0.0144885 0.0350213 0.0255162 0.0434413 0.0236836 0.0199026 0.0180678 0.0198957 0.0255870 0.0144126 0.0331788 0.0219896 0.0236404 0.0237505 0.0333140 0.1602004 0.0330902 0.0180968 0.0237225 0.0000000 1.8663733 1.8729764 1.8563625 1.8668825 1.8707646 1.8527754 1.8461977 1.8879890 1.8565759 0.0107563 0.0218260 1.7671193 0.0353637 
EPI1158115|HA|A/Catalonia/NSVH100752088/2018|EPI_ISL_295029|A_/_H1N1                1.8524333 1.8592444 1.8368377 1.8970978 1.8450575 1.8233791 1.8521353 1.8471702 1.8386992 1.8415593 1.8134210 1.8644404 1.8742286 1.8420150 1.8845766 1.8428683 1.8474078 1.8498825 1.8614442 1.8543591 1.8416015 1.8208898 1.8277129 1.8874182 1.8246966 1.8547232 1.8149179 1.8714234 1.8875355 1.8911773 1.8755510 1.8568003 1.9059565 1.7997565 1.8723080 1.8525718 1.8705664 1.8319061 1.8480046 1.8701528 1.8482465 1.8886160 1.8616199 1.8877725 1.8696802 1.8485271 1.8490060 1.8784871 1.8579517 1.8663733 0.0000000 0.0124795 0.0160352 0.0142518 0.0124027 0.0124504 0.0124756 0.0197739 0.0160047 1.7567366 1.8970978 0.0052985 1.6648041 
EPI1310082|HA|A/Northern_Ireland/16810/2018|EPI_ISL_329757|A_/_H1N1                 1.8530816 1.8599192 1.8374328 1.8978999 1.8456821 1.8239313 1.8527825 1.8478001 1.8393011 1.8421705 1.8139395 1.8651301 1.8749510 1.8426269 1.8853367 1.8434870 1.8480416 1.8604792 1.8621224 1.8550170 1.8422155 1.8278003 1.8282798 1.8881865 1.8252525 1.8553792 1.8154403 1.8721377 1.8883049 1.8950600 1.8762789 1.8574658 1.9067897 1.8002302 1.8730267 1.8532208 1.8712745 1.8324840 1.8486361 1.8708605 1.8488831 1.8893891 1.8622984 1.8885422 1.8804348 1.8433269 1.8496454 1.8792241 1.8586186 1.8729764 0.0124795 0.0000000 0.0142670 0.0143380 0.0106410 0.0106688 0.0107036 0.0179938 0.0142399 1.7570603 1.8978999 0.0071026 1.6648450 
EPI1313536|HA|A/Cardiff/4607/2018|EPI_ISL_330359|A_/_H1N1                           1.8366556 1.8487968 1.8265193 1.8810541 1.8346858 1.8130645 1.8363705 1.8314328 1.8230087 1.8258615 1.8054088 1.8485843 1.8583204 1.8263359 1.8685784 1.8324772 1.8370009 1.8493461 1.8456385 1.8439298 1.8312095 1.8169041 1.8225143 1.8714377 1.8143866 1.8389412 1.8069216 1.8507212 1.8715395 1.8782010 1.8596319 1.8463749 1.8849592 1.7917503 1.8563454 1.8367934 1.8547341 1.8162891 1.8323049 1.8542802 1.8378372 1.8726089 1.8458211 1.8717856 1.8637126 1.8328937 1.8385917 1.8625705 1.8444890 1.8563625 0.0160352 0.0142670 0.0000000 0.0196898 0.0141792 0.0178710 0.0142626 0.0215783 0.0141788 1.7419008 1.8810541 0.0106473 1.6552793 
EPI1318120|HA|A/Swansea/2666/2018|EPI_ISL_331112|A_/_H1N1                           1.8529353 1.8597520 1.8373323 1.8976200 1.8455573 1.8238696 1.8526371 1.8476693 1.8391952 1.8420562 1.8139065 1.8649482 1.8747399 1.8425115 1.8850941 1.8433683 1.8479095 1.8603102 1.8619497 1.8548643 1.8421004 1.8277274 1.8282055 1.8879359 1.8251870 1.8552262 1.8154032 1.8719345 1.8880537 1.8916986 1.8760639 1.8573061 1.9064828 1.8002363 1.8728205 1.8530741 1.8710751 1.8323980 1.8485032 1.8706617 1.8487486 1.8891345 1.8621253 1.8882905 1.8802068 1.8598815 1.8495085 1.8790005 1.8584560 1.8668825 0.0142518 0.0143380 0.0196898 0.0000000 0.0160200 0.0160819 0.0161146 0.0234777 0.0196521 1.7742373 1.8976200 0.0088716 1.6814190 
EPI1328481|HA|A/Abertillery/6649/2018|EPI_ISL_332689|A_/_H1N1                       1.8509031 1.8577193 1.8352822 1.8956455 1.8435121 1.8217940 1.8506052 1.8456318 1.8371457 1.8400117 1.8118198 1.8629302 1.8727360 1.8404703 1.8830992 1.8413144 1.8458624 1.8582772 1.8599317 1.8528254 1.8400455 1.8256559 1.8261349 1.8750730 1.8231157 1.8531974 1.8133235 1.8699226 1.8860656 1.8818600 1.8740606 1.8552727 1.9045196 1.7981308 1.8708059 1.8510413 1.8690725 1.8303445 1.8464711 1.8686543 1.8467026 1.8871474 1.8601085 1.8863039 1.8782041 1.8310695 1.8474631 1.8770035 1.8564317 1.8707646 0.0124027 0.0106410 0.0141792 0.0160200 0.0000000 0.0142173 0.0106377 0.0178821 0.0141525 1.7550865 1.8956455 0.0070591 1.6630077 
