34
EPI646110|HA|A/OKAYAMA/2/2015|EPI_ISL_196619|A_/_H3N2           0.0000000 0.0233451 0.0215123 0.0288884 0.0215684 0.0142983 0.0106309 0.0106409 0.0144338 0.0106456 0.0105821 0.0106302 0.0142842 0.0106540 0.0124253 0.0143095 0.0385347 0.0290063 0.0444250 0.0404662 0.0405844 0.0442485 0.0366743 0.0271754 0.0217718 0.0106677 0.0329165 0.0106706 0.0106816 0.0125154 1.7884771 1.8008272 1.7667827 1.7985817 
EPI646574|HA|A/Ulaanbaatar/330/2015|EPI_ISL_197078|A_/_H3N2     0.0233451 0.0000000 0.0198664 0.0123716 0.0106219 0.0271017 0.0251246 0.0271999 0.0292585 0.0269067 0.0305161 0.0289166 0.0289887 0.0270228 0.0269350 0.0348192 0.0308253 0.0367133 0.0424738 0.0367416 0.0328114 0.0385511 0.0405020 0.0142214 0.0217509 0.0289606 0.0273073 0.0289865 0.0270502 0.0309422 1.7686856 1.7840354 1.7503476 1.7818097 
EPI817207|HA|A/Bishkek/124/2015|EPI_ISL_230784|A_/_H3N2         0.0215123 0.0198664 0.0000000 0.0254168 0.0236458 0.0289146 0.0250792 0.0271503 0.0311078 0.0288481 0.0286712 0.0270620 0.0289358 0.0251776 0.0288781 0.0329284 0.0275716 0.0292314 0.0349951 0.0311175 0.0295649 0.0348598 0.0329798 0.0236841 0.0202364 0.0289078 0.0258583 0.0271275 0.0252027 0.0308854 1.8210145 1.8367763 1.8021024 1.8344980 
EPI671872|HA|A/Japan/4747/2015|EPI_ISL_201457|A_/_H3N2          0.0288884 0.0123716 0.0254168 0.0000000 0.0160201 0.0326997 0.0306736 0.0328159 0.0349279 0.0324638 0.0360951 0.0345256 0.0346114 0.0326034 0.0324965 0.0386765 0.0364632 0.0405865 0.0464608 0.0387029 0.0384894 0.0462887 0.0424792 0.0196607 0.0273258 0.0345782 0.0329489 0.0308964 0.0326380 0.0366005 1.7801397 1.7991819 1.7651489 1.7969367 
EPI671886|HA|A/Japan/4761/2015|EPI_ISL_201471|A_/_H3N2          0.0215684 0.0106219 0.0236458 0.0160201 0.0000000 0.0272349 0.0252471 0.0254095 0.0278909 0.0214562 0.0287449 0.0271329 0.0272008 0.0252433 0.0251617 0.0330156 0.0272127 0.0406845 0.0407752 0.0407165 0.0291811 0.0368489 0.0445136 0.0142863 0.0218575 0.0271742 0.0273934 0.0271987 0.0271829 0.0291478 1.7815689 1.7970120 1.7630985 1.7947741 
EPI857614|HA|A/Sri_Lanka/61/2015|EPI_ISL_237368|A_/_H3N2        0.0142983 0.0271017 0.0289146 0.0326997 0.0272349 0.0000000 0.0178601 0.0215619 0.0126067 0.0215705 0.0214389 0.0215389 0.0253256 0.0215862 0.0233770 0.0292485 0.0462543 0.0405558 0.0522650 0.0444228 0.0483614 0.0482389 0.0443723 0.0309891 0.0331823 0.0216154 0.0427265 0.0216212 0.0106225 0.0160816 1.8366000 1.8492754 1.8143329 1.8469823 
EPI704157|HA|A/Malaysia/50142/2015|EPI_ISL_209067|A_/_H3N2      0.0106309 0.0251246 0.0250792 0.0306736 0.0252471 0.0178601 0.0000000 0.0106159 0.0198999 0.0160379 0.0177112 0.0177928 0.0142507 0.0142072 0.0178272 0.0253666 0.0403435 0.0365414 0.0480934 0.0441122 0.0424002 0.0478993 0.0403121 0.0289680 0.0274204 0.0106426 0.0368238 0.0178603 0.0142322 0.0124859 1.8022323 1.8146814 1.7803644 1.8124214 
EPI706577|HA|A/Laos/I1002/2015|EPI_ISL_210359|A_/_H3N2          0.0106409 0.0271999 0.0271503 0.0328159 0.0254095 0.0215619 0.0106159 0.0000000 0.0217594 0.0160537 0.0177287 0.0161621 0.0125380 0.0124995 0.0178450 0.0253937 0.0426170 0.0404491 0.0504654 0.0464275 0.0447071 0.0502583 0.0442568 0.0311004 0.0295527 0.0106526 0.0390720 0.0178781 0.0178975 0.0124978 1.7568593 1.7689697 1.7355840 1.7667599 
EPI726898|HA|A/TOCHIGI/15115/2015|EPI_ISL_215163|A_/_H3N2       0.0144338 0.0292585 0.0311078 0.0349279 0.0278909 0.0126067 0.0198999 0.0217594 0.0000000 0.0217681 0.0216343 0.0217360 0.0255544 0.0217841 0.0235892 0.0295099 0.0486878 0.0429213 0.0547827 0.0506775 0.0508296 0.0545538 0.0467845 0.0369839 0.0354617 0.0218138 0.0451339 0.0218196 0.0199979 0.0237629 1.8026808 1.8150712 1.7809151 1.8359631 
EPI730521|HA|A/Singapore/TT137/2015|EPI_ISL_215701|A_/_H3N2     0.0106456 0.0269067 0.0288481 0.0324638 0.0214562 0.0215705 0.0160379 0.0160537 0.0217681 0.0000000 0.0177360 0.0178178 0.0197543 0.0178571 0.0159576 0.0216842 0.0345367 0.0366307 0.0443170 0.0442221 0.0365466 0.0441404 0.0404105 0.0307640 0.0292304 0.0160938 0.0348204 0.0142493 0.0179050 0.0179823 1.7748957 1.7871690 1.7533369 1.7849346 
EPI731182|HA|A/Singapore/GP548/2015|EPI_ISL_215834|A_/_H3N2     0.0105821 0.0305161 0.0286712 0.0360951 0.0287449 0.0214389 0.0177112 0.0177287 0.0216343 0.0177360 0.0000000 0.0177103 0.0214171 0.0177492 0.0159553 0.0252466 0.0458541 0.0402071 0.0518083 0.0478004 0.0479407 0.0515969 0.0439887 0.0344072 0.0328972 0.0177726 0.0423561 0.0177773 0.0177965 0.0196584 1.7975134 1.8099373 1.7756878 1.8076806 
EPI940619|HA|A/Thailand/CU-B11566/2015|EPI_ISL_252426|A_/_H3N2  0.0106302 0.0289166 0.0270620 0.0345256 0.0271329 0.0215389 0.0177928 0.0161621 0.0217360 0.0178178 0.0177103 0.0000000 0.0197653 0.0160816 0.0196076 0.0253660 0.0443296 0.0404017 0.0503129 0.0462867 0.0464233 0.0501071 0.0442041 0.0328210 0.0312901 0.0178548 0.0407999 0.0178595 0.0161047 0.0197499 1.7879221 1.8002692 1.7662329 1.7980241 
EPI940631|HA|A/Thailand/CU-B11870/2015|EPI_ISL_252438|A_/_H3N2  0.0142842 0.0289887 0.0289358 0.0346114 0.0272008 0.0253256 0.0142507 0.0125380 0.0255544 0.0197543 0.0214171 0.0197653 0.0000000 0.0142707 0.0215585 0.0292172 0.0444384 0.0444193 0.0523023 0.0482531 0.0465376 0.0520865 0.0482624 0.0329030 0.0313690 0.0143004 0.0409021 0.0215991 0.0216232 0.0161781 1.7924440 1.8048140 1.7707134 1.8025659 
EPI940656|HA|A/Thailand/CU-B13914/2015|EPI_ISL_252463|A_/_H3N2  0.0106540 0.0270228 0.0251776 0.0326034 0.0252433 0.0215862 0.0142072 0.0124995 0.0217841 0.0178571 0.0177492 0.0160816 0.0142707 0.0000000 0.0196506 0.0254216 0.0423428 0.0404876 0.0482874 0.0442890 0.0444181 0.0480916 0.0442972 0.0308977 0.0293583 0.0142565 0.0388172 0.0178989 0.0179184 0.0161282 1.7598004 1.7719067 1.7385350 1.7696986 
EPI966155|HA|A/Saudi_Arabia/31/2015|EPI_ISL_257212|A_/_H3N2     0.0124253 0.0269350 0.0288781 0.0324965 0.0251617 0.0233770 0.0178272 0.0178450 0.0235892 0.0159576 0.0159553 0.0196076 0.0215585 0.0196506 0.0000000 0.0254310 0.0421973 0.0405009 0.0521902 0.0481511 0.0442648 0.0519755 0.0443113 0.0307955 0.0292610 0.0178894 0.0386842 0.0160076 0.0197036 0.0197882 1.7845618 1.7973352 1.7634048 1.7950962 
EPI806286|HA|A/Ishikawa/JP-153/2015|EPI_ISL_229129|A_/_H3N2     0.0143095 0.0348192 0.0329284 0.0386765 0.0330156 0.0292485 0.0253666 0.0253937 0.0295099 0.0216842 0.0252466 0.0253660 0.0292172 0.0254216 0.0254310 0.0000000 0.0385465 0.0214739 0.0402958 0.0364054 0.0365092 0.0401385 0.0326633 0.0388298 0.0333055 0.0254566 0.0406781 0.0199388 0.0254929 0.0274280 1.8101459 1.8258728 1.7912926 1.8235980 
EPI806285|HA|A/Tokushima/JP-143/2015|EPI_ISL_229128|A_/_H3N2    0.0385347 0.0308253 0.0275716 0.0364632 0.0272127 0.0462543 0.0403435 0.0426170 0.0486878 0.0345367 0.0458541 0.0443296 0.0444384 0.0423428 0.0421973 0.0385465 0.0000000 0.0253902 0.0179658 0.0215765 0.0107123 0.0216827 0.0290999 0.0310193 0.0351364 0.0443974 0.0370315 0.0405615 0.0423916 0.0465044 1.7569362 1.7721311 1.7387979 1.7699256 
EPI806295|HA|A/Ishikawa/DS-217/2015|EPI_ISL_229138|A_/_H3N2     0.0290063 0.0367133 0.0292314 0.0405865 0.0406845 0.0405558 0.0365414 0.0404491 0.0429213 0.0366307 0.0402071 0.0404017 0.0444193 0.0404876 0.0405009 0.0214739 0.0253902 0.0000000 0.0252804 0.0142167 0.0178638 0.0178113 0.0106294 0.0407476 0.0371202 0.0405465 0.0448461 0.0349054 0.0367280 0.0426260 1.7784334 1.7938494 1.7600000 1.7916149 
EPI806300|HA|A/Hyogo/DS-282v/2015|EPI_ISL_229143|A_/_H3N2       0.0444250 0.0424738 0.0349951 0.0464608 0.0407752 0.0522650 0.0480934 0.0504654 0.0547827 0.0443170 0.0518083 0.0503129 0.0523023 0.0482874 0.0521902 0.0402958 0.0179658 0.0252804 0.0000000 0.0214838 0.0143461 0.0106585 0.0216013 0.0447423 0.0490883 0.0522535 0.0499031 0.0426809 0.0483458 0.0544223 1.7655972 1.7808643 1.7473606 1.7786498 
EPI806299|HA|A/Ishikawa/DS-276v/2015|EPI_ISL_229142|A_/_H3N2    0.0404662 0.0367416 0.0311175 0.0387029 0.0407165 0.0444228 0.0441122 0.0464275 0.0506775 0.0442221 0.0478004 0.0462867 0.0482531 0.0442890 0.0481511 0.0364054 0.0215765 0.0142167 0.0214838 0.0000000 0.0178762 0.0142309 0.0178200 0.0407797 0.0450306 0.0482079 0.0509743 0.0425065 0.0443408 0.0503402 1.7719365 1.7872997 1.7535768 1.7850725 
EPI806306|HA|A/Fukuoka/DS-323v/2015|EPI_ISL_229149|A_/_H3N2     0.0405844 0.0328114 0.0295649 0.0384894 0.0291811 0.0483614 0.0424002 0.0447071 0.0508296 0.0365466 0.0479407 0.0464233 0.0465376 0.0444181 0.0442648 0.0365092 0.0107123 0.0178638 0.0143461 0.0178762 0.0000000 0.0106400 0.0178481 0.0330187 0.0371788 0.0464936 0.0390918 0.0426315 0.0444704 0.0486238 1.7380435 1.7531150 1.7200818 1.7509238 
EPI806305|HA|A/Tokushima/DS-317v/2015|EPI_ISL_229148|A_/_H3N2   0.0442485 0.0385511 0.0348598 0.0462887 0.0368489 0.0482389 0.0478993 0.0502583 0.0545538 0.0441404 0.0515969 0.0501071 0.0520865 0.0480916 0.0519755 0.0401385 0.0216827 0.0178113 0.0106585 0.0142309 0.0106400 0.0000000 0.0177957 0.0407688 0.0488861 0.0520381 0.0508776 0.0463114 0.0481495 0.0541954 1.7591498 1.7744025 1.7409393 1.7721895 
EPI806315|HA|A/Kanagawa/DS-448v/2015|EPI_ISL_229158|A_/_H3N2    0.0366743 0.0405020 0.0329798 0.0424792 0.0445136 0.0443723 0.0403121 0.0442568 0.0467845 0.0404105 0.0439887 0.0442041 0.0482624 0.0442972 0.0443113 0.0326633 0.0290999 0.0106294 0.0216013 0.0178200 0.0178481 0.0177957 0.0000000 0.0445820 0.0450391 0.0443623 0.0509845 0.0349273 0.0405185 0.0464673 1.7668887 1.7822295 1.7485619 1.7800048 
EPI567130|HA|A/Catalonia/2235968NS/2015|EPI_ISL_173167|A_/_H3N2 0.0271754 0.0142214 0.0236841 0.0196607 0.0142863 0.0309891 0.0289680 0.0311004 0.0369839 0.0307640 0.0344072 0.0328210 0.0329030 0.0308977 0.0307955 0.0388298 0.0310193 0.0407476 0.0447423 0.0407797 0.0330187 0.0407688 0.0445820 0.0000000 0.0255953 0.0328711 0.0312260 0.0329003 0.0309303 0.0348913 1.8004691 1.8161088 1.7766922 1.8138453 
EPI574571|HA|A/England/20/2015|EPI_ISL_175014|A_/_H3N2          0.0217718 0.0217509 0.0202364 0.0273258 0.0218575 0.0331823 0.0274204 0.0295527 0.0354617 0.0292304 0.0328972 0.0312901 0.0313690 0.0293583 0.0292610 0.0333055 0.0351364 0.0371202 0.0490883 0.0450306 0.0371788 0.0488861 0.0450391 0.0255953 0.0000000 0.0313383 0.0257559 0.0313665 0.0293891 0.0333640 1.8043152 1.8209936 1.7855856 1.8176854 
EPI652073|HA|A/South_Australia/37/2015|EPI_ISL_197873|A_/_H3N2  0.0106677 0.0289606 0.0289078 0.0345782 0.0271742 0.0216154 0.0106426 0.0106526 0.0218138 0.0160938 0.0177726 0.0178548 0.0143004 0.0142565 0.0178894 0.0254566 0.0443974 0.0405465 0.0522535 0.0482079 0.0464936 0.0520381 0.0443623 0.0328711 0.0313383 0.0000000 0.0408628 0.0179227 0.0179422 0.0125294 1.7584396 1.7705497 1.7492762 1.7683400 
EPI676011|HA|A/Victoria/36/2015|EPI_ISL_202632|A_/_H3N2         0.0329165 0.0273073 0.0258583 0.0329489 0.0273934 0.0427265 0.0368238 0.0390720 0.0451339 0.0348204 0.0423561 0.0407999 0.0409021 0.0388172 0.0386842 0.0406781 0.0370315 0.0448461 0.0499031 0.0509743 0.0390918 0.0508776 0.0509845 0.0312260 0.0257559 0.0408628 0.0000000 0.0408986 0.0388611 0.0429604 1.7972400 1.8128599 1.7785349 1.8105990 
EPI676032|HA|A/Victoria/48/2015|EPI_ISL_202639|A_/_H3N2         0.0106706 0.0289865 0.0271275 0.0308964 0.0271987 0.0216212 0.0178603 0.0178781 0.0218196 0.0142493 0.0177773 0.0178595 0.0215991 0.0178989 0.0160076 0.0199388 0.0405615 0.0349054 0.0426809 0.0425065 0.0426315 0.0463114 0.0349273 0.0329003 0.0313665 0.0179227 0.0408986 0.0000000 0.0179470 0.0198254 1.8004728 1.8133492 1.7791215 1.8110949 
EPI688416|HA|A/South_Australia/21/2015|EPI_ISL_206150|A_/_H3N2  0.0106816 0.0270502 0.0252027 0.0326380 0.0271829 0.0106225 0.0142322 0.0178975 0.0199979 0.0179050 0.0177965 0.0161047 0.0216232 0.0179184 0.0197036 0.0254929 0.0423916 0.0367280 0.0483458 0.0443408 0.0444704 0.0481495 0.0405185 0.0309303 0.0293891 0.0179422 0.0388611 0.0179470 0.0000000 0.0124590 1.8187162 1.8312906 1.7966268 1.8290117 
EPI746392|HA|A/Brisbane/174/2015|EPI_ISL_219025|A_/_H3N2        0.0125154 0.0309422 0.0308854 0.0366005 0.0291478 0.0160816 0.0124859 0.0124978 0.0237629 0.0179823 0.0196584 0.0197499 0.0161781 0.0161282 0.0197882 0.0274280 0.0465044 0.0426260 0.0544223 0.0503402 0.0486238 0.0541954 0.0464673 0.0348913 0.0333640 0.0125294 0.0429604 0.0198254 0.0124590 0.0000000 1.7968314 1.8092578 1.7750022 1.8070005 
EPI679237|HA|A/England/54480152/2015|EPI_ISL_203380|A_/_H1N1    1.7884771 1.7686856 1.8210145 1.7801397 1.7815689 1.8366000 1.8022323 1.7568593 1.8026808 1.7748957 1.7975134 1.7879221 1.7924440 1.7598004 1.7845618 1.8101459 1.7569362 1.7784334 1.7655972 1.7719365 1.7380435 1.7591498 1.7668887 1.8004691 1.8043152 1.7584396 1.7972400 1.8004728 1.8187162 1.7968314 0.0000000 0.0160466 0.0124205 0.0160461 
EPI875186|HA|A/England/55341145/2015|EPI_ISL_240948|A_/_H1N1    1.8008272 1.7840354 1.8367763 1.7991819 1.7970120 1.8492754 1.8146814 1.7689697 1.8150712 1.7871690 1.8099373 1.8002692 1.8048140 1.7719067 1.7973352 1.8258728 1.7721311 1.7938494 1.7808643 1.7872997 1.7531150 1.7744025 1.7822295 1.8161088 1.8209936 1.7705497 1.8128599 1.8133492 1.8312906 1.8092578 0.0160466 0.0000000 0.0215137 0.0178103 
EPI875242|HA|A/England/461/2015|EPI_ISL_240955|A_/_H1N1         1.7667827 1.7503476 1.8021024 1.7651489 1.7630985 1.8143329 1.7803644 1.7355840 1.7809151 1.7533369 1.7756878 1.7662329 1.7707134 1.7385350 1.7634048 1.7912926 1.7387979 1.7600000 1.7473606 1.7535768 1.7200818 1.7409393 1.7485619 1.7766922 1.7855856 1.7492762 1.7785349 1.7791215 1.7966268 1.7750022 0.0124205 0.0215137 0.0000000 0.0215127 
EPI625636|HA|A/Dnipropetrovsk/439/2015|EPI_ISL_192067|A_/_H1N1  1.7985817 1.7818097 1.8344980 1.7969367 1.7947741 1.8469823 1.8124214 1.7667599 1.8359631 1.7849346 1.8076806 1.7980241 1.8025659 1.7696986 1.7950962 1.8235980 1.7699256 1.7916149 1.7786498 1.7850725 1.7509238 1.7721895 1.7800048 1.8138453 1.8176854 1.7683400 1.8105990 1.8110949 1.8290117 1.8070005 0.0160461 0.0178103 0.0215127 0.0000000 
