61
EPI2304929|HA|A/Khon_Kaen/FS006/2022|EPI_ISL_16613615|A_/_H3N2                  0.0000000 0.0179046 0.0160903 0.0232418 0.0160426 0.0177956 0.0160372 0.0106167 0.0105477 0.0312112 0.0178133 0.0445425 0.0250202 0.0289373 0.0160468 0.0140934 0.0160191 0.0178167 0.0251178 0.0232405 0.0146181 0.0161131 0.0197636 0.0232696 0.0388453 0.0234131 0.0105527 0.0233830 0.0215209 0.0215254 0.0106102 0.0233303 0.0199265 0.0235352 0.0234068 0.0106124 0.0233726 0.0233200 0.0233375 0.0141996 0.0180430 0.0234137 0.0140857 0.0564352 0.0106213 0.0214908 0.0232376 0.0178132 0.0234305 0.0269324 0.0270482 1.7168465 1.7333357 1.7288476 1.7385610 1.7151631 1.7041808 1.7158294 1.7219980 1.7194532 1.6850530 
EPI2304817|HA|A/Nakhon_Phanom/P4042/2022|EPI_ISL_16613601|A_/_H3N2              0.0179046 0.0000000 0.0142030 0.0269556 0.0141616 0.0141142 0.0141566 0.0216682 0.0215267 0.0217352 0.0141279 0.0463903 0.0287417 0.0251004 0.0141651 0.0251675 0.0141407 0.0159241 0.0249966 0.0269537 0.0282337 0.0141408 0.0160302 0.0251531 0.0406887 0.0105897 0.0215368 0.0177644 0.0105676 0.0142335 0.0236648 0.0177250 0.0106945 0.0106445 0.0105871 0.0236706 0.0105715 0.0105486 0.0142151 0.0253592 0.0106551 0.0105903 0.0251537 0.0566691 0.0236912 0.0177544 0.0269506 0.0178061 0.0105977 0.0250246 0.0141370 1.7403254 1.7570327 1.7524576 1.7622950 1.7386051 1.7275314 1.7393120 1.7455379 1.7429541 1.7081758 
EPI2968092|HA|A/Malaysia/IMR-RP1891/2022|EPI_ISL_18841630|A_/_H3N2              0.0160903 0.0142030 0.0000000 0.0251097 0.0105823 0.0123255 0.0105783 0.0198338 0.0197042 0.0292633 0.0123373 0.0425246 0.0268934 0.0232622 0.0105848 0.0233366 0.0105664 0.0123399 0.0231661 0.0251082 0.0263155 0.0123486 0.0142208 0.0233553 0.0368543 0.0178184 0.0197135 0.0177958 0.0159695 0.0197181 0.0218144 0.0177563 0.0179918 0.0179108 0.0178138 0.0218197 0.0177877 0.0177484 0.0215278 0.0235145 0.0124946 0.0178191 0.0233239 0.0607189 0.0218387 0.0159475 0.0251051 0.0160204 0.0178317 0.0195169 0.0214088 1.7602293 1.7771797 1.7725140 1.7824919 1.7584723 1.7472835 1.7592153 1.7655121 1.7628848 1.7276705 
EPI2292507|HA|A/Singapore/KK0221/2022|EPI_ISL_16520290|A_/_H3N2                 0.0232418 0.0269556 0.0251097 0.0000000 0.0250323 0.0267769 0.0250256 0.0233147 0.0268683 0.0425785 0.0231789 0.0539816 0.0123073 0.0232685 0.0250396 0.0305137 0.0232445 0.0268092 0.0195325 0.0105522 0.0315607 0.0232001 0.0251762 0.0382525 0.0482399 0.0306608 0.0268808 0.0306214 0.0287038 0.0250623 0.0307413 0.0305518 0.0235254 0.0308199 0.0269038 0.0307495 0.0306083 0.0305386 0.0269030 0.0307448 0.0252700 0.0306611 0.0304973 0.0702987 0.0307761 0.0305404 0.0105507 0.0249464 0.0306833 0.0213239 0.0343091 1.7141067 1.7305005 1.7260417 1.7356989 1.7124347 1.7015084 1.7130933 1.7192294 1.7166998 1.6824839 
EPI2292195|HA|A/Singapore/NUH0048/2022|EPI_ISL_16520250|A_/_H3N2                0.0160426 0.0141616 0.0105823 0.0250323 0.0000000 0.0122902 0.0105481 0.0197737 0.0196448 0.0291698 0.0123019 0.0423804 0.0268100 0.0159124 0.0105546 0.0232651 0.0105363 0.0123044 0.0230956 0.0250308 0.0262302 0.0123131 0.0141793 0.0232837 0.0367322 0.0177654 0.0196541 0.0177430 0.0159225 0.0196586 0.0217472 0.0177037 0.0179378 0.0178572 0.0177608 0.0217525 0.0177349 0.0176959 0.0177407 0.0234419 0.0124582 0.0177661 0.0232525 0.0604943 0.0217713 0.0159007 0.0250277 0.0159731 0.0177786 0.0231212 0.0213441 1.7462077 1.7629844 1.7583833 1.7682608 1.7444768 1.7333709 1.7451943 1.7514402 1.7488441 1.7139428 
EPI2291971|HA|A/Singapore/KK719/2022|EPI_ISL_16520222|A_/_H3N2                  0.0177956 0.0141142 0.0123255 0.0267769 0.0122902 0.0000000 0.0122857 0.0215353 0.0213956 0.0290721 0.0140362 0.0441525 0.0285511 0.0249344 0.0122931 0.0250140 0.0122720 0.0140390 0.0248320 0.0267751 0.0280539 0.0140489 0.0159252 0.0250338 0.0385068 0.0177062 0.0214056 0.0194853 0.0158695 0.0195930 0.0235187 0.0194421 0.0178775 0.0177974 0.0177017 0.0235245 0.0176759 0.0176371 0.0213909 0.0252034 0.0124162 0.0177069 0.0250004 0.0602956 0.0235448 0.0105502 0.0267720 0.0177186 0.0177193 0.0212610 0.0212734 1.7474144 1.7641999 1.7595952 1.7694774 1.7456818 1.7345726 1.7464013 1.7383515 1.7500515 1.7151350 
EPI2196839|HA|A/Nakhon_Phanom/NIC-P2268/2022|EPI_ISL_15504808|A_/_H3N2          0.0160372 0.0141566 0.0105783 0.0250256 0.0105481 0.0122857 0.0000000 0.0197675 0.0196387 0.0291628 0.0122974 0.0385501 0.0268032 0.0231846 0.0105506 0.0232586 0.0105324 0.0122999 0.0230891 0.0250241 0.0262231 0.0123086 0.0141743 0.0232771 0.0367256 0.0177597 0.0196480 0.0177372 0.0159172 0.0196526 0.0217408 0.0176980 0.0179319 0.0178515 0.0177551 0.0217460 0.0177292 0.0176902 0.0214561 0.0234353 0.0124537 0.0177604 0.0232459 0.0604941 0.0217648 0.0158953 0.0250211 0.0159677 0.0177729 0.0195102 0.0213378 1.7336402 1.7502791 1.7457306 1.7555288 1.7319310 1.7208875 1.7326262 1.7388333 1.7362618 1.7016039 
EPI2681917|HA|A/ABUDHABI/UAE/0007455/2022|EPI_ISL_18094062|A_/_H3N2             0.0106167 0.0216682 0.0198338 0.0233147 0.0197737 0.0215353 0.0197675 0.0000000 0.0141823 0.0333752 0.0215573 0.0466764 0.0250985 0.0328298 0.0197791 0.0177649 0.0197450 0.0215612 0.0289485 0.0233134 0.0202556 0.0215772 0.0235557 0.0270764 0.0429088 0.0272449 0.0141889 0.0272096 0.0253207 0.0253255 0.0178969 0.0271476 0.0237487 0.0273877 0.0234808 0.0179010 0.0271977 0.0254039 0.0271556 0.0178995 0.0218377 0.0272454 0.0177552 0.0607075 0.0179163 0.0252850 0.0233105 0.0215565 0.0272651 0.0307811 0.0309145 1.7175652 1.7340352 1.7295516 1.7392532 1.7158833 1.7049150 1.7165497 1.7227104 1.7201685 1.6858089 
EPI2922626|HA|A/ABUDHABI/UAE/0009087/2022|EPI_ISL_18781851|A_/_H3N2             0.0105477 0.0215267 0.0197042 0.0268683 0.0196448 0.0213956 0.0196387 0.0141823 0.0000000 0.0349505 0.0214172 0.0483486 0.0286484 0.0326170 0.0196502 0.0105264 0.0196165 0.0214212 0.0287612 0.0268664 0.0220498 0.0214369 0.0234018 0.0269012 0.0426284 0.0270675 0.0105496 0.0233365 0.0251561 0.0251608 0.0177805 0.0269714 0.0235925 0.0234880 0.0270601 0.0177845 0.0233662 0.0233136 0.0269793 0.0141955 0.0216941 0.0270680 0.0105206 0.0563200 0.0142085 0.0251208 0.0268633 0.0214165 0.0270875 0.0305823 0.0270409 1.7251265 1.7416654 1.7371542 1.7468951 1.7264369 1.7070763 1.7241123 1.7302909 1.7307490 1.6932591 
EPI2002112|HA|A/GIHSN/Turkey/Ankara/14015_877/2022|EPI_ISL_11442783|A_/_H3N2    0.0312112 0.0217352 0.0292633 0.0425785 0.0291698 0.0290721 0.0291628 0.0333752 0.0349505 0.0000000 0.0291031 0.0501702 0.0444083 0.0406300 0.0254763 0.0349466 0.0291291 0.0309801 0.0367021 0.0425730 0.0424812 0.0291301 0.0311908 0.0387408 0.0444484 0.0217666 0.0349668 0.0290726 0.0253951 0.0293233 0.0373238 0.0253258 0.0256955 0.0255834 0.0254427 0.0373346 0.0217060 0.0253476 0.0292843 0.0367661 0.0256132 0.0254503 0.0349275 0.0405889 0.0373681 0.0329168 0.0405437 0.0291422 0.0254687 0.0405078 0.0291197 1.7636453 1.7772247 1.7755674 1.7855209 1.7642001 1.7507307 1.7623061 1.7689166 1.7686086 1.7308386 
EPI2162456|HA|A/OKINAWA/185/2022|EPI_ISL_14883652|A_/_H3N2                      0.0178133 0.0141279 0.0123373 0.0231789 0.0123019 0.0140362 0.0122974 0.0215573 0.0214172 0.0291031 0.0000000 0.0442032 0.0249530 0.0213468 0.0123048 0.0250397 0.0122837 0.0140525 0.0212589 0.0231776 0.0280845 0.0105232 0.0123707 0.0250596 0.0385499 0.0177237 0.0214273 0.0177014 0.0158679 0.0195913 0.0235431 0.0140723 0.0178953 0.0178151 0.0177191 0.0235489 0.0176933 0.0176545 0.0214125 0.0252296 0.0124148 0.0177244 0.0250261 0.0623664 0.0235692 0.0176557 0.0231748 0.0159182 0.0177368 0.0212824 0.0212947 1.7165450 1.7330420 1.7285522 1.7382700 1.7148610 1.7038723 1.7155271 1.7216990 1.7191531 1.6847335 
EPI2092205|HA|A/Qatar/16-VI-22-1446249/2022|EPI_ISL_13837766|A_/_H3N2           0.0445425 0.0463903 0.0425246 0.0539816 0.0423804 0.0441525 0.0385501 0.0466764 0.0483486 0.0501702 0.0442032 0.0000000 0.0558136 0.0519938 0.0423959 0.0521743 0.0423250 0.0442087 0.0478912 0.0539723 0.0522837 0.0442444 0.0405530 0.0442101 0.0179226 0.0483631 0.0483707 0.0502199 0.0482136 0.0485121 0.0509172 0.0501005 0.0507465 0.0505518 0.0463207 0.0469344 0.0502004 0.0463347 0.0543845 0.0484791 0.0447941 0.0502852 0.0521464 0.0643099 0.0509803 0.0481432 0.0518984 0.0483729 0.0503232 0.0518403 0.0540746 1.7777458 1.7948496 1.7901202 1.7993005 1.7759628 1.7647110 1.7767345 1.7830723 1.7780490 1.7449353 
EPI2228996|HA|A/Ayutthaya/NIC-P3046/2022|EPI_ISL_15937214|A_/_H3N2              0.0250202 0.0287417 0.0268934 0.0123073 0.0268100 0.0285511 0.0268032 0.0250985 0.0286484 0.0444083 0.0249530 0.0558136 0.0000000 0.0250491 0.0268180 0.0322954 0.0250233 0.0285856 0.0213008 0.0123072 0.0353441 0.0249758 0.0269642 0.0381262 0.0500705 0.0324514 0.0286616 0.0324097 0.0304858 0.0304906 0.0288549 0.0323360 0.0290061 0.0326195 0.0286865 0.0325448 0.0323960 0.0323220 0.0323448 0.0306446 0.0270649 0.0324516 0.0322781 0.0721541 0.0325730 0.0323239 0.0123054 0.0267182 0.0324751 0.0230928 0.0360998 1.7213597 1.7378568 1.7333614 1.7430782 1.7196726 1.7086949 1.7203454 1.7265123 1.7239654 1.6895608 
EPI2200296|HA|A/Ayutthaya/NIC-P3601/2022|EPI_ISL_15610787|A_/_H3N2              0.0289373 0.0251004 0.0232622 0.0232685 0.0159124 0.0249344 0.0231846 0.0328298 0.0326170 0.0406300 0.0213468 0.0519938 0.0250491 0.0000000 0.0231978 0.0363161 0.0214073 0.0249643 0.0213409 0.0232672 0.0399220 0.0213663 0.0233240 0.0326316 0.0462725 0.0287900 0.0326320 0.0287531 0.0268476 0.0307386 0.0349248 0.0286880 0.0290622 0.0289393 0.0287821 0.0349346 0.0287407 0.0286755 0.0287511 0.0365931 0.0234103 0.0287904 0.0345120 0.0748425 0.0349654 0.0286773 0.0232643 0.0269337 0.0288111 0.0213645 0.0305385 1.7529750 1.7697731 1.7651584 1.7750470 1.7512378 1.7401323 1.7519650 1.7582125 1.7556110 1.7206845 
EPI2128567|HA|A/Malaysia/RP0683/2022|EPI_ISL_14467541|A_/_H3N2                  0.0160468 0.0141651 0.0105848 0.0250396 0.0105546 0.0122931 0.0105506 0.0197791 0.0196502 0.0254763 0.0123048 0.0423959 0.0268180 0.0231978 0.0000000 0.0196487 0.0105388 0.0123074 0.0195057 0.0250381 0.0262384 0.0123160 0.0141828 0.0232904 0.0367449 0.0161946 0.0196594 0.0177477 0.0159266 0.0196640 0.0217534 0.0141359 0.0179426 0.0178620 0.0177655 0.0217587 0.0161665 0.0177005 0.0214684 0.0234487 0.0124613 0.0177708 0.0196379 0.0566153 0.0217775 0.0159048 0.0250351 0.0159773 0.0177833 0.0231278 0.0213501 1.7566956 1.7735852 1.7689408 1.7788830 1.7572572 1.7437895 1.7556827 1.7619606 1.7616591 1.7242412 
EPI2640203|HA|A/ABUDHABI/UAE/0007086/2022|EPI_ISL_18010543|A_/_H3N2             0.0140934 0.0251675 0.0233366 0.0305137 0.0232651 0.0250140 0.0232586 0.0177649 0.0105264 0.0349466 0.0250397 0.0521743 0.0322954 0.0363161 0.0196487 0.0000000 0.0232322 0.0250441 0.0250658 0.0305112 0.0257795 0.0250627 0.0270590 0.0305517 0.0464316 0.0307412 0.0140960 0.0269836 0.0288103 0.0288151 0.0213813 0.0269689 0.0272769 0.0271588 0.0307326 0.0213864 0.0270184 0.0269571 0.0306402 0.0177817 0.0253642 0.0307415 0.0105200 0.0563113 0.0177983 0.0287698 0.0305079 0.0250383 0.0307637 0.0342516 0.0307109 1.7148731 1.7313026 1.7268330 1.7365115 1.7184578 1.6969297 1.7138581 1.7200065 1.7227453 1.6831882 
EPI2384251|HA|A/Philippines/39/2022|EPI_ISL_16864433|A_/_H3N2                   0.0160191 0.0141407 0.0105664 0.0232445 0.0105363 0.0122720 0.0105324 0.0197450 0.0196165 0.0291291 0.0122837 0.0423250 0.0250233 0.0214073 0.0105388 0.0232322 0.0000000 0.0122862 0.0213190 0.0232432 0.0261920 0.0122949 0.0123571 0.0232507 0.0366828 0.0177396 0.0196257 0.0141408 0.0158993 0.0196303 0.0217158 0.0141097 0.0179116 0.0178312 0.0177351 0.0217210 0.0177093 0.0176703 0.0214317 0.0234085 0.0124396 0.0177404 0.0232195 0.0604217 0.0217398 0.0158775 0.0232404 0.0123765 0.0177528 0.0213425 0.0213138 1.7480640 1.7648440 1.7602398 1.7701189 1.7463316 1.7352276 1.7470517 1.7532970 1.7506998 1.7157970 
EPI2964194|HA|A/Malaysia/IMR-RP1882/2022|EPI_ISL_18831422|A_/_H3N2              0.0178167 0.0159241 0.0123399 0.0268092 0.0123044 0.0140390 0.0122999 0.0215612 0.0214212 0.0309801 0.0140525 0.0442087 0.0285856 0.0249643 0.0123074 0.0250441 0.0122862 0.0000000 0.0248617 0.0251238 0.0242930 0.0140652 0.0159439 0.0250640 0.0385553 0.0195330 0.0214312 0.0195084 0.0176834 0.0214361 0.0235473 0.0194651 0.0197213 0.0178031 0.0195280 0.0235531 0.0194996 0.0194566 0.0232407 0.0252340 0.0142310 0.0195337 0.0250305 0.0603329 0.0235735 0.0176591 0.0268042 0.0177396 0.0195475 0.0248893 0.0231128 1.7533285 1.7701854 1.7655540 1.7754775 1.7515850 1.7404419 1.7523152 1.7585841 1.7559734 1.7209283 
EPI2084976|HA|A/Singapore/NUH0004/2022|EPI_ISL_13655509|A_/_H3N2                0.0251178 0.0249966 0.0231661 0.0195325 0.0230956 0.0248320 0.0230891 0.0289485 0.0287612 0.0367021 0.0212589 0.0478912 0.0213008 0.0213409 0.0195057 0.0250658 0.0213190 0.0248617 0.0000000 0.0195317 0.0375295 0.0212783 0.0232274 0.0361946 0.0422272 0.0286711 0.0287745 0.0286344 0.0267371 0.0306113 0.0326663 0.0249444 0.0252283 0.0288192 0.0286632 0.0326752 0.0286222 0.0285575 0.0324736 0.0326699 0.0233130 0.0286715 0.0287429 0.0644511 0.0327036 0.0285593 0.0195291 0.0268224 0.0286920 0.0212764 0.0322938 1.7289141 1.7455114 1.7409799 1.7507543 1.7294975 1.7161850 1.7278991 1.7340956 1.7338221 1.6969436 
EPI2626431|HA|A/ABUDHABI/UAE/0005063/2022|EPI_ISL_17987890|A_/_H3N2             0.0232405 0.0269537 0.0251082 0.0105522 0.0250308 0.0267751 0.0250241 0.0233134 0.0268664 0.0425730 0.0231776 0.0539723 0.0123072 0.0232672 0.0250381 0.0305112 0.0232432 0.0251238 0.0195317 0.0000000 0.0334957 0.0231988 0.0251746 0.0382481 0.0482326 0.0306583 0.0268789 0.0306188 0.0287016 0.0287064 0.0307387 0.0305493 0.0234542 0.0308173 0.0269019 0.0307469 0.0306058 0.0305360 0.0305578 0.0307422 0.0252683 0.0306586 0.0304947 0.0702821 0.0307735 0.0268043 0.0105506 0.0249449 0.0306807 0.0213229 0.0343058 1.7221830 1.7387085 1.7342044 1.7439378 1.7204925 1.7094977 1.7211675 1.7273442 1.7247928 1.6903316 
EPI2920036|HA|A/United_Kingdom/UO-4ecc6d354/2022|EPI_ISL_18776066|A_/_H3N2      0.0146181 0.0282337 0.0263155 0.0315607 0.0262302 0.0280539 0.0262231 0.0202556 0.0220498 0.0424812 0.0280845 0.0522837 0.0353441 0.0399220 0.0262384 0.0257795 0.0261920 0.0242930 0.0375295 0.0334957 0.0000000 0.0281113 0.0263158 0.0318625 0.0484565 0.0340810 0.0220604 0.0340350 0.0320478 0.0320528 0.0145239 0.0339538 0.0322137 0.0342658 0.0320319 0.0145271 0.0340201 0.0339385 0.0339633 0.0259806 0.0284653 0.0321789 0.0257651 0.0697271 0.0145397 0.0320006 0.0334921 0.0280821 0.0321264 0.0377389 0.0379087 1.7441642 1.7611854 1.7565186 1.7665415 1.7424100 1.7311393 1.7431347 1.7494729 1.7468403 1.7114317 
EPI1986542|HA|A/Catalonia/NSVH198232316/2022|EPI_ISL_9995004|A_/_H3N2           0.0161131 0.0141408 0.0123486 0.0232001 0.0123131 0.0140489 0.0123086 0.0215772 0.0214369 0.0291301 0.0105232 0.0442444 0.0249758 0.0213663 0.0123160 0.0250627 0.0122949 0.0140652 0.0212783 0.0231988 0.0281113 0.0000000 0.0123820 0.0250826 0.0385858 0.0177399 0.0214469 0.0177175 0.0158823 0.0196092 0.0235649 0.0176783 0.0179118 0.0178315 0.0177353 0.0235707 0.0177095 0.0176705 0.0214321 0.0252529 0.0124262 0.0177406 0.0250491 0.0624253 0.0235911 0.0176718 0.0231960 0.0159327 0.0177531 0.0213018 0.0213142 1.7509561 1.7678378 1.7632024 1.7731406 1.7492115 1.7380464 1.7499397 1.7562201 1.7536063 1.7185007 
EPI2086584|HA|A/England/221240312/2022|EPI_ISL_13699538|A_/_H3N2                0.0197636 0.0160302 0.0142208 0.0251762 0.0141793 0.0159252 0.0141743 0.0235557 0.0234018 0.0311908 0.0123707 0.0405530 0.0269642 0.0233240 0.0141828 0.0270590 0.0123571 0.0159439 0.0232274 0.0251746 0.0263158 0.0123820 0.0000000 0.0252542 0.0350711 0.0196633 0.0234128 0.0178079 0.0177817 0.0215561 0.0255730 0.0177683 0.0198540 0.0197655 0.0196582 0.0255794 0.0196295 0.0195859 0.0216878 0.0272655 0.0143108 0.0196641 0.0270442 0.0648199 0.0256018 0.0195873 0.0251716 0.0160139 0.0196780 0.0232533 0.0232668 1.7458713 1.7626332 1.7580369 1.7679053 1.7441420 1.7330445 1.7448585 1.7510994 1.7485056 1.7136314 
EPI2010496|HA|A/Catalonia/NSVH198237908/2022|EPI_ISL_11767037|A_/_H3N2          0.0232696 0.0251531 0.0233553 0.0382525 0.0232837 0.0250338 0.0232771 0.0270764 0.0269012 0.0387408 0.0250596 0.0442101 0.0381262 0.0326316 0.0232904 0.0305517 0.0232507 0.0250640 0.0361946 0.0382481 0.0318625 0.0250826 0.0252542 0.0000000 0.0424725 0.0307657 0.0269136 0.0307260 0.0288332 0.0327716 0.0291110 0.0306559 0.0310563 0.0309259 0.0307571 0.0291186 0.0307128 0.0306426 0.0346200 0.0270189 0.0253846 0.0270302 0.0287636 0.0708117 0.0291440 0.0287926 0.0382446 0.0289263 0.0307883 0.0362364 0.0344266 1.7602012 1.7771182 1.7724617 1.7824197 1.7584476 1.7472802 1.7591892 1.7654737 1.7628515 1.7277034 
EPI1995519|HA|A/England/220500244/2022|EPI_ISL_11112324|A_/_H3N2                0.0388453 0.0406887 0.0368543 0.0482399 0.0367322 0.0385068 0.0367256 0.0429088 0.0426284 0.0444484 0.0385499 0.0179226 0.0500705 0.0462725 0.0367449 0.0464316 0.0366828 0.0385553 0.0422272 0.0482326 0.0484565 0.0385858 0.0350711 0.0424725 0.0000000 0.0426411 0.0426481 0.0444932 0.0425105 0.0427740 0.0451185 0.0443881 0.0449653 0.0447874 0.0406284 0.0411729 0.0444753 0.0428899 0.0469198 0.0427437 0.0390634 0.0445514 0.0464066 0.0603841 0.0451735 0.0424487 0.0461865 0.0426506 0.0445848 0.0461347 0.0468591 1.7692874 1.7863037 1.7816093 1.7907423 1.7675183 1.7563056 1.7682756 1.7745888 1.7695910 1.7366242 
EPI2209206|HA|A/Catalonia/NSVH198258104/2022|EPI_ISL_15701461|A_/_H3N2          0.0234131 0.0105897 0.0178184 0.0306608 0.0177654 0.0177062 0.0177597 0.0272449 0.0270675 0.0217666 0.0177237 0.0483631 0.0324514 0.0287900 0.0161946 0.0307412 0.0177396 0.0195330 0.0286711 0.0306583 0.0340810 0.0177399 0.0196633 0.0307657 0.0426411 0.0000000 0.0270801 0.0213943 0.0141408 0.0178561 0.0292935 0.0213466 0.0143093 0.0142437 0.0123798 0.0274357 0.0105937 0.0141152 0.0178329 0.0271867 0.0142584 0.0141711 0.0307245 0.0567565 0.0293269 0.0213822 0.0306549 0.0214447 0.0141810 0.0287035 0.0177348 1.7831693 1.7973222 1.7955940 1.8084209 1.7813752 1.7700843 1.7821570 1.7885190 1.7858470 1.7502260 
EPI2187745|HA|A/Catalonia/NSVH151194567/2022|EPI_ISL_15210604|A_/_H3N2          0.0105527 0.0215368 0.0197135 0.0268808 0.0196541 0.0214056 0.0196480 0.0141889 0.0105496 0.0349668 0.0214273 0.0483707 0.0286616 0.0326320 0.0196594 0.0140960 0.0196257 0.0214312 0.0287745 0.0268789 0.0220604 0.0214469 0.0234128 0.0269136 0.0426481 0.0270801 0.0000000 0.0270453 0.0251678 0.0251726 0.0177888 0.0269839 0.0236037 0.0272212 0.0270727 0.0177929 0.0233771 0.0233245 0.0269919 0.0142022 0.0217044 0.0270806 0.0140883 0.0603419 0.0142152 0.0251325 0.0268758 0.0214266 0.0271001 0.0305964 0.0270535 1.7326219 1.7492383 1.7446972 1.7544824 1.7339309 1.7144965 1.7316085 1.7378083 1.7382639 1.7006263 
EPI2087715|HA|A/Switzerland/18559/2022|EPI_ISL_13704425|A_/_H3N2                0.0233830 0.0177644 0.0177958 0.0306214 0.0177430 0.0194853 0.0177372 0.0272096 0.0233365 0.0290726 0.0177014 0.0502199 0.0324097 0.0287531 0.0177477 0.0269836 0.0141408 0.0195084 0.0286344 0.0306188 0.0340350 0.0177175 0.0178079 0.0307260 0.0444932 0.0213943 0.0270453 0.0000000 0.0213493 0.0251621 0.0292553 0.0105535 0.0216000 0.0178512 0.0213887 0.0292630 0.0213577 0.0213102 0.0251293 0.0309355 0.0178983 0.0213950 0.0269689 0.0646388 0.0292886 0.0195026 0.0306155 0.0106013 0.0214102 0.0286667 0.0249905 1.7593877 1.7759747 1.7713198 1.7812775 1.7576340 1.7464611 1.7580455 1.7646621 1.7620393 1.7265573 
EPI2121721|HA|A/Switzerland/59176/2022|EPI_ISL_14328729|A_/_H3N2                0.0215209 0.0105676 0.0159695 0.0287038 0.0159225 0.0158695 0.0159172 0.0253207 0.0251561 0.0253951 0.0158679 0.0482136 0.0304858 0.0268476 0.0159266 0.0288103 0.0158993 0.0176834 0.0267371 0.0287016 0.0320478 0.0158823 0.0177817 0.0288332 0.0425105 0.0141408 0.0251678 0.0213493 0.0000000 0.0141944 0.0273470 0.0213017 0.0142791 0.0142138 0.0141373 0.0273540 0.0141165 0.0140858 0.0177954 0.0290296 0.0106259 0.0123976 0.0287947 0.0585166 0.0273779 0.0195186 0.0286984 0.0177572 0.0141514 0.0267670 0.0176977 1.7565145 1.7733880 1.7687483 1.7786810 1.7547675 1.7436204 1.7555024 1.7617745 1.7591602 1.7240905 
EPI2468800|HA|A/England/225141157/2022|EPI_ISL_17246631|A_/_H3N2                0.0215254 0.0142335 0.0197181 0.0250623 0.0196586 0.0195930 0.0196526 0.0253255 0.0251608 0.0293233 0.0195913 0.0485121 0.0304906 0.0307386 0.0196640 0.0288151 0.0196303 0.0214361 0.0306113 0.0287064 0.0320528 0.0196092 0.0215561 0.0327716 0.0427740 0.0178561 0.0251726 0.0251621 0.0141944 0.0000000 0.0273519 0.0251053 0.0143920 0.0179488 0.0178515 0.0273589 0.0178253 0.0177858 0.0142068 0.0290344 0.0143129 0.0178568 0.0287995 0.0565853 0.0273828 0.0233027 0.0287032 0.0177613 0.0178694 0.0287217 0.0214534 1.7656693 1.7826663 1.7779811 1.7879859 1.7639043 1.7526971 1.7646563 1.7709653 1.7659734 1.7330363 
EPI2394021|HA|A/England/225180496/2022|EPI_ISL_16886749|A_/_H3N2                0.0106102 0.0236648 0.0218144 0.0307413 0.0217472 0.0235187 0.0217408 0.0178969 0.0177805 0.0373238 0.0235431 0.0509172 0.0288549 0.0349248 0.0217534 0.0213813 0.0217158 0.0235473 0.0326663 0.0307387 0.0145239 0.0235649 0.0255730 0.0291110 0.0451185 0.0292935 0.0177888 0.0292553 0.0273470 0.0273519 0.0000000 0.0291880 0.0274833 0.0294478 0.0292852 0.0105462 0.0292425 0.0291751 0.0291964 0.0215433 0.0238517 0.0292939 0.0213697 0.0635150 0.0105550 0.0273081 0.0307354 0.0235419 0.0293153 0.0328476 0.0329908 1.7412475 1.7579934 1.7534066 1.7632668 1.7395227 1.7284260 1.7402324 1.7464717 1.7438817 1.7090285 
EPI2100608|HA|A/Kyiv/58/2022|EPI_ISL_13970481|A_/_H3N2                          0.0233303 0.0177250 0.0177563 0.0305518 0.0177037 0.0194421 0.0176980 0.0271476 0.0269714 0.0253258 0.0140723 0.0501005 0.0323360 0.0286880 0.0141359 0.0269689 0.0141097 0.0194651 0.0249444 0.0305493 0.0339538 0.0176783 0.0177683 0.0306559 0.0443881 0.0213466 0.0269839 0.0105535 0.0213017 0.0251053 0.0291880 0.0000000 0.0215513 0.0214567 0.0213410 0.0291956 0.0213101 0.0212628 0.0250726 0.0308645 0.0178583 0.0213472 0.0269542 0.0645987 0.0292211 0.0231223 0.0305460 0.0105780 0.0213623 0.0286020 0.0249344 1.7484896 1.7649515 1.7603451 1.7702285 1.7490572 1.7356433 1.7471511 1.7537267 1.7534340 1.7158803 
EPI2195789|HA|A/CastillaLaMancha/3200/2022|EPI_ISL_15446987|A_/_H3N2            0.0199265 0.0106945 0.0179918 0.0235254 0.0179378 0.0178775 0.0179319 0.0237487 0.0235925 0.0256955 0.0178953 0.0507465 0.0290061 0.0290622 0.0179426 0.0272769 0.0179116 0.0197213 0.0252283 0.0234542 0.0322137 0.0179118 0.0198540 0.0310563 0.0449653 0.0143093 0.0236037 0.0216000 0.0142791 0.0143920 0.0274833 0.0215513 0.0000000 0.0143840 0.0143057 0.0274904 0.0142845 0.0142530 0.0143732 0.0274866 0.0143991 0.0143100 0.0272619 0.0591969 0.0275145 0.0178964 0.0272002 0.0216513 0.0143201 0.0289741 0.0179066 1.7617255 1.7678103 1.7631971 1.7730874 1.7599714 1.7488102 1.7499989 1.7669963 1.7643742 1.7292400 
EPI2195741|HA|A/CastillaLaMancha/2835/2022|EPI_ISL_15446917|A_/_H3N2            0.0235352 0.0106445 0.0179108 0.0308199 0.0178572 0.0177974 0.0178515 0.0273877 0.0234880 0.0255834 0.0178151 0.0505518 0.0326195 0.0289393 0.0178620 0.0271588 0.0178312 0.0178031 0.0288192 0.0308173 0.0342658 0.0178315 0.0197655 0.0309259 0.0447874 0.0142437 0.0272212 0.0178512 0.0142138 0.0179488 0.0294478 0.0214567 0.0143840 0.0000000 0.0106441 0.0294556 0.0142191 0.0141879 0.0179255 0.0311381 0.0143326 0.0142444 0.0271439 0.0488258 0.0294816 0.0214928 0.0308140 0.0215559 0.0142544 0.0288519 0.0178263 1.7359781 1.7526402 1.7480826 1.7578942 1.7342651 1.7232116 1.7349643 1.7411777 1.7386020 1.7039040 
EPI2932434|HA|A/Soria/209/2022|EPI_ISL_18789413|A_/_H3N2                        0.0234068 0.0105871 0.0178138 0.0269038 0.0177608 0.0177017 0.0177551 0.0234808 0.0270601 0.0254427 0.0177191 0.0463207 0.0286865 0.0287821 0.0177655 0.0307326 0.0177351 0.0195280 0.0286632 0.0269019 0.0320319 0.0177353 0.0196582 0.0307571 0.0406284 0.0123798 0.0270727 0.0213887 0.0141373 0.0178515 0.0292852 0.0213410 0.0143057 0.0106441 0.0000000 0.0255115 0.0141425 0.0141117 0.0178283 0.0291079 0.0142548 0.0141675 0.0307159 0.0566625 0.0293186 0.0213766 0.0268988 0.0214391 0.0141775 0.0286956 0.0177302 1.7441868 1.7609195 1.7563330 1.7653104 1.7424616 1.7313796 1.7431746 1.7494062 1.7468174 1.7119980 
EPI2264370|HA|A/Cardiff/0953/2022|EPI_ISL_16299956|A_/_H3N2                     0.0106124 0.0236706 0.0218197 0.0307495 0.0217525 0.0235245 0.0217460 0.0179010 0.0177845 0.0373346 0.0235489 0.0469344 0.0325448 0.0349346 0.0217587 0.0213864 0.0217210 0.0235531 0.0326752 0.0307469 0.0145271 0.0235707 0.0255794 0.0291186 0.0411729 0.0274357 0.0177929 0.0292630 0.0273540 0.0273589 0.0105462 0.0291956 0.0274904 0.0294556 0.0255115 0.0000000 0.0292502 0.0291827 0.0292041 0.0197273 0.0238576 0.0293016 0.0213748 0.0635384 0.0105572 0.0273151 0.0307435 0.0235477 0.0293230 0.0328565 0.0329998 1.7630702 1.7800261 1.7753558 1.7844549 1.7613109 1.7501243 1.7620577 1.7683542 1.7657249 1.7305067 
EPI2091761|HA|A/United_Kingdom/13214/2022|EPI_ISL_13812822|A_/_H3N2             0.0233726 0.0105715 0.0177877 0.0306083 0.0177349 0.0176759 0.0177292 0.0271977 0.0233662 0.0217060 0.0176933 0.0502004 0.0323960 0.0287407 0.0161665 0.0270184 0.0177093 0.0194996 0.0286222 0.0306058 0.0340201 0.0177095 0.0196295 0.0307128 0.0444753 0.0105937 0.0233771 0.0213577 0.0141165 0.0178253 0.0292425 0.0213101 0.0142845 0.0142191 0.0141425 0.0292502 0.0000000 0.0105452 0.0178022 0.0272244 0.0142338 0.0141467 0.0270037 0.0565923 0.0255626 0.0213456 0.0306024 0.0214079 0.0141566 0.0286544 0.0141325 1.7497070 1.7665322 1.7619139 1.7718190 1.7510156 1.7313749 1.7486931 1.7549538 1.7554039 1.7173563 
EPI2011903|HA|A/CastillaLaMancha/1245/2022|EPI_ISL_11814252|A_/_H3N2            0.0233200 0.0105486 0.0177484 0.0305386 0.0176959 0.0176371 0.0176902 0.0254039 0.0233136 0.0253476 0.0176545 0.0463347 0.0323220 0.0286755 0.0177005 0.0269571 0.0176703 0.0194566 0.0285575 0.0305360 0.0339385 0.0176705 0.0195859 0.0306426 0.0428899 0.0141152 0.0233245 0.0213102 0.0140858 0.0177858 0.0291751 0.0212628 0.0142530 0.0141879 0.0141117 0.0291827 0.0105452 0.0000000 0.0177629 0.0271622 0.0142025 0.0141159 0.0269424 0.0604169 0.0255040 0.0212982 0.0305327 0.0213602 0.0141257 0.0285896 0.0105440 1.7422712 1.7589862 1.7544068 1.7642483 1.7435784 1.7240499 1.7412587 1.7474856 1.7479376 1.7101116 
EPI2240843|HA|A/Catalonia/NSVH170116930/2022|EPI_ISL_16075749|A_/_H3N2          0.0233375 0.0142151 0.0215278 0.0269030 0.0177407 0.0213909 0.0214561 0.0271556 0.0269793 0.0292843 0.0214125 0.0543845 0.0323448 0.0287511 0.0214684 0.0306402 0.0214317 0.0232407 0.0324736 0.0305578 0.0339633 0.0214321 0.0216878 0.0346200 0.0469198 0.0178329 0.0269919 0.0251293 0.0177954 0.0142068 0.0291964 0.0250726 0.0143732 0.0179255 0.0178283 0.0292041 0.0178022 0.0177629 0.0000000 0.0308733 0.0179447 0.0178336 0.0306236 0.0604536 0.0292296 0.0251150 0.0305545 0.0213762 0.0178462 0.0305748 0.0214255 1.7489264 1.7657168 1.7611087 1.7709937 1.7518339 1.7360835 1.7479141 1.7541624 1.7562181 1.7166418 
EPI2640557|HA|A/England/231280380/2022|EPI_ISL_18010627|A_/_H3N2                0.0141996 0.0253592 0.0235145 0.0307448 0.0234419 0.0252034 0.0234353 0.0178995 0.0141955 0.0367661 0.0252296 0.0484791 0.0306446 0.0365931 0.0234487 0.0177817 0.0234085 0.0252340 0.0326699 0.0307422 0.0259806 0.0252529 0.0272655 0.0270189 0.0427437 0.0271867 0.0142022 0.0309355 0.0290296 0.0290344 0.0215433 0.0308645 0.0274866 0.0311381 0.0291079 0.0197273 0.0272244 0.0271622 0.0308733 0.0000000 0.0255590 0.0309761 0.0177720 0.0621453 0.0179334 0.0289884 0.0288019 0.0252281 0.0309987 0.0345115 0.0309451 1.7115386 1.7279508 1.7234899 1.7358009 1.7128530 1.6936095 1.7105222 1.7148868 1.7171305 1.6798765 
EPI2132126|HA|A/England/221900400/2022|EPI_ISL_14572229|A_/_H3N2                0.0180430 0.0106551 0.0124946 0.0252700 0.0124582 0.0124162 0.0124537 0.0218377 0.0216941 0.0256132 0.0124148 0.0447941 0.0270649 0.0234103 0.0124613 0.0253642 0.0124396 0.0142310 0.0233130 0.0252683 0.0284653 0.0124262 0.0143108 0.0253846 0.0390634 0.0142584 0.0217044 0.0178983 0.0106259 0.0143129 0.0238517 0.0178583 0.0143991 0.0143326 0.0142548 0.0238576 0.0142338 0.0142025 0.0179447 0.0255590 0.0000000 0.0142591 0.0253503 0.0590474 0.0238786 0.0160656 0.0252653 0.0142909 0.0142692 0.0233391 0.0178454 1.7724854 1.7895622 1.7848473 1.7948987 1.7707081 1.7594623 1.7714721 1.7778049 1.7751534 1.7397133 
EPI1987684|HA|A/Canarias/782/2022|EPI_ISL_10347222|A_/_H3N2                     0.0234137 0.0105903 0.0178191 0.0306611 0.0177661 0.0177069 0.0177604 0.0272454 0.0270680 0.0254503 0.0177244 0.0502852 0.0324516 0.0287904 0.0177708 0.0307415 0.0177404 0.0195337 0.0286715 0.0306586 0.0321789 0.0177406 0.0196641 0.0270302 0.0445514 0.0141711 0.0270806 0.0213950 0.0123976 0.0178568 0.0292939 0.0213472 0.0143100 0.0142444 0.0141675 0.0293016 0.0141467 0.0141159 0.0178336 0.0309761 0.0142591 0.0000000 0.0307248 0.0606692 0.0293273 0.0213829 0.0306552 0.0214454 0.0141817 0.0287039 0.0177355 1.7616864 1.7786079 1.7739484 1.7839090 1.7599315 1.7487645 1.7603456 1.7669599 1.7643365 1.7291843 
EPI2323342|HA|A/Alicante/VAHNSI-GIHSN-16_2104/2022|EPI_ISL_16740083|A_/_H3N2    0.0140857 0.0251537 0.0233239 0.0304973 0.0232525 0.0250004 0.0232459 0.0177552 0.0105206 0.0349275 0.0250261 0.0521464 0.0322781 0.0345120 0.0196379 0.0105200 0.0232195 0.0250305 0.0287429 0.0304947 0.0257651 0.0250491 0.0270442 0.0287636 0.0464066 0.0307245 0.0140883 0.0269689 0.0287947 0.0287995 0.0213697 0.0269542 0.0272619 0.0271439 0.0307159 0.0213748 0.0270037 0.0269424 0.0306236 0.0177720 0.0253503 0.0307248 0.0000000 0.0562813 0.0177885 0.0287542 0.0304914 0.0250247 0.0307470 0.0342332 0.0306943 1.7249142 1.7414658 1.7369514 1.7466998 1.7285097 1.7068500 1.7238992 1.7300826 1.7328301 1.6930219 
EPI2694337|HA|A/Santiago_de_Compostela/22-191107/2022|EPI_ISL_18119173|A_/_H3N2 0.0564352 0.0566691 0.0607189 0.0702987 0.0604943 0.0602956 0.0604941 0.0607075 0.0563200 0.0405889 0.0623664 0.0643099 0.0721541 0.0748425 0.0566153 0.0563113 0.0604217 0.0603329 0.0644511 0.0702821 0.0697271 0.0624253 0.0648199 0.0708117 0.0603841 0.0567565 0.0603419 0.0646388 0.0585166 0.0565853 0.0635150 0.0645987 0.0591969 0.0488258 0.0566625 0.0635384 0.0565923 0.0604169 0.0604536 0.0621453 0.0590474 0.0606692 0.0562813 0.0000000 0.0635974 0.0644886 0.0680828 0.0623457 0.0607163 0.0723912 0.0625309 1.7067516 1.7201483 1.7186669 1.7283029 1.7073526 1.6941706 1.7057351 1.7118646 1.7141842 1.6751825 
EPI2919854|HA|A/United_Kingdom/UO-494cba150/2022|EPI_ISL_18775912|A_/_H3N2      0.0106213 0.0236912 0.0218387 0.0307761 0.0217713 0.0235448 0.0217648 0.0179163 0.0142085 0.0373681 0.0235692 0.0509803 0.0325730 0.0349654 0.0217775 0.0177983 0.0217398 0.0235735 0.0327036 0.0307735 0.0145397 0.0235911 0.0256018 0.0291440 0.0451735 0.0293269 0.0142152 0.0292886 0.0273779 0.0273828 0.0105550 0.0292211 0.0275145 0.0294816 0.0293186 0.0105572 0.0255626 0.0255040 0.0292296 0.0179334 0.0238786 0.0293273 0.0177885 0.0635974 0.0000000 0.0273389 0.0307702 0.0235681 0.0293488 0.0328852 0.0292977 1.7588964 1.7758638 1.7711949 1.7811831 1.7602072 1.7404226 1.7578804 1.7641848 1.7646324 1.7263018 
EPI2059295|HA|A/Timor-Leste/155/2022|EPI_ISL_13175631|A_/_H3N2                  0.0214908 0.0177544 0.0159475 0.0305404 0.0159007 0.0105502 0.0158953 0.0252850 0.0251208 0.0329168 0.0176557 0.0481432 0.0323239 0.0286773 0.0159048 0.0287698 0.0158775 0.0176591 0.0285593 0.0268043 0.0320006 0.0176718 0.0195873 0.0287926 0.0424487 0.0213822 0.0251325 0.0195026 0.0195186 0.0233027 0.0273081 0.0231223 0.0178964 0.0214928 0.0213766 0.0273151 0.0213456 0.0212982 0.0251150 0.0289884 0.0160656 0.0213829 0.0287542 0.0644886 0.0273389 0.0000000 0.0305346 0.0213972 0.0213981 0.0285914 0.0249764 1.7407730 1.7703947 1.7657691 1.7756794 1.7518185 1.7406902 1.7515827 1.7588086 1.7562012 1.7212013 
EPI2285058|HA|A/Brisbane/849/2022|EPI_ISL_16454707|A_/_H3N2                     0.0232376 0.0269506 0.0251051 0.0105507 0.0250277 0.0267720 0.0250211 0.0233105 0.0268633 0.0405437 0.0231748 0.0518984 0.0123054 0.0232643 0.0250351 0.0305079 0.0232404 0.0268042 0.0195291 0.0105506 0.0334921 0.0231960 0.0251716 0.0382446 0.0461865 0.0306549 0.0268758 0.0306155 0.0286984 0.0287032 0.0307354 0.0305460 0.0272002 0.0308140 0.0268988 0.0307435 0.0306024 0.0305327 0.0305545 0.0288019 0.0252653 0.0306552 0.0304914 0.0680828 0.0307702 0.0305346 0.0000000 0.0249419 0.0306774 0.0213201 0.0343024 1.7105496 1.7269528 1.7224955 1.7321591 1.7088789 1.6979384 1.7095330 1.7156764 1.7131459 1.6789002 
EPI2285043|HA|A/Perth/443/2022|EPI_ISL_16454702|A_/_H3N2                        0.0178132 0.0178061 0.0160204 0.0249464 0.0159731 0.0177186 0.0159677 0.0215565 0.0214165 0.0291422 0.0159182 0.0483729 0.0267182 0.0269337 0.0159773 0.0250383 0.0123765 0.0177396 0.0268224 0.0249449 0.0280821 0.0159327 0.0160139 0.0289263 0.0426506 0.0214447 0.0214266 0.0106013 0.0177572 0.0177613 0.0235419 0.0105780 0.0216513 0.0215559 0.0214391 0.0235477 0.0214079 0.0213602 0.0213762 0.0252281 0.0142909 0.0214454 0.0250247 0.0623457 0.0235681 0.0213972 0.0249419 0.0000000 0.0214606 0.0249572 0.0250493 1.7480861 1.7645638 1.7599534 1.7698464 1.7463507 1.7352272 1.7467461 1.7533283 1.7507265 1.7154459 
EPI2152074|HA|A/Canberra/462/2022|EPI_ISL_14819806|A_/_H3N2                     0.0234305 0.0105977 0.0178317 0.0306833 0.0177786 0.0177193 0.0177729 0.0272651 0.0270875 0.0254687 0.0177368 0.0503232 0.0324751 0.0288111 0.0177833 0.0307637 0.0177528 0.0195475 0.0286920 0.0306807 0.0321264 0.0177531 0.0196780 0.0307883 0.0445848 0.0141810 0.0271001 0.0214102 0.0141514 0.0178694 0.0293153 0.0213623 0.0143201 0.0142544 0.0141775 0.0293230 0.0141566 0.0141257 0.0178462 0.0309987 0.0142692 0.0141817 0.0307470 0.0607163 0.0293488 0.0213981 0.0306774 0.0214606 0.0000000 0.0287245 0.0177480 1.7752028 1.7922624 1.7875483 1.7975887 1.7734259 1.7621982 1.7741924 1.7805161 1.7778663 1.7424734 
EPI2235788|HA|A/Sydney/732/2022|EPI_ISL_16003445|A_/_H3N2                       0.0269324 0.0250246 0.0195169 0.0213239 0.0231212 0.0212610 0.0195102 0.0307811 0.0305823 0.0405078 0.0212824 0.0518403 0.0230928 0.0213645 0.0231278 0.0342516 0.0213425 0.0248893 0.0212764 0.0213229 0.0377389 0.0213018 0.0232533 0.0362364 0.0461347 0.0287035 0.0305964 0.0286667 0.0267670 0.0287217 0.0328476 0.0286020 0.0289741 0.0288519 0.0286956 0.0328565 0.0286544 0.0285896 0.0305748 0.0345115 0.0233391 0.0287039 0.0342332 0.0723912 0.0328852 0.0285914 0.0213201 0.0249572 0.0287245 0.0000000 0.0304513 1.7476375 1.7644469 1.7598353 1.7697314 1.7459023 1.7347774 1.7466231 1.7528799 1.7502782 1.7153112 
EPI2078898|HA|A/Victoria/6/2022|EPI_ISL_13531019|A_/_H3N2                       0.0270482 0.0141370 0.0214088 0.0343091 0.0213441 0.0212734 0.0213378 0.0309145 0.0270409 0.0291197 0.0212947 0.0540746 0.0360998 0.0305385 0.0213501 0.0307109 0.0213138 0.0231128 0.0322938 0.0343058 0.0379087 0.0213142 0.0232668 0.0344266 0.0468591 0.0177348 0.0270535 0.0249905 0.0176977 0.0214534 0.0329908 0.0249344 0.0179066 0.0178263 0.0177302 0.0329998 0.0141325 0.0105440 0.0214255 0.0309451 0.0178454 0.0177355 0.0306943 0.0625309 0.0292977 0.0249764 0.0343024 0.0250493 0.0177480 0.0304513 0.0000000 1.7578101 1.7747203 1.7700690 1.7800231 1.7591176 1.7393952 1.7567967 1.7630813 1.7635281 1.7253180 
EPI2351287|HA|A/England/225120831/2022|EPI_ISL_16810061|A_/_H1N1                1.7168465 1.7403254 1.7602293 1.7141067 1.7462077 1.7474144 1.7336402 1.7175652 1.7251265 1.7636453 1.7165450 1.7777458 1.7213597 1.7529750 1.7566956 1.7148731 1.7480640 1.7533285 1.7289141 1.7221830 1.7441642 1.7509561 1.7458713 1.7602012 1.7692874 1.7831693 1.7326219 1.7593877 1.7565145 1.7656693 1.7412475 1.7484896 1.7617255 1.7359781 1.7441868 1.7630702 1.7497070 1.7422712 1.7489264 1.7115386 1.7724854 1.7616864 1.7249142 1.7067516 1.7588964 1.7407730 1.7105496 1.7480861 1.7752028 1.7476375 1.7578101 0.0000000 0.0160510 0.0124293 0.0196260 0.0142107 0.0124002 0.0161060 0.0124242 0.0268395 0.0124196 
EPI2328661|HA|A/England/225040226/2022|EPI_ISL_16745114|A_/_H1N1                1.7333357 1.7570327 1.7771797 1.7305005 1.7629844 1.7641999 1.7502791 1.7340352 1.7416654 1.7772247 1.7330420 1.7948496 1.7378568 1.7697731 1.7735852 1.7313026 1.7648440 1.7701854 1.7455114 1.7387085 1.7611854 1.7678378 1.7626332 1.7771182 1.7863037 1.7973222 1.7492383 1.7759747 1.7733880 1.7826663 1.7579934 1.7649515 1.7678103 1.7526402 1.7609195 1.7800261 1.7665322 1.7589862 1.7657168 1.7279508 1.7895622 1.7786079 1.7414658 1.7201483 1.7758638 1.7703947 1.7269528 1.7645638 1.7922624 1.7644469 1.7747203 0.0160510 0.0000000 0.0106583 0.0106577 0.0179215 0.0215178 0.0143229 0.0178892 0.0306882 0.0142311 
EPI2328600|HA|A/England/224960873/2022|EPI_ISL_16745076|A_/_H1N1                1.7288476 1.7524576 1.7725140 1.7260417 1.7583833 1.7595952 1.7457306 1.7295516 1.7371542 1.7755674 1.7285522 1.7901202 1.7333614 1.7651584 1.7689408 1.7268330 1.7602398 1.7655540 1.7409799 1.7342044 1.7565186 1.7632024 1.7580369 1.7724617 1.7816093 1.7955940 1.7446972 1.7713198 1.7687483 1.7779811 1.7534066 1.7603451 1.7631971 1.7480826 1.7563330 1.7753558 1.7619139 1.7544068 1.7611087 1.7234899 1.7848473 1.7739484 1.7369514 1.7186669 1.7711949 1.7657691 1.7224955 1.7599534 1.7875483 1.7598353 1.7700690 0.0124293 0.0106583 0.0000000 0.0142173 0.0160425 0.0178532 0.0106949 0.0142484 0.0287289 0.0106263 
EPI2306365|HA|A/England/224900420/2022|EPI_ISL_16616184|A_/_H1N1                1.7385610 1.7622950 1.7824919 1.7356989 1.7682608 1.7694774 1.7555288 1.7392532 1.7468951 1.7855209 1.7382700 1.7993005 1.7430782 1.7750470 1.7788830 1.7365115 1.7701189 1.7754775 1.7507543 1.7439378 1.7665415 1.7731406 1.7679053 1.7824197 1.7907423 1.8084209 1.7544824 1.7812775 1.7786810 1.7879859 1.7632668 1.7702285 1.7730874 1.7578942 1.7653104 1.7844549 1.7718190 1.7642483 1.7709937 1.7358009 1.7948987 1.7839090 1.7466998 1.7283029 1.7811831 1.7756794 1.7321591 1.7698464 1.7975887 1.7697314 1.7800231 0.0196260 0.0106577 0.0142173 0.0000000 0.0232838 0.0251144 0.0179111 0.0214763 0.0360803 0.0177966 
EPI2305565|HA|A/England/224820361/2022|EPI_ISL_16616066|A_/_H1N1                1.7151631 1.7386051 1.7584723 1.7124347 1.7444768 1.7456818 1.7319310 1.7158833 1.7264369 1.7642001 1.7148610 1.7759628 1.7196726 1.7512378 1.7572572 1.7184578 1.7463316 1.7515850 1.7294975 1.7204925 1.7424100 1.7492115 1.7441420 1.7584476 1.7675183 1.7813752 1.7339309 1.7576340 1.7547675 1.7639043 1.7395227 1.7490572 1.7599714 1.7342651 1.7424616 1.7613109 1.7510156 1.7435784 1.7518339 1.7128530 1.7707081 1.7599315 1.7285097 1.7073526 1.7602072 1.7518185 1.7088789 1.7463507 1.7734259 1.7459023 1.7591176 0.0142107 0.0179215 0.0160425 0.0232838 0.0000000 0.0179553 0.0197611 0.0160360 0.0160424 0.0160299 
EPI2337072|HA|A/England/225121089/2022|EPI_ISL_16749514|A_/_H1N1                1.7041808 1.7275314 1.7472835 1.7015084 1.7333709 1.7345726 1.7208875 1.7049150 1.7070763 1.7507307 1.7038723 1.7647110 1.7086949 1.7401323 1.7437895 1.6969297 1.7352276 1.7404419 1.7161850 1.7094977 1.7311393 1.7380464 1.7330445 1.7472802 1.7563056 1.7700843 1.7144965 1.7464611 1.7436204 1.7526971 1.7284260 1.7356433 1.7488102 1.7232116 1.7313796 1.7501243 1.7313749 1.7240499 1.7360835 1.6936095 1.7594623 1.7487645 1.7068500 1.6941706 1.7404226 1.7406902 1.6979384 1.7352272 1.7621982 1.7347774 1.7393952 0.0124002 0.0215178 0.0178532 0.0251144 0.0179553 0.0000000 0.0215916 0.0178460 0.0307409 0.0178391 
