23
EPI2082985|HA|A/Myanmar/21M017/2021|EPI_ISL_13631686|A_/_H3N2         0.0000000 0.0177972 0.0233220 0.0458305 0.0105397 0.0123275 0.0141755 0.0214815 0.0196478 0.0105530 0.0638192 0.0457194 0.0177241 0.0105288 0.0141510 0.0177358 0.0142265 0.0214145 0.0363406 0.0618492 0.0289301 0.0255699 1.5478003 
EPI1924397|HA|A/Singapore/INFKK0002/2021|EPI_ISL_5933270|A_/_H3N2     0.0177972 0.0000000 0.0178475 0.0420559 0.0159877 0.0160022 0.0123902 0.0106060 0.0160327 0.0177954 0.0598872 0.0419542 0.0233006 0.0177548 0.0141958 0.0233163 0.0142729 0.0177990 0.0364810 0.0579278 0.0196877 0.0199852 1.5763973 
EPI1924389|HA|A/Thailand/4/2021|EPI_ISL_5933269|A_/_H3N2              0.0233220 0.0178475 0.0000000 0.0324923 0.0214880 0.0215075 0.0178435 0.0233976 0.0215497 0.0233194 0.0500430 0.0324149 0.0289084 0.0232662 0.0196774 0.0289283 0.0197832 0.0233242 0.0270109 0.0481162 0.0106155 0.0053550 1.5432955 
EPI1888048|HA|A/Philippines/1/2021|EPI_ISL_3836431|A_/_H3N2           0.0458305 0.0420559 0.0324923 0.0000000 0.0439163 0.0439553 0.0401149 0.0459805 0.0402265 0.0458239 0.0520308 0.0177672 0.0516992 0.0437632 0.0382527 0.0499393 0.0422744 0.0458336 0.0178793 0.0462206 0.0400652 0.0349209 1.5745709 
EPI2069098|HA|A/Saudi_Arabia/22-23/2021|EPI_ISL_13339914|A_/_H3N2     0.0105397 0.0159877 0.0214880 0.0439163 0.0000000 0.0105459 0.0123796 0.0196548 0.0178285 0.0105387 0.0618299 0.0438100 0.0141056 0.0105157 0.0123582 0.0141148 0.0124251 0.0195936 0.0383332 0.0598659 0.0270713 0.0236986 1.5439677 
EPI2069106|HA|A/Saudi_Arabia/44642/2021|EPI_ISL_13339918|A_/_H3N2     0.0123275 0.0160022 0.0215075 0.0439553 0.0105459 0.0000000 0.0123909 0.0196726 0.0178447 0.0123263 0.0618843 0.0438488 0.0177346 0.0122983 0.0123694 0.0177463 0.0124364 0.0196113 0.0383675 0.0599187 0.0270957 0.0237204 1.5586975 
EPI1843602|HA|A/AbuDhabi/01/2021|EPI_ISL_956319|A_/_H3N2              0.0141755 0.0123902 0.0178435 0.0401149 0.0123796 0.0123909 0.0000000 0.0160245 0.0142119 0.0141741 0.0579115 0.0400182 0.0196294 0.0141418 0.0123869 0.0196426 0.0124541 0.0159748 0.0345600 0.0559595 0.0233784 0.0199808 1.5700792 
EPI1967925|HA|A/Pakistan/ICT14/2021|EPI_ISL_9346128|A_/_H3N2          0.0214815 0.0106060 0.0233976 0.0459805 0.0196548 0.0196726 0.0160245 0.0000000 0.0178358 0.0214791 0.0620809 0.0458686 0.0270426 0.0214301 0.0178499 0.0270612 0.0179459 0.0214835 0.0403648 0.0640046 0.0290243 0.0256541 1.5602633 
EPI1925481|HA|A/Qatar/24-VI-21-3752470/2021|EPI_ISL_6075484|A_/_H3N2  0.0196478 0.0160327 0.0215497 0.0402265 0.0178285 0.0178447 0.0142119 0.0178358 0.0000000 0.0196456 0.0599734 0.0401293 0.0233307 0.0196008 0.0160285 0.0252005 0.0123877 0.0158902 0.0346575 0.0580119 0.0271487 0.0237675 1.5668776 
EPI2024254|HA|A/Qatar/10-VI-21-4396149/2021|EPI_ISL_12240190|A_/_H3N2 0.0105530 0.0177954 0.0233194 0.0458239 0.0105387 0.0123263 0.0141741 0.0214791 0.0196456 0.0000000 0.0638084 0.0457127 0.0177222 0.0105289 0.0141496 0.0177340 0.0142251 0.0214121 0.0402275 0.0618388 0.0289266 0.0255669 1.5615629 
EPI1889181|HA|A/Philippines/6/2021|EPI_ISL_3950048|A_/_H3N2           0.0638192 0.0598872 0.0500430 0.0520308 0.0618299 0.0618843 0.0579115 0.0620809 0.0599734 0.0638084 0.0000000 0.0519028 0.0699508 0.0616103 0.0599007 0.0681838 0.0602300 0.0637252 0.0483420 0.0159977 0.0578853 0.0544825 1.5663353 
EPI1889178|HA|A/Philippines/8/2021|EPI_ISL_3950047|A_/_H3N2           0.0457194 0.0419542 0.0324149 0.0177672 0.0438100 0.0438488 0.0400182 0.0458686 0.0401293 0.0457127 0.0519028 0.0000000 0.0515727 0.0436577 0.0381607 0.0498169 0.0421717 0.0457224 0.0178372 0.0461076 0.0399687 0.0348362 1.5809250 
EPI2044679|HA|A/Nur-Sultan/343/2021|EPI_ISL_12869830|A_/_H3N2         0.0177241 0.0233006 0.0289084 0.0516992 0.0141056 0.0177346 0.0196294 0.0270426 0.0233307 0.0177222 0.0699508 0.0515727 0.0000000 0.0176820 0.0195952 0.0177850 0.0178684 0.0251028 0.0460482 0.0679586 0.0326961 0.0312742 1.5791008 
EPI2194981|HA|A/Maldives/758/2021|EPI_ISL_15394467|A_/_H3N2           0.0105288 0.0177548 0.0232662 0.0437632 0.0105157 0.0122983 0.0141418 0.0214301 0.0196008 0.0105289 0.0616103 0.0436577 0.0176820 0.0000000 0.0141174 0.0159690 0.0141924 0.0213635 0.0381998 0.0596535 0.0288607 0.0255077 1.5625810 
EPI1947371|HA|A/Seeb/72126898/2021|EPI_ISL_7992165|A_/_H3N2           0.0141510 0.0141958 0.0196774 0.0382527 0.0123582 0.0123694 0.0123869 0.0178499 0.0160285 0.0141496 0.0599007 0.0381607 0.0195952 0.0141174 0.0000000 0.0196083 0.0106392 0.0177944 0.0364718 0.0540094 0.0252409 0.0200052 1.5475585 
EPI1947373|HA|A/Zghorta.LBN/7493/2021|EPI_ISL_7992166|A_/_H3N2        0.0177358 0.0233163 0.0289283 0.0499393 0.0141148 0.0177463 0.0196426 0.0270612 0.0252005 0.0177340 0.0681838 0.0498169 0.0177850 0.0159690 0.0196083 0.0000000 0.0197143 0.0269762 0.0442825 0.0661903 0.0346258 0.0312962 1.5701601 
EPI2047029|HA|A/Kazakhstan/582/2021|EPI_ISL_12942452|A_/_H3N2         0.0142265 0.0142729 0.0197832 0.0422744 0.0124251 0.0124364 0.0124541 0.0179459 0.0123877 0.0142251 0.0602300 0.0421717 0.0178684 0.0141924 0.0106392 0.0197143 0.0000000 0.0141455 0.0366709 0.0582595 0.0253783 0.0219737 1.5533814 
EPI1937577|HA|A/Andalucia/9561/2021|EPI_ISL_6917670|A_/_H3N2          0.0214145 0.0177990 0.0233242 0.0458336 0.0195936 0.0196113 0.0159748 0.0214835 0.0158902 0.0214121 0.0637252 0.0457224 0.0251028 0.0213635 0.0177944 0.0269762 0.0141455 0.0000000 0.0402360 0.0617580 0.0289327 0.0219053 1.5605121 
EPI1887976|HA|A/Stockholm/7/2021|EPI_ISL_3797777|A_/_H3N2             0.0363406 0.0364810 0.0270109 0.0178793 0.0383332 0.0383675 0.0345600 0.0403648 0.0346575 0.0402275 0.0483420 0.0178372 0.0460482 0.0381998 0.0364718 0.0442825 0.0366709 0.0402360 0.0000000 0.0464112 0.0345170 0.0293342 1.5669606 
EPI1924447|HA|A/Newcastle/1/2021|EPI_ISL_5933276|A_/_H3N2             0.0618492 0.0579278 0.0481162 0.0462206 0.0598659 0.0599187 0.0559595 0.0640046 0.0580119 0.0618388 0.0159977 0.0461076 0.0679586 0.0596535 0.0540094 0.0661903 0.0582595 0.0617580 0.0464112 0.0000000 0.0559331 0.0525214 1.5605581 
EPI1859990|HA|A/Darwin/1/2021|EPI_ISL_2233237|A_/_H3N2                0.0289301 0.0196877 0.0106155 0.0400652 0.0270713 0.0270957 0.0233784 0.0290243 0.0271487 0.0289266 0.0578853 0.0399687 0.0326961 0.0288607 0.0252409 0.0346258 0.0253783 0.0289327 0.0345170 0.0559331 0.0000000 0.0126053 1.5677859 
EPI1883377|HA|A/Timor-Leste/33/2021|EPI_ISL_3101063|A_/_H3N2          0.0255699 0.0199852 0.0053550 0.0349209 0.0236986 0.0237204 0.0199808 0.0256541 0.0237675 0.0255669 0.0544825 0.0348362 0.0312742 0.0255077 0.0200052 0.0312962 0.0219737 0.0219053 0.0293342 0.0525214 0.0126053 0.0000000 1.5482259 
EPI1962229|HA|A/Murcia/10211/2021|EPI_ISL_8896338|A_/_H1N1            1.5478003 1.5763973 1.5432955 1.5745709 1.5439677 1.5586975 1.5700792 1.5602633 1.5668776 1.5615629 1.5663353 1.5809250 1.5791008 1.5625810 1.5475585 1.5701601 1.5533814 1.5605121 1.5669606 1.5605581 1.5677859 1.5482259 0.0000000 
