74
EPI2903733|HA|A/Gyeongnam/2207/2023|EPI_ISL_18744126|A_/_H3N2                 0.0000000 0.0158956 0.0158179 0.0177557 0.0232439 0.0307704 0.0105830 0.0343487 0.0383421 0.0141439 0.0372119 0.0305186 0.0159068 0.0213527 0.0159506 0.0142026 0.0342605 0.0141582 0.0159869 0.0195730 0.0159673 0.0141368 0.0177579 0.0141713 0.0141517 0.0141621 0.0122776 0.0536409 0.0362193 0.0324547 0.0177086 0.0420410 0.0382760 0.0481971 0.0307498 0.0213943 0.0124197 0.0194783 0.0141263 0.0140957 0.0141697 1.7473201 1.7472865 1.7711278 1.7439739 1.7495927 1.7438596 1.7349929 1.7715854 1.7481217 1.7212595 1.7794921 1.7663930 1.7386999 1.7649937 1.7586993 1.7600819 1.7630815 1.7880728 1.7663073 1.7665374 1.7723525 1.7519537 1.7662380 1.7562299 1.7384389 1.7430093 1.7474852 1.7580695 1.7449669 1.7548346 1.7394575 1.7629715 1.7614157 
EPI3786787|HA|A/ABUDHABI/UAE/0014000/2023|EPI_ISL_19661761|A_/_H3N2           0.0158956 0.0000000 0.0176584 0.0159228 0.0251514 0.0251937 0.0123133 0.0287596 0.0344459 0.0123316 0.0390166 0.0249891 0.0140887 0.0195036 0.0141275 0.0123824 0.0250809 0.0123440 0.0141595 0.0177301 0.0141422 0.0123253 0.0159248 0.0158992 0.0123383 0.0123473 0.0140978 0.0478203 0.0306106 0.0268912 0.0158808 0.0363498 0.0326193 0.0541333 0.0251776 0.0178418 0.0159191 0.0213497 0.0123162 0.0122897 0.0123538 1.7292437 1.7374525 1.7554440 1.7259699 1.7315678 1.7258753 1.7169830 1.7532821 1.7300532 1.7033861 1.7611212 1.7481816 1.7207394 1.7467946 1.7405625 1.7501795 1.7350472 1.7695952 1.7480902 1.7482908 1.7540787 1.7338400 1.7479985 1.7380989 1.7204806 1.7250155 1.7294459 1.7399129 1.7269584 1.7366933 1.7214936 1.7316404 1.7432197 
EPI2821770|HA|A/Qatar/34-VI-23-0101724/2023|EPI_ISL_18613508|A_/_H3N2         0.0158179 0.0176584 0.0000000 0.0195275 0.0250270 0.0325733 0.0158851 0.0361483 0.0419241 0.0159089 0.0390608 0.0323068 0.0176709 0.0106764 0.0159571 0.0159749 0.0360552 0.0159248 0.0177597 0.0213481 0.0177380 0.0159010 0.0123724 0.0194981 0.0159176 0.0159294 0.0104987 0.0554753 0.0380214 0.0342498 0.0158997 0.0438576 0.0400893 0.0500375 0.0325513 0.0177967 0.0159381 0.0176653 0.0158892 0.0158546 0.0159380 1.7350682 1.7327258 1.7613194 1.7294401 1.7350381 1.7293423 1.7204612 1.7567889 1.7335327 1.7068483 1.7670070 1.7516747 1.7242058 1.7502863 1.7440470 1.7454104 1.7483814 1.7731228 1.7515844 1.7517904 1.7575792 1.7396717 1.7514971 1.7439318 1.7239468 1.7284844 1.7329201 1.7457521 1.7304292 1.7403230 1.7272905 1.7506197 1.7467135 
EPI2821333|HA|A/Qatar/32-VI-23-0092359/2023|EPI_ISL_18613438|A_/_H3N2         0.0177557 0.0159228 0.0195275 0.0000000 0.0196821 0.0270530 0.0141468 0.0269679 0.0363403 0.0141680 0.0372165 0.0251505 0.0159341 0.0177549 0.0159781 0.0142268 0.0286755 0.0141823 0.0160144 0.0123388 0.0159948 0.0141608 0.0177888 0.0177599 0.0141757 0.0141862 0.0159440 0.0497765 0.0324835 0.0287470 0.0177393 0.0382539 0.0328312 0.0542953 0.0291194 0.0177891 0.0177823 0.0195646 0.0105531 0.0141196 0.0141938 1.7259694 1.7341935 1.7521984 1.7226996 1.7283090 1.7226081 1.7136866 1.7500334 1.7267824 1.7000771 1.7578823 1.7449353 1.7174624 1.7435467 1.7373085 1.7469331 1.7416377 1.7663609 1.7448427 1.7450385 1.7508375 1.7305717 1.7447466 1.7348392 1.7172032 1.7217444 1.7261787 1.7366536 1.7236897 1.7334278 1.7182181 1.7415182 1.7399625 
EPI2821297|HA|A/Qatar/23-VI-23-0106322/2023|EPI_ISL_18613433|A_/_H3N2         0.0232439 0.0251514 0.0250270 0.0196821 0.0000000 0.0329449 0.0233436 0.0327713 0.0424086 0.0233796 0.0409549 0.0309883 0.0251704 0.0270439 0.0216164 0.0216487 0.0326867 0.0234028 0.0252979 0.0215474 0.0252669 0.0233682 0.0252447 0.0196790 0.0233923 0.0234107 0.0214070 0.0559399 0.0346530 0.0346393 0.0251920 0.0442183 0.0368575 0.0602357 0.0350915 0.0252638 0.0270868 0.0251620 0.0233508 0.0232983 0.0197401 1.7403569 1.7397986 1.7667806 1.7370294 1.7421157 1.7432813 1.7274793 1.7640547 1.7406220 1.7137625 1.7725044 1.7646167 1.7312183 1.7574875 1.7512012 1.7531225 1.7555729 1.7810680 1.7587972 1.7595622 1.7648360 1.7449892 1.7587186 1.7492707 1.7309575 1.7355258 1.7399957 1.7511055 1.7374837 1.7473236 1.7325160 1.7560045 1.7544459 
EPI2510100|HA|A/Japan/14149/2023|EPI_ISL_17467393|A_/_H3N2                    0.0307704 0.0251937 0.0325733 0.0270530 0.0329449 0.0000000 0.0270401 0.0142113 0.0160404 0.0270822 0.0469457 0.0234027 0.0288795 0.0327331 0.0215056 0.0271977 0.0141765 0.0271089 0.0290258 0.0252823 0.0289903 0.0270693 0.0308324 0.0307790 0.0270968 0.0271187 0.0288935 0.0482028 0.0160163 0.0106164 0.0307445 0.0405905 0.0273583 0.0583631 0.0273593 0.0346002 0.0308196 0.0364707 0.0270491 0.0269876 0.0271338 1.7517918 1.7569636 1.7783263 1.7453457 1.7509728 1.7452299 1.7363543 1.7672480 1.7495033 1.7242621 1.7840736 1.7678066 1.7400620 1.7664048 1.7600985 1.7698411 1.7644899 1.7895307 1.7677212 1.7679539 1.7737776 1.7564402 1.7676536 1.7607255 1.7398006 1.7443792 1.7488639 1.7607430 1.7463404 1.7562296 1.7420762 1.7656580 1.7628225 
EPI3006772|HA|A/Philippines/89/2023|EPI_ISL_18876522|A_/_H3N2                 0.0105830 0.0123133 0.0158851 0.0141468 0.0233436 0.0270401 0.0000000 0.0306094 0.0363199 0.0105649 0.0371419 0.0268200 0.0123217 0.0177221 0.0123557 0.0106084 0.0305316 0.0105756 0.0123837 0.0195368 0.0123685 0.0105595 0.0141485 0.0105852 0.0105707 0.0105783 0.0123299 0.0497426 0.0324666 0.0287330 0.0141095 0.0382318 0.0344906 0.0522406 0.0270225 0.0177561 0.0141436 0.0195613 0.0105517 0.0105290 0.0105839 1.7333353 1.7415572 1.7596032 1.7300435 1.7356493 1.7299451 1.7210536 1.7574367 1.7341435 1.7074191 1.7652946 1.7523129 1.7248013 1.7509224 1.7446732 1.7543189 1.7490149 1.7737969 1.7522227 1.7524300 1.7582269 1.7379422 1.7521361 1.7422071 1.7245419 1.7290863 1.7335292 1.7440278 1.7310341 1.7408032 1.7255565 1.7488986 1.7473451 
EPI2665047|HA|A/NAGANO-C/14/2023|EPI_ISL_18058897|A_/_H3N2                    0.0343487 0.0287596 0.0361483 0.0269679 0.0327713 0.0142113 0.0306094 0.0000000 0.0232704 0.0306573 0.0506281 0.0269729 0.0324515 0.0363254 0.0289021 0.0307881 0.0105517 0.0306871 0.0326151 0.0288612 0.0325755 0.0306431 0.0344189 0.0343586 0.0306737 0.0306989 0.0324659 0.0479429 0.0123619 0.0123578 0.0343207 0.0403738 0.0309705 0.0620379 0.0309708 0.0381961 0.0344042 0.0400673 0.0306203 0.0305503 0.0269931 1.7855511 1.7907561 1.8126302 1.7788875 1.7845718 1.7787354 1.7698772 1.8012813 1.7831769 1.7575043 1.8184938 1.8018102 1.7735024 1.8003808 1.7939377 1.8007690 1.7984466 1.8241059 1.7985987 1.8020255 1.8079169 1.7902859 1.8017079 1.7946160 1.7732352 1.7779003 1.7652996 1.7915287 1.7798947 1.7900646 1.7755624 1.7996671 1.7967826 
EPI2630354|HA|A/NAGANO-C/11/2023|EPI_ISL_17995538|A_/_H3N2                    0.0383421 0.0344459 0.0419241 0.0363403 0.0424086 0.0160404 0.0363199 0.0232704 0.0000000 0.0344163 0.0567300 0.0326481 0.0381856 0.0421312 0.0346186 0.0365346 0.0232123 0.0364126 0.0346008 0.0345697 0.0365149 0.0363614 0.0401963 0.0401240 0.0363970 0.0364280 0.0382001 0.0578835 0.0214501 0.0196132 0.0400804 0.0501770 0.0367544 0.0682471 0.0367531 0.0440275 0.0362558 0.0459185 0.0363342 0.0362495 0.0364488 1.7571993 1.7623822 1.7838503 1.7507119 1.7563546 1.7505908 1.7417082 1.7727174 1.7548952 1.7295588 1.7896227 1.7732709 1.7454066 1.7733175 1.7655280 1.7753184 1.7699430 1.7951112 1.7731872 1.7734292 1.7792704 1.7618665 1.7731261 1.7661638 1.7451441 1.7497410 1.7542463 1.7661844 1.7517103 1.7616543 1.7474308 1.7711206 1.7682743 
EPI2681801|HA|A/Bangkok/P2255/2023|EPI_ISL_18093943|A_/_H3N2                  0.0141439 0.0123316 0.0159089 0.0141680 0.0233796 0.0270822 0.0105649 0.0306573 0.0344163 0.0000000 0.0372023 0.0268614 0.0123400 0.0177488 0.0123741 0.0106242 0.0305792 0.0105913 0.0124022 0.0195664 0.0123870 0.0105751 0.0141697 0.0141471 0.0105864 0.0105940 0.0123482 0.0498242 0.0325175 0.0287776 0.0141306 0.0382928 0.0345453 0.0523276 0.0270645 0.0177830 0.0141647 0.0195910 0.0105673 0.0105446 0.0105996 1.7114463 1.7196367 1.7374788 1.7082341 1.7138261 1.7081584 1.7041913 1.7353258 1.7122639 1.6906816 1.7431223 1.7303024 1.7030329 1.7293076 1.7227357 1.7322749 1.7270206 1.7515153 1.7302052 1.7303777 1.7361541 1.7160184 1.7300904 1.7202714 1.7027751 1.7072876 1.7116847 1.7220652 1.7092203 1.7183811 1.7037863 1.7268953 1.7253423 
EPI2924520|HA|A/Turkey/GIHSN_Ankara/140111_950/2023|EPI_ISL_18784523|A_/_H3N2 0.0372119 0.0390166 0.0390608 0.0372165 0.0409549 0.0469457 0.0371419 0.0506281 0.0567300 0.0372023 0.0000000 0.0489599 0.0390495 0.0372123 0.0391596 0.0373664 0.0504899 0.0372387 0.0392508 0.0353543 0.0392022 0.0371854 0.0372910 0.0351120 0.0372225 0.0355397 0.0352696 0.0691113 0.0525934 0.0486195 0.0332388 0.0673267 0.0505403 0.0310488 0.0493467 0.0392679 0.0372743 0.0431120 0.0371570 0.0370684 0.0372767 1.6996654 1.7049562 1.7228860 1.6942142 1.6992402 1.6967331 1.6886494 1.7204347 1.6976472 1.6755577 1.7310219 1.7155060 1.6885395 1.7141421 1.7080275 1.7179798 1.7122522 1.7343341 1.7154048 1.7160872 1.7212846 1.7041956 1.7142432 1.7084192 1.6882839 1.6927523 1.6970953 1.7101892 1.6946648 1.7041538 1.6921101 1.7149721 1.7085080 
EPI2647229|HA|A/NARA/11/2023|EPI_ISL_18030667|A_/_H3N2                        0.0305186 0.0249891 0.0323068 0.0251505 0.0309883 0.0234027 0.0268200 0.0269729 0.0326481 0.0268614 0.0489599 0.0000000 0.0269636 0.0325792 0.0251117 0.0269750 0.0269047 0.0268877 0.0287879 0.0233850 0.0287529 0.0268487 0.0268744 0.0305271 0.0268758 0.0268973 0.0286578 0.0477801 0.0288219 0.0251082 0.0304931 0.0402373 0.0142366 0.0620154 0.0106552 0.0326457 0.0305670 0.0361696 0.0268288 0.0267684 0.0269122 1.7814562 1.7897971 1.8084105 1.7779641 1.7836331 1.7778134 1.7619221 1.8061933 1.7822396 1.7566408 1.8142473 1.8008187 1.7725948 1.7993936 1.7929698 1.8029134 1.7974646 1.8230445 1.8007437 1.8010314 1.8069070 1.7861702 1.8007152 1.7904857 1.7723284 1.7769798 1.7815499 1.7923771 1.7789685 1.7891060 1.7733620 1.7973717 1.7958044 
EPI2925824|HA|A/Bangkok/377/2023|EPI_ISL_18784778|A_/_H3N2                    0.0159068 0.0140887 0.0176709 0.0159341 0.0251704 0.0288795 0.0123217 0.0324515 0.0381856 0.0123400 0.0390495 0.0269636 0.0000000 0.0195177 0.0141373 0.0123910 0.0323686 0.0123525 0.0141694 0.0213387 0.0141521 0.0123337 0.0142259 0.0159104 0.0123468 0.0123558 0.0141076 0.0478024 0.0343145 0.0305673 0.0158920 0.0363347 0.0346748 0.0520978 0.0271682 0.0195554 0.0159303 0.0213653 0.0123246 0.0122981 0.0123623 1.7200462 1.7280323 1.7461866 1.7168011 1.7224013 1.7167156 1.7077895 1.7440273 1.7208610 1.6942302 1.7518521 1.7389612 1.7115810 1.7375770 1.7313614 1.7409480 1.7356712 1.7602931 1.7388668 1.7390530 1.7448410 1.7246347 1.7387631 1.7288949 1.7113225 1.7158497 1.7200474 1.7307004 1.7177889 1.7274805 1.7123355 1.7355493 1.7339952 
EPI2926244|HA|A/Ajman/17380/2023|EPI_ISL_18785759|A_/_H3N2                    0.0213527 0.0195036 0.0106764 0.0177549 0.0270439 0.0327331 0.0177221 0.0363254 0.0421312 0.0177488 0.0372123 0.0325792 0.0195177 0.0000000 0.0178028 0.0178228 0.0362313 0.0177666 0.0196159 0.0195722 0.0195920 0.0177400 0.0141976 0.0213580 0.0177585 0.0177719 0.0159435 0.0575766 0.0382080 0.0344171 0.0177386 0.0458818 0.0386179 0.0563074 0.0328278 0.0160193 0.0177815 0.0232515 0.0177269 0.0176880 0.0177815 1.7181702 1.7288210 1.7441754 1.7174286 1.7229992 1.7173447 1.7084698 1.7434104 1.7214679 1.6949832 1.7498117 1.7394704 1.7122375 1.7380937 1.7319114 1.7414468 1.7361984 1.7606885 1.7393766 1.7395626 1.7453178 1.7227363 1.7392742 1.7269766 1.7119804 1.7164832 1.7208766 1.7221442 1.7184127 1.7282035 1.7039376 1.7269550 1.7345320 
EPI4432142|HA|A/ABUDHABI/UAE/0015760/2023|EPI_ISL_19901806|A_/_H3N2           0.0159506 0.0141275 0.0159571 0.0159781 0.0216164 0.0215056 0.0123557 0.0289021 0.0346186 0.0123741 0.0391596 0.0251117 0.0141373 0.0178028 0.0000000 0.0124253 0.0288286 0.0123866 0.0142086 0.0178160 0.0141912 0.0123678 0.0142127 0.0159543 0.0123809 0.0123899 0.0141465 0.0499108 0.0307627 0.0270239 0.0159357 0.0402162 0.0327827 0.0524198 0.0253020 0.0178371 0.0159743 0.0214243 0.0123586 0.0123319 0.0123965 1.7328095 1.7410243 1.7590514 1.7295222 1.7351231 1.7294240 1.7205387 1.7568869 1.7336173 1.7069181 1.7647373 1.7517695 1.7242845 1.7503804 1.7441375 1.7537731 1.7484744 1.7732304 1.7516792 1.7518855 1.7576775 1.7374120 1.7515920 1.7416733 1.7240253 1.7285660 1.7330043 1.7434919 1.7305115 1.7379212 1.7250391 1.7483581 1.7468057 
EPI2735160|HA|A/Seoul/917/2023|EPI_ISL_18231838|A_/_H3N2                      0.0142026 0.0123824 0.0159749 0.0142268 0.0216487 0.0271977 0.0106084 0.0307881 0.0365346 0.0106242 0.0373664 0.0269750 0.0123910 0.0178228 0.0124253 0.0000000 0.0307093 0.0106351 0.0124537 0.0196483 0.0124383 0.0106187 0.0142286 0.0142058 0.0106301 0.0106378 0.0123992 0.0500439 0.0326567 0.0289000 0.0141891 0.0384587 0.0346942 0.0525615 0.0271798 0.0178573 0.0142235 0.0178650 0.0106108 0.0105879 0.0106434 1.7248517 1.7294344 1.7509472 1.7216009 1.7271848 1.7220631 1.7126288 1.7487924 1.7256615 1.6990883 1.7566019 1.7420630 1.7163913 1.7423416 1.7361365 1.7377854 1.7404426 1.7650346 1.7357169 1.7438245 1.7495949 1.7215585 1.7435343 1.7336787 1.7161333 1.7206505 1.7250624 1.7354833 1.7241064 1.7322730 1.7171434 1.7403231 1.7387747 
EPI2767405|HA|A/FUKUSHIMA/54/2023|EPI_ISL_18366335|A_/_H3N2                   0.0342605 0.0250809 0.0360552 0.0286755 0.0326867 0.0141765 0.0305316 0.0105517 0.0232123 0.0305792 0.0504899 0.0269047 0.0323686 0.0362313 0.0288286 0.0307093 0.0000000 0.0306088 0.0325314 0.0269185 0.0324919 0.0305651 0.0343303 0.0342703 0.0305955 0.0306205 0.0323830 0.0460611 0.0123320 0.0123279 0.0342326 0.0402675 0.0291277 0.0561455 0.0308910 0.0380967 0.0343157 0.0399627 0.0305424 0.0304727 0.0232789 1.7569352 1.7621130 1.7835575 1.7504553 1.7560924 1.7503347 1.7405114 1.7724370 1.7546337 1.7283812 1.7893239 1.7737969 1.7451557 1.7715839 1.7652556 1.7719693 1.7696656 1.7948062 1.7698464 1.7731474 1.7789831 1.7615973 1.7728447 1.7658904 1.7448934 1.7494854 1.7539859 1.7628634 1.7514527 1.7613854 1.7471777 1.7574935 1.7679984 
EPI3456494|HA|A/Singapore/TT0344/2023|EPI_ISL_19283534|A_/_H3N2               0.0141582 0.0123440 0.0159248 0.0141823 0.0234028 0.0271089 0.0105756 0.0306871 0.0364126 0.0105913 0.0372387 0.0268877 0.0123525 0.0177666 0.0123866 0.0106351 0.0306088 0.0000000 0.0124148 0.0195859 0.0123995 0.0105859 0.0141840 0.0141614 0.0105971 0.0106048 0.0123607 0.0498706 0.0325490 0.0288057 0.0141448 0.0383295 0.0345787 0.0523766 0.0270912 0.0178008 0.0141790 0.0196105 0.0105780 0.0105553 0.0106104 1.7015795 1.7097222 1.7273992 1.6984156 1.7039791 1.6983509 1.6894228 1.7252609 1.7023972 1.6760408 1.7329984 1.7203038 1.6932541 1.7189359 1.7128008 1.7222528 1.7170427 1.7413058 1.7202033 1.7203595 1.7261033 1.7061174 1.7200759 1.7103475 1.6929980 1.6974779 1.7226684 1.7121220 1.6993963 1.7089258 1.6940039 1.7169144 1.7153676 
EPI3456557|HA|A/Singapore/TT0564/2023|EPI_ISL_19283542|A_/_H3N2               0.0159869 0.0141595 0.0177597 0.0160144 0.0252979 0.0290258 0.0123837 0.0326151 0.0346008 0.0124022 0.0392508 0.0287879 0.0141694 0.0196159 0.0142086 0.0124537 0.0325314 0.0124148 0.0000000 0.0214462 0.0142235 0.0123959 0.0160164 0.0159905 0.0124090 0.0124181 0.0141786 0.0519176 0.0344874 0.0307213 0.0159719 0.0403079 0.0365377 0.0544586 0.0290065 0.0196541 0.0160106 0.0214730 0.0123867 0.0123599 0.0124248 1.7337620 1.7419636 1.7599676 1.7304772 1.7360686 1.7303781 1.7215111 1.7578063 1.7345680 1.7079094 1.7656456 1.7526936 1.7252470 1.7513064 1.7450719 1.7546952 1.7494036 1.7741285 1.7526038 1.7528112 1.7585939 1.7330955 1.7525178 1.7426120 1.7249883 1.7295222 1.7339545 1.7444286 1.7314649 1.7412120 1.7207737 1.7492879 1.7477382 
EPI2874637|HA|A/Pakistan/AHF-NIH/ICT/010/2023|EPI_ISL_18699132|A_/_H3N2       0.0195730 0.0177301 0.0213481 0.0123388 0.0215474 0.0252823 0.0195368 0.0288612 0.0345697 0.0195664 0.0353543 0.0233850 0.0213387 0.0195722 0.0178160 0.0196483 0.0269185 0.0195859 0.0214462 0.0000000 0.0214200 0.0195568 0.0196099 0.0231884 0.0195770 0.0195920 0.0177535 0.0517273 0.0307193 0.0269856 0.0195552 0.0401597 0.0310490 0.0524177 0.0273364 0.0214552 0.0196026 0.0250949 0.0195423 0.0194992 0.0196027 1.7519377 1.7555098 1.7758092 1.7439040 1.7495279 1.7437897 1.7349142 1.7715384 1.7480554 1.7211671 1.7841977 1.7663420 1.7386251 1.7649416 1.7586422 1.7683733 1.7630279 1.7880374 1.7662563 1.7664865 1.7723062 1.7565831 1.7661869 1.7608656 1.7383639 1.7429385 1.7474185 1.7627124 1.7448980 1.7547741 1.7440413 1.7676276 1.7613607 
EPI2963697|HA|A/Singapore/GP10675/2023|EPI_ISL_18831300|A_/_H3N2              0.0159673 0.0141422 0.0177380 0.0159948 0.0252669 0.0289903 0.0123685 0.0325755 0.0365149 0.0123870 0.0392022 0.0287529 0.0141521 0.0195920 0.0141912 0.0124383 0.0324919 0.0123995 0.0142235 0.0214200 0.0000000 0.0123806 0.0159967 0.0159709 0.0123938 0.0124028 0.0124151 0.0501021 0.0326394 0.0306839 0.0159524 0.0385049 0.0364932 0.0526228 0.0289711 0.0196300 0.0159910 0.0214467 0.0123715 0.0123447 0.0124094 1.7235802 1.7317793 1.7497143 1.7203275 1.7259208 1.7202387 1.7136485 1.7499008 1.7243921 1.7000741 1.7553778 1.7424830 1.7151094 1.7410992 1.7348842 1.7444717 1.7391958 1.7638216 1.7423898 1.7425812 1.7483627 1.7281666 1.7446278 1.7324216 1.7148511 1.7193760 1.7237938 1.7342283 1.7213146 1.7310121 1.7158629 1.7390756 1.7375240 
EPI2737526|HA|A/Sri_Lanka/31/2023|EPI_ISL_18242215|A_/_H3N2                   0.0141368 0.0123253 0.0159010 0.0141608 0.0233682 0.0270693 0.0105595 0.0306431 0.0363614 0.0105751 0.0371854 0.0268487 0.0123337 0.0177400 0.0123678 0.0106187 0.0305651 0.0105859 0.0123959 0.0195568 0.0123806 0.0000000 0.0141626 0.0141399 0.0105809 0.0105885 0.0123419 0.0442237 0.0288249 0.0287642 0.0141234 0.0327733 0.0345296 0.0523063 0.0270517 0.0177741 0.0141576 0.0195814 0.0105618 0.0105392 0.0105941 1.7416287 1.7498730 1.7680195 1.7383022 1.7439194 1.7381948 1.7293108 1.7658446 1.7424337 1.7156068 1.7737366 1.7606764 1.7330373 1.7592797 1.7529993 1.7626979 1.7573681 1.7822910 1.7605888 1.7608098 1.7666215 1.7462548 1.7605125 1.7505295 1.7327768 1.7373399 1.7418057 1.7523627 1.7392955 1.7491297 1.7337945 1.7572555 1.7556995 
EPI4637291|HA|A/Bangkok/002/2023|EPI_ISL_20144611|A_/_H3N2                    0.0177579 0.0159248 0.0123724 0.0177888 0.0252447 0.0308324 0.0141485 0.0344189 0.0401963 0.0141697 0.0372910 0.0268744 0.0142259 0.0141976 0.0142127 0.0142286 0.0343303 0.0141840 0.0160164 0.0196099 0.0159967 0.0141626 0.0000000 0.0159567 0.0141775 0.0141880 0.0123751 0.0517969 0.0362941 0.0325203 0.0123999 0.0402136 0.0345626 0.0504739 0.0270777 0.0142765 0.0141958 0.0196346 0.0141521 0.0141213 0.0141956 1.7520371 1.7579282 1.7785309 1.7463204 1.7519407 1.7462038 1.7373422 1.7739642 1.7504756 1.7235940 1.7842694 1.7687611 1.7410419 1.7673606 1.7610597 1.7707945 1.7654480 1.7904699 1.7686762 1.7689102 1.7747273 1.7566783 1.7686099 1.7609567 1.7407807 1.7453548 1.7498356 1.7628020 1.7473140 1.7573239 1.7441480 1.7677129 1.7637831 
EPI2800701|HA|A/Chiang_Rai/P4803/2023|EPI_ISL_18539977|A_/_H3N2               0.0141713 0.0158992 0.0194981 0.0177599 0.0196790 0.0307790 0.0105852 0.0343586 0.0401240 0.0141471 0.0351120 0.0305271 0.0159104 0.0213580 0.0159543 0.0142058 0.0342703 0.0141614 0.0159905 0.0231884 0.0159709 0.0141399 0.0159567 0.0000000 0.0141548 0.0141653 0.0159204 0.0536595 0.0362300 0.0324639 0.0159241 0.0420541 0.0363049 0.0541014 0.0307584 0.0195947 0.0177556 0.0232172 0.0141295 0.0140988 0.0141728 1.7218775 1.7300728 1.7479892 1.7186316 1.7242228 1.7185444 1.7096387 1.7458328 1.7226900 1.6960923 1.7536482 1.7407679 1.7134175 1.7393853 1.7331760 1.7427538 1.7374825 1.7620824 1.7406742 1.7408629 1.7466419 1.7264604 1.7405730 1.7307138 1.7131594 1.7176810 1.7220945 1.7325182 1.7196180 1.7293034 1.7141708 1.7373616 1.7358103 
EPI2691380|HA|A/Nepal/427/2023|EPI_ISL_18118613|A_/_H3N2                      0.0141517 0.0123383 0.0159176 0.0141757 0.0233923 0.0270968 0.0105707 0.0306737 0.0363970 0.0105864 0.0372225 0.0268758 0.0123468 0.0177585 0.0123809 0.0106301 0.0305955 0.0105971 0.0124090 0.0195770 0.0123938 0.0105809 0.0141775 0.0141548 0.0000000 0.0105998 0.0123550 0.0498503 0.0325349 0.0287930 0.0141383 0.0383132 0.0345637 0.0523553 0.0270791 0.0177926 0.0141725 0.0196016 0.0105731 0.0105504 0.0106055 1.7462099 1.7544691 1.7726777 1.7428632 1.7484890 1.7427499 1.7338685 1.7704971 1.7470132 1.7201229 1.7784111 1.7653026 1.7375842 1.7639020 1.7576022 1.7673333 1.7619874 1.7869978 1.7652164 1.7654451 1.7712670 1.7508481 1.7651457 1.7551296 1.7373230 1.7418978 1.7463776 1.7569702 1.7438574 1.7537315 1.7383427 1.7618768 1.7603190 
EPI2691404|HA|A/Nepal/430/2023|EPI_ISL_18118618|A_/_H3N2                      0.0141621 0.0123473 0.0159294 0.0141862 0.0234107 0.0271187 0.0105783 0.0306989 0.0364280 0.0105940 0.0355397 0.0268973 0.0123558 0.0177719 0.0123899 0.0106378 0.0306205 0.0106048 0.0124181 0.0195920 0.0124028 0.0105885 0.0141880 0.0141653 0.0105998 0.0000000 0.0123640 0.0498960 0.0325619 0.0288164 0.0141487 0.0383462 0.0345929 0.0507300 0.0271010 0.0178061 0.0141830 0.0196167 0.0105807 0.0105579 0.0106131 1.7304486 1.7386720 1.7567035 1.7271652 1.7327727 1.7270692 1.7218421 1.7582382 1.7312588 1.7082018 1.7623925 1.7494232 1.7221732 1.7480333 1.7417879 1.7514261 1.7461251 1.7708863 1.7493320 1.7495349 1.7553331 1.7350540 1.7492417 1.7393203 1.7216648 1.7262087 1.7306485 1.7411387 1.7281554 1.7379134 1.7226797 1.7460075 1.7444530 
EPI3112910|HA|A/Madrid/HRYC-72348174/2023|EPI_ISL_18980521|A_/_H3N2           0.0122776 0.0140978 0.0104987 0.0159440 0.0214070 0.0288935 0.0123299 0.0324659 0.0382001 0.0123482 0.0352696 0.0286578 0.0141076 0.0159435 0.0141465 0.0123992 0.0323830 0.0123607 0.0141786 0.0177535 0.0124151 0.0123419 0.0123751 0.0159204 0.0123550 0.0123640 0.0000000 0.0479464 0.0343290 0.0305815 0.0123410 0.0364464 0.0363684 0.0387813 0.0270286 0.0178004 0.0123708 0.0105681 0.0123328 0.0123062 0.0123705 1.7292574 1.7269316 1.7554618 1.7236517 1.7292492 1.7235595 1.7146604 1.7509371 1.7277284 1.7010758 1.7611401 1.7458462 1.7184246 1.7444602 1.7382334 1.7395913 1.7425553 1.7672354 1.7457541 1.7459509 1.7517379 1.7338543 1.7456593 1.7381139 1.7181659 1.7226983 1.7271246 1.7399282 1.7246398 1.7343620 1.7215061 1.7447878 1.7408842 
EPI3665219|HA|A/Galicia/33341960/2023|EPI_ISL_19573237|A_/_H3N2               0.0536409 0.0478203 0.0554753 0.0497765 0.0559399 0.0482028 0.0497426 0.0479429 0.0578835 0.0498242 0.0691113 0.0477801 0.0478024 0.0575766 0.0499108 0.0500439 0.0460611 0.0498706 0.0519176 0.0517273 0.0501021 0.0442237 0.0517969 0.0536595 0.0498503 0.0498960 0.0479464 0.0000000 0.0480914 0.0460585 0.0536036 0.0106280 0.0520806 0.0504749 0.0521357 0.0577047 0.0498900 0.0536577 0.0459750 0.0476875 0.0442801 1.7323933 1.7406494 1.7587643 1.7290909 1.7347204 1.7352964 1.7273223 1.7565888 1.7332055 1.7068578 1.7644782 1.7418053 1.7238283 1.7500508 1.7437772 1.7534605 1.7481353 1.7730127 1.7513565 1.7515632 1.7573838 1.7370187 1.7341959 1.7413004 1.7235679 1.7281300 1.7325899 1.7431279 1.7300858 1.7398908 1.7245867 1.7449285 1.7464579 
EPI2541035|HA|A/Sweden/14/2023|EPI_ISL_17606898|A_/_H3N2                      0.0362193 0.0306106 0.0380214 0.0324835 0.0346530 0.0160163 0.0324666 0.0123619 0.0214501 0.0325175 0.0525934 0.0288219 0.0343145 0.0382080 0.0307627 0.0326567 0.0123320 0.0325490 0.0344874 0.0307193 0.0326394 0.0288249 0.0362941 0.0362300 0.0325349 0.0325619 0.0343290 0.0480914 0.0000000 0.0141482 0.0361903 0.0404992 0.0328509 0.0640279 0.0328507 0.0400852 0.0362784 0.0419612 0.0324784 0.0324038 0.0288434 1.7520750 1.7572533 1.7786474 1.7456193 1.7512541 1.7455039 1.7366172 1.7675536 1.7497830 1.7245089 1.7844035 1.7681117 1.7403286 1.7667078 1.7603924 1.7670933 1.7647904 1.7898693 1.7649763 1.7682590 1.7772683 1.7567297 1.7679582 1.7610207 1.7400668 1.7446515 1.7491424 1.7580010 1.7466160 1.7565188 1.7423465 1.7659604 1.7631210 
EPI2541043|HA|A/Sweden/15/2023|EPI_ISL_17606899|A_/_H3N2                      0.0324547 0.0268912 0.0342498 0.0287470 0.0346393 0.0106164 0.0287330 0.0123578 0.0196132 0.0287776 0.0486195 0.0251082 0.0305673 0.0344171 0.0270239 0.0289000 0.0123279 0.0288057 0.0307213 0.0269856 0.0306839 0.0287642 0.0325203 0.0324639 0.0287930 0.0288164 0.0305815 0.0460585 0.0141482 0.0000000 0.0324279 0.0385056 0.0290703 0.0599893 0.0290710 0.0362793 0.0325067 0.0381435 0.0287428 0.0286775 0.0288325 1.7538056 1.7702868 1.7803586 1.7585763 1.7642235 1.7648469 1.7495825 1.7806618 1.7627840 1.7373860 1.7861100 1.7812075 1.7532557 1.7797956 1.7734385 1.7801813 1.7778740 1.8031457 1.7780464 1.7813814 1.7872291 1.7584566 1.7810750 1.7627423 1.7529923 1.7576020 1.7621235 1.7597241 1.7595759 1.7695700 1.7440793 1.7676792 1.7762086 
EPI2616634|HA|A/Catalonia/NSVH171605044/2023|EPI_ISL_17974205|A_/_H3N2        0.0177086 0.0158808 0.0158997 0.0177393 0.0251920 0.0307445 0.0141095 0.0343207 0.0400804 0.0141306 0.0332388 0.0304931 0.0158920 0.0177386 0.0159357 0.0141891 0.0342326 0.0141448 0.0159719 0.0195552 0.0159524 0.0141234 0.0123999 0.0159241 0.0141383 0.0141487 0.0123410 0.0536036 0.0361903 0.0324279 0.0000000 0.0420086 0.0382456 0.0482321 0.0307239 0.0160063 0.0141565 0.0195798 0.0141130 0.0140824 0.0141563 1.7293585 1.7352178 1.7555267 1.7237602 1.7293507 1.7236690 1.7147823 1.7510079 1.7278315 1.7012161 1.7611969 1.7459238 1.7185415 1.7445396 1.7383222 1.7479165 1.7426373 1.7646190 1.7458325 1.7460292 1.7518074 1.7339495 1.7446484 1.7382030 1.7182832 1.7228079 1.7272284 1.7400148 1.7247479 1.7344564 1.7216187 1.7448668 1.7383349 
EPI3669419|HA|A/Galicia/28220935/2023|EPI_ISL_19586445|A_/_H3N2               0.0420410 0.0363498 0.0438576 0.0382539 0.0442183 0.0405905 0.0382318 0.0403738 0.0501770 0.0382928 0.0673267 0.0402373 0.0363347 0.0458818 0.0402162 0.0384587 0.0402675 0.0383295 0.0403079 0.0401597 0.0385049 0.0327733 0.0402136 0.0420541 0.0383132 0.0383462 0.0364464 0.0106280 0.0404992 0.0385056 0.0420086 0.0000000 0.0482926 0.0624001 0.0444750 0.0459799 0.0421114 0.0420559 0.0345258 0.0362483 0.0345740 1.7595396 1.7678630 1.7862981 1.7561247 1.7617899 1.7624115 1.7528310 1.7840954 1.7603393 1.7331927 1.7920933 1.7788112 1.7507906 1.7773958 1.7710237 1.7808744 1.7754680 1.8007947 1.7787291 1.7789810 1.7848467 1.7642250 1.7612959 1.7685367 1.7505265 1.7551481 1.7596801 1.7704040 1.7571274 1.7671403 1.7515552 1.7722243 1.7737960 
EPI2538942|HA|A/England/230720061/2023|EPI_ISL_17592652|A_/_H3N2              0.0382760 0.0326193 0.0400893 0.0328312 0.0368575 0.0273583 0.0344906 0.0309705 0.0367544 0.0345453 0.0505403 0.0142366 0.0346748 0.0386179 0.0327827 0.0346942 0.0291277 0.0345787 0.0365377 0.0310490 0.0364932 0.0345296 0.0345626 0.0363049 0.0345637 0.0345929 0.0363684 0.0520806 0.0328509 0.0290703 0.0382456 0.0482926 0.0000000 0.0595860 0.0180287 0.0405153 0.0383392 0.0440711 0.0345038 0.0344237 0.0328516 1.7642477 1.7694240 1.7909413 1.7577321 1.7633720 1.7576037 1.7569562 1.7797820 1.7619321 1.7382113 1.7967214 1.7705403 1.7524195 1.7789182 1.7725713 1.7823838 1.7769991 1.8022276 1.7802465 1.7804997 1.7863397 1.7689205 1.7801940 1.7732159 1.7521565 1.7567593 1.7612736 1.7732407 1.7587304 1.7687069 1.7412341 1.7781842 1.7753354 
EPI2967120|HA|A/Spain/GA-HULA-615037/2023|EPI_ISL_18838698|A_/_H3N2           0.0481971 0.0541333 0.0500375 0.0542953 0.0602357 0.0583631 0.0522406 0.0620379 0.0682471 0.0523276 0.0310488 0.0620154 0.0520978 0.0563074 0.0524198 0.0525615 0.0561455 0.0523766 0.0544586 0.0524177 0.0526228 0.0523063 0.0504739 0.0541014 0.0523553 0.0507300 0.0387813 0.0504749 0.0640279 0.0599893 0.0482321 0.0624001 0.0595860 0.0000000 0.0605274 0.0584783 0.0485493 0.0503932 0.0522667 0.0501502 0.0506586 1.7203299 1.7180427 1.7437334 1.7147902 1.7203560 1.7178386 1.7170019 1.7418220 1.7188190 1.6928447 1.7519432 1.7273270 1.7096058 1.7354219 1.7292499 1.7305916 1.7335281 1.7553233 1.7367023 1.7368839 1.7426345 1.7248902 1.7355279 1.7291246 1.7093490 1.7138456 1.7182323 1.7309193 1.7157727 1.7253911 1.7126648 1.7326963 1.7292431 
EPI2692749|HA|A/Canarias/1843/2023|EPI_ISL_18118770|A_/_H3N2                  0.0307498 0.0251776 0.0325513 0.0291194 0.0350915 0.0273593 0.0270225 0.0309708 0.0367531 0.0270645 0.0493467 0.0106552 0.0271682 0.0328278 0.0253020 0.0271798 0.0308910 0.0270912 0.0290065 0.0273364 0.0289711 0.0270517 0.0270777 0.0307584 0.0270791 0.0271010 0.0270286 0.0521357 0.0328507 0.0290710 0.0307239 0.0444750 0.0180287 0.0605274 0.0000000 0.0328954 0.0307989 0.0345714 0.0270315 0.0269701 0.0271161 1.7420049 1.7502431 1.7683770 1.7386812 1.7442940 1.7385733 1.7296989 1.7662036 1.7428091 1.7176702 1.7740899 1.7610383 1.7334202 1.7596427 1.7533669 1.7630586 1.7577327 1.7826389 1.7609510 1.7611723 1.7669793 1.7466283 1.7608752 1.7508993 1.7331599 1.7377196 1.7421810 1.7527312 1.7396734 1.7495010 1.7341767 1.7576203 1.7560657 
EPI3007096|HA|A/Canberra/464/2023|EPI_ISL_18876646|A_/_H3N2                   0.0213943 0.0178418 0.0177967 0.0177891 0.0252638 0.0346002 0.0177561 0.0381961 0.0440275 0.0177830 0.0392679 0.0326457 0.0195554 0.0160193 0.0178371 0.0178573 0.0380967 0.0178008 0.0196541 0.0214552 0.0196300 0.0177741 0.0142765 0.0195947 0.0177926 0.0178061 0.0178004 0.0577047 0.0400852 0.0362793 0.0160063 0.0459799 0.0405153 0.0584783 0.0328954 0.0000000 0.0196547 0.0251620 0.0177609 0.0177219 0.0178158 1.7197003 1.7352257 1.7457643 1.7237554 1.7293514 1.7236631 1.7147665 1.7510343 1.7278313 1.7011844 1.7514130 1.7345179 1.7185294 1.7445588 1.7383336 1.7479388 1.7426546 1.7673279 1.7458525 1.7460494 1.7518346 1.7242762 1.7457579 1.7285244 1.7182708 1.7228021 1.7272275 1.7303244 1.7247433 1.7346095 1.7120132 1.7351590 1.7409839 
EPI2790185|HA|A/Sydney/316/2023|EPI_ISL_18485010|A_/_H3N2                     0.0124197 0.0159191 0.0159381 0.0177823 0.0270868 0.0308196 0.0141436 0.0344042 0.0362558 0.0141647 0.0372743 0.0305670 0.0159303 0.0177815 0.0159743 0.0142235 0.0343157 0.0141790 0.0160106 0.0196026 0.0159910 0.0141576 0.0141958 0.0177556 0.0141725 0.0141830 0.0123708 0.0498900 0.0362784 0.0325067 0.0141565 0.0421114 0.0383392 0.0485493 0.0307989 0.0196547 0.0000000 0.0196272 0.0141471 0.0141164 0.0141906 1.7139293 1.7197796 1.7399406 1.7083971 1.7139796 1.7083219 1.6993968 1.7354422 1.7124203 1.6859227 1.7455790 1.7304271 1.7032055 1.7290506 1.7228732 1.7323966 1.7271510 1.7516037 1.7303306 1.7305029 1.7362689 1.7184962 1.7302161 1.7227430 1.7029482 1.7074521 1.7118418 1.7245367 1.7093821 1.7189958 1.7062705 1.7293626 1.7254757 
EPI3158210|HA|A/Victoria/3058/2023|EPI_ISL_19012946|A_/_H3N2                  0.0194783 0.0213497 0.0176653 0.0195646 0.0251620 0.0364707 0.0195613 0.0400673 0.0459185 0.0195910 0.0431120 0.0361696 0.0213653 0.0232515 0.0214243 0.0178650 0.0399627 0.0196105 0.0214730 0.0250949 0.0214467 0.0195814 0.0196346 0.0232172 0.0196016 0.0196167 0.0105681 0.0536577 0.0419612 0.0381435 0.0195798 0.0420559 0.0440711 0.0503932 0.0345714 0.0251620 0.0196272 0.0000000 0.0159194 0.0195236 0.0196273 1.6950143 1.6928019 1.7207603 1.6895786 1.6951353 1.6915118 1.6805762 1.7162972 1.6935296 1.6672537 1.7263441 1.7169064 1.6844340 1.7100197 1.7039103 1.7005438 1.7081287 1.7322748 1.7065828 1.7114225 1.7171553 1.6995422 1.7111409 1.7037675 1.6841783 1.6886457 1.6929841 1.7055336 1.6905571 1.6953510 1.6874762 1.7103131 1.7064506 
EPI2686146|HA|A/Brisbane/377/2023|EPI_ISL_18100549|A_/_H3N2                   0.0141263 0.0123162 0.0158892 0.0105531 0.0233508 0.0270491 0.0105517 0.0306203 0.0363342 0.0105673 0.0371570 0.0268288 0.0123246 0.0177269 0.0123586 0.0106108 0.0305424 0.0105780 0.0123867 0.0195423 0.0123715 0.0105618 0.0141521 0.0141295 0.0105731 0.0105807 0.0123328 0.0459750 0.0324784 0.0287428 0.0141130 0.0345258 0.0345038 0.0522667 0.0270315 0.0177609 0.0141471 0.0159194 0.0000000 0.0105314 0.0105863 1.7118223 1.7199963 1.7378043 1.7086155 1.7141961 1.7085395 1.6996177 1.7356557 1.7126381 1.6861460 1.7434367 1.7306411 1.7034243 1.7292650 1.7230891 1.7326101 1.7273659 1.7518136 1.7305443 1.7307169 1.7364816 1.7163856 1.7136508 1.7206298 1.7031671 1.7076707 1.7120595 1.7224204 1.7095997 1.7192131 1.7041761 1.7272411 1.7256913 
EPI2642919|HA|A/Wellington/06/2023|EPI_ISL_18013032|A_/_H3N2                  0.0140957 0.0122897 0.0158546 0.0141196 0.0232983 0.0269876 0.0105290 0.0305503 0.0362495 0.0105446 0.0370684 0.0267684 0.0122981 0.0176880 0.0123319 0.0105879 0.0304727 0.0105553 0.0123599 0.0194992 0.0123447 0.0105392 0.0141213 0.0140988 0.0105504 0.0105579 0.0123062 0.0476875 0.0324038 0.0286775 0.0140824 0.0362483 0.0344237 0.0501502 0.0269701 0.0177219 0.0141164 0.0195236 0.0105314 0.0000000 0.0105635 1.7111133 1.7192745 1.7370523 1.7079133 1.7134864 1.7078388 1.6989274 1.7349068 1.7119283 1.6854785 1.7426754 1.7299023 1.7027312 1.7285284 1.7223626 1.7318678 1.7266320 1.7510373 1.7298058 1.7299770 1.7357329 1.7156694 1.7296908 1.7199067 1.7024744 1.7069701 1.7113516 1.7216941 1.7088966 1.7184913 1.7034820 1.7265070 1.7249593 
EPI2898745|HA|A/Brisbane/502/2023|EPI_ISL_18740015|A_/_H3N2                   0.0141697 0.0123538 0.0159380 0.0141938 0.0197401 0.0271338 0.0105839 0.0269931 0.0364488 0.0105996 0.0372767 0.0269122 0.0123623 0.0177815 0.0123965 0.0106434 0.0232789 0.0106104 0.0124248 0.0196027 0.0124094 0.0105941 0.0141956 0.0141728 0.0106055 0.0106131 0.0123705 0.0442801 0.0288434 0.0288325 0.0141563 0.0345740 0.0328516 0.0506586 0.0271161 0.0178158 0.0141906 0.0196273 0.0105863 0.0105635 0.0000000 1.7365227 1.7447457 1.7628137 1.7332207 1.7388259 1.7331186 1.7232993 1.7606460 1.7373290 1.7096560 1.7685098 1.7563061 1.7279741 1.7541183 1.7478628 1.7575199 1.7522109 1.7770242 1.7554208 1.7556331 1.7614304 1.7411328 1.7553382 1.7453975 1.7277146 1.7322624 1.7367100 1.7472213 1.7342111 1.7439965 1.7287295 1.7520962 1.7505431 
EPI2920320|HA|A/Galicia/21422332677/2023|EPI_ISL_18776469|A_/_H1N1            1.7473201 1.7292437 1.7350682 1.7259694 1.7403569 1.7517918 1.7333353 1.7855511 1.7571993 1.7114463 1.6996654 1.7814562 1.7200462 1.7181702 1.7328095 1.7248517 1.7569352 1.7015795 1.7337620 1.7519377 1.7235802 1.7416287 1.7520371 1.7218775 1.7462099 1.7304486 1.7292574 1.7323933 1.7520750 1.7538056 1.7293585 1.7595396 1.7642477 1.7203299 1.7420049 1.7197003 1.7139293 1.6950143 1.7118223 1.7111133 1.7365227 0.0000000 0.0269934 0.0106065 0.0160312 0.0196997 0.0232425 0.0348947 0.0314544 0.0196599 0.0274016 0.0106195 0.0215123 0.0197419 0.0233533 0.0196745 0.0250193 0.0197547 0.0232674 0.0268442 0.0196432 0.0196868 0.0106369 0.0234166 0.0106046 0.0197690 0.0196838 0.0197612 0.0106051 0.0197222 0.0250916 0.0142130 0.0123886 0.0196239 
EPI2920493|HA|A/Galicia/21452225735/2023|EPI_ISL_18776508|A_/_H1N1            1.7472865 1.7374525 1.7327258 1.7341935 1.7397986 1.7569636 1.7415572 1.7907561 1.7623822 1.7196367 1.7049562 1.7897971 1.7280323 1.7288210 1.7410243 1.7294344 1.7621130 1.7097222 1.7419636 1.7555098 1.7317793 1.7498730 1.7579282 1.7300728 1.7544691 1.7386720 1.7269316 1.7406494 1.7572533 1.7702868 1.7352178 1.7678630 1.7694240 1.7180427 1.7502431 1.7352257 1.7197796 1.6928019 1.7199963 1.7192745 1.7447457 0.0269934 0.0000000 0.0305398 0.0160285 0.0178536 0.0213883 0.0329550 0.0325801 0.0178177 0.0254967 0.0343591 0.0196586 0.0178919 0.0106418 0.0178308 0.0269588 0.0179034 0.0250846 0.0250517 0.0214529 0.0178419 0.0344202 0.0178604 0.0269211 0.0179163 0.0178395 0.0142214 0.0326899 0.0164338 0.0195490 0.0365086 0.0345486 0.0214317 
EPI2920509|HA|A/Galicia/21452225742/2023|EPI_ISL_18776514|A_/_H1N1            1.7711278 1.7554440 1.7613194 1.7521984 1.7667806 1.7783263 1.7596032 1.8126302 1.7838503 1.7374788 1.7228860 1.8084105 1.7461866 1.7441754 1.7590514 1.7509472 1.7835575 1.7273992 1.7599676 1.7758092 1.7497143 1.7680195 1.7785309 1.7479892 1.7726777 1.7567035 1.7554618 1.7587643 1.7786474 1.7803586 1.7555267 1.7862981 1.7909413 1.7437334 1.7683770 1.7457643 1.7399406 1.7207603 1.7378043 1.7370523 1.7628137 0.0106065 0.0305398 0.0000000 0.0214273 0.0269633 0.0305055 0.0384910 0.0389473 0.0269086 0.0309940 0.0177660 0.0287893 0.0270208 0.0269005 0.0269288 0.0322845 0.0270387 0.0305387 0.0341261 0.0268861 0.0269457 0.0177958 0.0269733 0.0177405 0.0270580 0.0269403 0.0270470 0.0177420 0.0269934 0.0286276 0.0214000 0.0195412 0.0268589 
EPI2611687|HA|A/Murcia/1652/2023|EPI_ISL_17958353|A_/_H1N1                    1.7439739 1.7259699 1.7294401 1.7226996 1.7370294 1.7453457 1.7300435 1.7788875 1.7507119 1.7082341 1.6942142 1.7779641 1.7168011 1.7174286 1.7295222 1.7216009 1.7504553 1.6984156 1.7304772 1.7439040 1.7203275 1.7383022 1.7463204 1.7186316 1.7428632 1.7271652 1.7236517 1.7290909 1.7456193 1.7585763 1.7237602 1.7561247 1.7577321 1.7147902 1.7386812 1.7237554 1.7083971 1.6895786 1.7086155 1.7079133 1.7332207 0.0160312 0.0160285 0.0214273 0.0000000 0.0106468 0.0141731 0.0274224 0.0234265 0.0106255 0.0200023 0.0232722 0.0124341 0.0106697 0.0124437 0.0106332 0.0195851 0.0106763 0.0141879 0.0213956 0.0106163 0.0106398 0.0233121 0.0124772 0.0195578 0.0106841 0.0106389 0.0106801 0.0215776 0.0106592 0.0141894 0.0253029 0.0234049 0.0106064 
EPI3080776|HA|A/ComunidadValenciana/240275/2023|EPI_ISL_18942880|A_/_H1N1     1.7495927 1.7315678 1.7350381 1.7283090 1.7421157 1.7509728 1.7356493 1.7845718 1.7563546 1.7138261 1.6992402 1.7836331 1.7224013 1.7229992 1.7351231 1.7271848 1.7560924 1.7039791 1.7360686 1.7495279 1.7259208 1.7439194 1.7519407 1.7242228 1.7484890 1.7327727 1.7292492 1.7347204 1.7512541 1.7642235 1.7293507 1.7617899 1.7633720 1.7203560 1.7442940 1.7293514 1.7139796 1.6951353 1.7141961 1.7134864 1.7388259 0.0196997 0.0178536 0.0269633 0.0106468 0.0000000 0.0141897 0.0293193 0.0252190 0.0106380 0.0218725 0.0269976 0.0124488 0.0106823 0.0142570 0.0106458 0.0232706 0.0106880 0.0178307 0.0214205 0.0142317 0.0106524 0.0270445 0.0142954 0.0232380 0.0106958 0.0106515 0.0106918 0.0253084 0.0106719 0.0160027 0.0290729 0.0271501 0.0142181 
EPI2398662|HA|A/Baleares/74/2023|EPI_ISL_16913871|A_/_H1N1                    1.7438596 1.7258753 1.7293423 1.7226081 1.7432813 1.7452299 1.7299451 1.7787354 1.7505908 1.7081584 1.6967331 1.7778134 1.7167156 1.7173447 1.7294240 1.7220631 1.7503347 1.6983509 1.7303781 1.7437897 1.7202387 1.7381948 1.7462038 1.7185444 1.7427499 1.7270692 1.7235595 1.7352964 1.7455039 1.7648469 1.7236690 1.7624115 1.7576037 1.7178386 1.7385733 1.7236631 1.7083219 1.6915118 1.7085395 1.7078388 1.7331186 0.0232425 0.0213883 0.0305055 0.0141731 0.0141897 0.0000000 0.0311574 0.0287725 0.0141613 0.0254673 0.0305444 0.0142952 0.0123980 0.0177919 0.0141716 0.0232131 0.0142290 0.0213616 0.0213677 0.0177609 0.0141804 0.0305979 0.0178398 0.0267675 0.0142393 0.0141788 0.0142339 0.0288717 0.0142061 0.0159634 0.0326473 0.0307143 0.0177438 
EPI3447272|HA|A/Galicia/SCQ/318602/2023|EPI_ISL_19273341|A_/_H1N1             1.7349929 1.7169830 1.7204612 1.7136866 1.7274793 1.7363543 1.7210536 1.7698772 1.7417082 1.7041913 1.6886494 1.7619221 1.7077895 1.7084698 1.7205387 1.7126288 1.7405114 1.6894228 1.7215111 1.7349142 1.7136485 1.7293108 1.7373422 1.7096387 1.7338685 1.7218421 1.7146604 1.7273223 1.7366172 1.7495825 1.7147823 1.7528310 1.7569562 1.7170019 1.7296989 1.7147665 1.6993968 1.6805762 1.6996177 1.6989274 1.7232993 0.0348947 0.0329550 0.0384910 0.0274224 0.0293193 0.0311574 0.0000000 0.0355306 0.0292589 0.0177748 0.0424311 0.0295380 0.0277009 0.0292499 0.0292813 0.0385357 0.0294027 0.0367648 0.0366007 0.0330221 0.0292999 0.0425094 0.0255788 0.0423641 0.0294240 0.0292934 0.0294117 0.0407608 0.0293523 0.0293776 0.0446893 0.0410305 0.0329871 
