27
EPI534966|HA|A/Ho_Chi_Minh/459.6/2010|EPI_ISL_163974|A_/_H3N2    0.0000000 0.0770410 0.0747961 0.0787481 0.0814162 0.0789187 0.0765548 0.0889640 0.1112502 0.1002416 0.0923413 0.0890715 0.1110983 0.0791332 0.0774871 0.0768617 0.0675464 0.0753340 0.0753601 0.0714031 0.0807854 0.0749031 0.0751961 1.3659399 1.3672105 1.3749661 1.3677297 
EPI534967|HA|A/Ho_Chi_Minh/518.6/2010|EPI_ISL_163975|A_/_H3N2    0.0770410 0.0000000 0.0142456 0.0106077 0.0198214 0.0195802 0.0159790 0.0269634 0.0424569 0.0329509 0.0307269 0.0232790 0.0463123 0.0288367 0.0363028 0.0268982 0.0380433 0.0324895 0.0232404 0.0381543 0.0305494 0.0142426 0.0344330 1.3925185 1.3969523 1.3970938 1.3974751 
EPI534969|HA|A/Ho_Chi_Minh/552.7/2010|EPI_ISL_163977|A_/_H3N2    0.0747961 0.0142456 0.0000000 0.0177844 0.0197803 0.0232383 0.0195402 0.0305751 0.0501460 0.0328817 0.0306631 0.0269534 0.0462140 0.0250957 0.0343060 0.0231860 0.0342324 0.0287226 0.0232924 0.0343318 0.0268096 0.0142134 0.0306410 1.3805062 1.3849159 1.3850696 1.3854372 
EPI534975|HA|A/Ho_Chi_Minh/612.7/2010|EPI_ISL_163983|A_/_H3N2    0.0787481 0.0106077 0.0177844 0.0000000 0.0197605 0.0159641 0.0123594 0.0159795 0.0385477 0.0328202 0.0232669 0.0159613 0.0347649 0.0324004 0.0398842 0.0304467 0.0416156 0.0360552 0.0286805 0.0417370 0.0341013 0.0177806 0.0380101 1.3987972 1.4032301 1.4033646 1.4037519 
EPI534973|HA|A/Ho_Chi_Minh/607.7/2010|EPI_ISL_163981|A_/_H3N2    0.0814162 0.0198214 0.0197803 0.0197605 0.0000000 0.0179478 0.0179122 0.0215040 0.0364239 0.0349596 0.0290197 0.0290358 0.0325984 0.0345678 0.0421389 0.0289155 0.0438819 0.0382613 0.0308029 0.0440110 0.0362790 0.0197760 0.0402431 1.3889321 1.3933625 1.3935078 1.3938852 
EPI534978|HA|A/Ho_Chi_Minh/632.8/2010|EPI_ISL_163986|A_/_H3N2    0.0789187 0.0195802 0.0232383 0.0159641 0.0179478 0.0000000 0.0213668 0.0177815 0.0405659 0.0347247 0.0214375 0.0214654 0.0328960 0.0343114 0.0418308 0.0323426 0.0435632 0.0379800 0.0286615 0.0436906 0.0360119 0.0196242 0.0399478 1.3712619 1.3756485 1.3758107 1.3761679 
EPI534979|HA|A/Ho_Chi_Minh/638.8/2010|EPI_ISL_163987|A_/_H3N2    0.0765548 0.0159790 0.0195402 0.0123594 0.0179122 0.0213668 0.0000000 0.0249962 0.0442804 0.0383381 0.0323944 0.0250382 0.0404037 0.0341567 0.0416418 0.0321973 0.0433670 0.0378089 0.0304351 0.0434933 0.0358502 0.0195359 0.0397675 1.3734625 1.3844970 1.3846508 1.3850177 
EPI534976|HA|A/Ho_Chi_Minh/626.8/2010|EPI_ISL_163984|A_/_H3N2    0.0889640 0.0269634 0.0305751 0.0159795 0.0215040 0.0177815 0.0249962 0.0000000 0.0404774 0.0328355 0.0250832 0.0287778 0.0365633 0.0417919 0.0494149 0.0397744 0.0511432 0.0454971 0.0379993 0.0512937 0.0434826 0.0269238 0.0475058 1.4200182 1.4244893 1.4245997 1.4250122 
EPI534982|HA|A/Ho_Chi_Minh/660.8/2010|EPI_ISL_163990|A_/_H3N2    0.1112502 0.0424569 0.0501460 0.0385477 0.0364239 0.0405659 0.0442804 0.0404774 0.0000000 0.0459901 0.0391837 0.0520561 0.0558151 0.0657690 0.0738226 0.0635702 0.0755548 0.0696403 0.0617563 0.0757843 0.0674484 0.0501329 0.0718024 1.4804354 1.4849934 1.4850220 1.4855119 
EPI534983|HA|A/Ho_Chi_Minh/718.8/2010|EPI_ISL_163991|A_/_H3N2    0.1002416 0.0329509 0.0328817 0.0328202 0.0349596 0.0347247 0.0383381 0.0328355 0.0459901 0.0000000 0.0347104 0.0423704 0.0546550 0.0480562 0.0558469 0.0459762 0.0575889 0.0518315 0.0441777 0.0577611 0.0479820 0.0328738 0.0538955 1.4250174 1.4291669 1.4252703 1.4296882 
EPI534986|HA|A/Ho_Chi_Minh/854.10/2010|EPI_ISL_163994|A_/_H3N2   0.0923413 0.0307269 0.0306631 0.0232669 0.0290197 0.0214375 0.0323944 0.0250832 0.0391837 0.0347104 0.0000000 0.0287981 0.0443329 0.0456347 0.0533192 0.0435900 0.0550470 0.0493629 0.0418102 0.0552097 0.0473222 0.0306559 0.0513945 1.4220593 1.4265195 1.4266271 1.4270407 
EPI534984|HA|A/Ho_Chi_Minh/721.8/2010|EPI_ISL_163992|A_/_H3N2    0.0890715 0.0232790 0.0269534 0.0159613 0.0290358 0.0214654 0.0250382 0.0287778 0.0520561 0.0423704 0.0287981 0.0000000 0.0425913 0.0418316 0.0494639 0.0398116 0.0511943 0.0455411 0.0380345 0.0513451 0.0435241 0.0269472 0.0475524 1.4212348 1.4257082 1.4258171 1.4262311 
EPI534985|HA|A/Ho_Chi_Minh/722.8/2010|EPI_ISL_163993|A_/_H3N2    0.1110983 0.0463123 0.0462140 0.0347649 0.0325984 0.0328960 0.0404037 0.0365633 0.0558151 0.0546550 0.0443329 0.0425913 0.0000000 0.0599201 0.0697237 0.0577552 0.0714583 0.0655798 0.0559422 0.0716746 0.0616104 0.0462022 0.0659042 1.4469625 1.4514870 1.4515635 1.4520106 
EPI439795|HA|A/Riyadh/01/2010|EPI_ISL_138843|A_/_H3N2            0.0791332 0.0288367 0.0250957 0.0324004 0.0345678 0.0343114 0.0341567 0.0417919 0.0657690 0.0480562 0.0456347 0.0418316 0.0599201 0.0000000 0.0269258 0.0123904 0.0268686 0.0214178 0.0124471 0.0269461 0.0159636 0.0177453 0.0124452 1.3441759 1.3485143 1.3530357 1.3490294 
EPI270353|HA|A/Taiwan/42/2010|EPI_ISL_76702|A_/_H3N2             0.0774871 0.0363028 0.0343060 0.0398842 0.0421389 0.0418308 0.0416418 0.0494149 0.0738226 0.0558469 0.0533192 0.0494639 0.0697237 0.0269258 0.0000000 0.0250045 0.0123741 0.0232398 0.0232928 0.0141974 0.0286369 0.0250161 0.0324887 1.3572400 1.3616225 1.3617980 1.3621423 
EPI457975|HA|A/Singapore/H2010.471C/2010|EPI_ISL_142982|A_/_H3N2 0.0768617 0.0268982 0.0231860 0.0304467 0.0289155 0.0323426 0.0321973 0.0397744 0.0635702 0.0459762 0.0435900 0.0398116 0.0577552 0.0123904 0.0250045 0.0000000 0.0249517 0.0195345 0.0106152 0.0250234 0.0141188 0.0158908 0.0177966 1.3405097 1.3448506 1.3450394 1.3453661 
EPI309622|HA|A/Osaka/72/2010|EPI_ISL_87966|A_/_H3N2              0.0675464 0.0380433 0.0342324 0.0416156 0.0438819 0.0435632 0.0433670 0.0511432 0.0755548 0.0575889 0.0550470 0.0511943 0.0714583 0.0268686 0.0123741 0.0249517 0.0000000 0.0231908 0.0250660 0.0105947 0.0285762 0.0267513 0.0324191 1.3429880 1.3473360 1.3475229 1.3478522 
EPI301362|HA|A/England/4820166/2010|EPI_ISL_85727|A_/_H3N2       0.0753340 0.0324895 0.0287226 0.0360552 0.0382613 0.0379800 0.0378089 0.0454971 0.0696403 0.0518315 0.0493629 0.0455411 0.0655798 0.0214178 0.0232398 0.0195345 0.0231908 0.0000000 0.0196239 0.0195848 0.0231347 0.0213241 0.0269188 1.3597650 1.3641442 1.3643173 1.3646634 
EPI309725|HA|A/England/270/2010|EPI_ISL_88034|A_/_H3N2           0.0753601 0.0232404 0.0232924 0.0286805 0.0308029 0.0286615 0.0304351 0.0379993 0.0617563 0.0441777 0.0418102 0.0380345 0.0559422 0.0124471 0.0232928 0.0106152 0.0250660 0.0196239 0.0000000 0.0251383 0.0141832 0.0141378 0.0178783 1.3482146 1.3525585 1.3527407 1.3530741 
EPI316874|HA|A/Malmoe/5/2010|EPI_ISL_90053|A_/_H3N2              0.0714031 0.0381543 0.0343318 0.0417370 0.0440110 0.0436906 0.0434933 0.0512937 0.0757843 0.0577611 0.0552097 0.0513451 0.0716746 0.0269461 0.0141974 0.0250234 0.0105947 0.0195848 0.0251383 0.0000000 0.0286584 0.0268281 0.0325132 1.3444010 1.3487509 1.3489366 1.3492673 
EPI294342|HA|A/SOUTH_AUSTRALIA/414/2010|EPI_ISL_83868|A_/_H3N2   0.0807854 0.0305494 0.0268096 0.0341013 0.0362790 0.0360119 0.0358502 0.0434826 0.0674484 0.0479820 0.0473222 0.0435241 0.0616104 0.0159636 0.0286369 0.0141188 0.0285762 0.0231347 0.0141832 0.0286584 0.0000000 0.0194626 0.0214005 1.3376125 1.3419463 1.3421371 1.3424610 
EPI331336|HA|A/TOWNSVILLE/122/2010|EPI_ISL_94798|A_/_H3N2        0.0749031 0.0142426 0.0142134 0.0177806 0.0197760 0.0196242 0.0195359 0.0269238 0.0501329 0.0328738 0.0306559 0.0269472 0.0462022 0.0177453 0.0250161 0.0158908 0.0267513 0.0213241 0.0141378 0.0268281 0.0194626 0.0000000 0.0231943 1.3270049 1.3313302 1.3315292 1.3318439 
EPI331440|HA|A/VICTORIA/1034/2010|EPI_ISL_94833|A_/_H3N2         0.0751961 0.0344330 0.0306410 0.0380101 0.0402431 0.0399478 0.0397675 0.0475058 0.0718024 0.0538955 0.0513945 0.0475524 0.0659042 0.0124452 0.0324887 0.0177966 0.0324191 0.0269188 0.0178783 0.0325132 0.0214005 0.0231943 0.0000000 1.3536967 1.3580573 1.3626148 1.3585747 
EPI273891|HA|A/Dnipropetrovsk/445/2010|EPI_ISL_77716|A_/_H1N1    1.3659399 1.3925185 1.3805062 1.3987972 1.3889321 1.3712619 1.3734625 1.4200182 1.4804354 1.4250174 1.4220593 1.4212348 1.4469625 1.3441759 1.3572400 1.3405097 1.3429880 1.3597650 1.3482146 1.3444010 1.3376125 1.3270049 1.3536967 0.0000000 0.0177430 0.0196444 0.0177697 
EPI295631|HA|A/Switzerland/3628824/2010|EPI_ISL_84242|A_/_H1N1   1.3672105 1.3969523 1.3849159 1.4032301 1.3933625 1.3756485 1.3844970 1.4244893 1.4849934 1.4291669 1.4265195 1.4257082 1.4514870 1.3485143 1.3616225 1.3448506 1.3473360 1.3641442 1.3525585 1.3487509 1.3419463 1.3313302 1.3580573 0.0177430 0.0000000 0.0178455 0.0141830 
EPI369825|HA|A/England/193/2010|EPI_ISL_118458|A_/_H1N1          1.3749661 1.3970938 1.3850696 1.4033646 1.3935078 1.3758107 1.3846508 1.4245997 1.4850220 1.4252703 1.4266271 1.4258171 1.4515635 1.3530357 1.3617980 1.3450394 1.3475229 1.3643173 1.3527407 1.3489366 1.3421371 1.3315292 1.3626148 0.0196444 0.0178455 0.0000000 0.0178726 
EPI369829|HA|A/England/67/2010|EPI_ISL_118462|A_/_H1N1           1.3677297 1.3974751 1.3854372 1.4037519 1.3938852 1.3761679 1.3850177 1.4250122 1.4855119 1.4296882 1.4270407 1.4262311 1.4520106 1.3490294 1.3621423 1.3453661 1.3478522 1.3646634 1.3530741 1.3492673 1.3424610 1.3318439 1.3585747 0.0177697 0.0141830 0.0178726 0.0000000 
