78
EPI2903733|HA|A/Gyeongnam/2207/2023|EPI_ISL_18744126|A_/_H3N2                        0.0000000 0.0158900 0.0158140 0.0177447 0.0232243 0.0307331 0.0105790 0.0343077 0.0382862 0.0141381 0.0371272 0.0304904 0.0158995 0.0213396 0.0159424 0.0141941 0.0342248 0.0141520 0.0159772 0.0195616 0.0159580 0.0141303 0.0177480 0.0141644 0.0141450 0.0141554 0.0122760 0.0535365 0.0361747 0.0324223 0.0177000 0.0419776 0.0382202 0.0480977 0.0307116 0.0213793 0.0124121 0.0194684 0.0141195 0.0140914 0.0141620 1.6762548 1.6764381 1.6984116 1.6732706 1.6785299 1.6732112 1.6643738 1.6986642 1.6767306 1.6518520 1.7063688 1.6941985 1.6681780 1.6928844 1.6870293 1.6883223 1.6911259 1.7141885 1.6940864 1.6941417 1.6996718 1.6806255 1.6938047 1.6846543 1.6678807 1.6724877 1.6764856 1.6863325 1.6741313 1.6832358 1.6689951 1.6910044 1.6895057 0.0180217 0.0141195 0.0159262 0.0122760 
EPI3786787|HA|A/ABUDHABI/UAE/0014000/2023|EPI_ISL_19661761|A_/_H3N2                  0.0158900 0.0000000 0.0176515 0.0159145 0.0251263 0.0251668 0.0123100 0.0287292 0.0344026 0.0123277 0.0389300 0.0249694 0.0140837 0.0194935 0.0141216 0.0123763 0.0250577 0.0123398 0.0141524 0.0177214 0.0141354 0.0123208 0.0159175 0.0158933 0.0123337 0.0123426 0.0140940 0.0477334 0.0305770 0.0268680 0.0158746 0.0362998 0.0325763 0.0540113 0.0251499 0.0178284 0.0159113 0.0213358 0.0123115 0.0122871 0.0123484 1.6592934 1.6671541 1.6837372 1.6563662 1.6616052 1.6563219 1.6474619 1.6814935 1.6597642 1.6350637 1.6891552 1.6771146 1.6513071 1.6758111 1.6700130 1.6789824 1.6649772 1.6968795 1.6769970 1.6770303 1.6825326 1.6636347 1.6766936 1.6676458 1.6510132 1.6555951 1.6595490 1.6693000 1.6572217 1.6662118 1.6521262 1.6617104 1.6724377 0.0143771 0.0123115 0.0141073 0.0140940 
EPI2821770|HA|A/Qatar/34-VI-23-0101724/2023|EPI_ISL_18613508|A_/_H3N2                0.0158140 0.0176515 0.0000000 0.0195147 0.0250049 0.0325327 0.0158787 0.0361039 0.0418647 0.0159018 0.0389706 0.0322757 0.0176622 0.0106689 0.0159478 0.0159648 0.0360164 0.0159173 0.0177483 0.0213349 0.0177270 0.0158930 0.0123667 0.0194882 0.0159095 0.0159212 0.0104975 0.0553658 0.0379733 0.0342145 0.0158921 0.0437902 0.0400296 0.0499327 0.0325098 0.0177842 0.0159289 0.0176565 0.0158810 0.0158492 0.0159287 1.6648021 1.6627803 1.6892895 1.6596374 1.6648774 1.6595908 1.6507410 1.6847994 1.6630454 1.6383277 1.6947157 1.6804073 1.6545758 1.6791027 1.6732976 1.6745733 1.6773494 1.7002021 1.6802907 1.6803282 1.6858317 1.6691491 1.6799918 1.6731621 1.6542814 1.6588644 1.6628244 1.6748223 1.6604940 1.6696963 1.6576124 1.6794660 1.6757305 0.0198172 0.0158810 0.0176917 0.0104975 
EPI2821333|HA|A/Qatar/32-VI-23-0092359/2023|EPI_ISL_18613438|A_/_H3N2                0.0177447 0.0159145 0.0195147 0.0000000 0.0196639 0.0270202 0.0141393 0.0269369 0.0362893 0.0141598 0.0371293 0.0251236 0.0159241 0.0177438 0.0159671 0.0142160 0.0286477 0.0141737 0.0160020 0.0123349 0.0159828 0.0141519 0.0177758 0.0177485 0.0141667 0.0141771 0.0159355 0.0496784 0.0324432 0.0287182 0.0177276 0.0381956 0.0327785 0.0541614 0.0290738 0.0177764 0.0177688 0.0195515 0.0105489 0.0141129 0.0141838 1.6559371 1.6638086 1.6803998 1.6530139 1.6582617 1.6529726 1.6440863 1.6781504 1.6564078 1.6316836 1.6858228 1.6737777 1.6479491 1.6724731 1.6666719 1.6756455 1.6707163 1.6935476 1.6736588 1.6736880 1.6791981 1.6602832 1.6733504 1.6643005 1.6476551 1.6522434 1.6561981 1.6659540 1.6538705 1.6628598 1.6487707 1.6705961 1.6690925 0.0160923 0.0105489 0.0052480 0.0159355 
EPI2821297|HA|A/Qatar/23-VI-23-0106322/2023|EPI_ISL_18613433|A_/_H3N2                0.0232243 0.0251263 0.0250049 0.0196639 0.0000000 0.0328882 0.0233200 0.0327203 0.0423278 0.0233549 0.0408605 0.0309398 0.0251426 0.0270141 0.0215909 0.0216220 0.0326409 0.0233775 0.0252661 0.0215269 0.0252357 0.0233422 0.0252152 0.0196619 0.0233661 0.0233843 0.0213907 0.0558106 0.0345977 0.0345873 0.0251637 0.0441361 0.0367848 0.0600761 0.0350187 0.0252340 0.0270532 0.0251341 0.0233244 0.0232762 0.0197194 1.6693019 1.6689419 1.6939392 1.6663326 1.6710433 1.6721106 1.6568497 1.6911295 1.6692203 1.6443445 1.6993980 1.6919777 1.6606835 1.6853755 1.6795282 1.6813734 1.6836140 1.7072012 1.6865737 1.6871784 1.6921539 1.6736731 1.6862817 1.6777066 1.6603868 1.6649972 1.6689876 1.6793797 1.6666380 1.6757200 1.6620589 1.6840505 1.6825473 0.0254030 0.0233244 0.0142487 0.0213907 
EPI2510100|HA|A/Japan/14149/2023|EPI_ISL_17467393|A_/_H3N2                           0.0307331 0.0251668 0.0325327 0.0270202 0.0328882 0.0000000 0.0270096 0.0142004 0.0160277 0.0270503 0.0468221 0.0233749 0.0288441 0.0326863 0.0214859 0.0271604 0.0141677 0.0270763 0.0289858 0.0252523 0.0289510 0.0270360 0.0307914 0.0307409 0.0270633 0.0270848 0.0288610 0.0480987 0.0160034 0.0106108 0.0307058 0.0405109 0.0273124 0.0582122 0.0273131 0.0345488 0.0307776 0.0364153 0.0270152 0.0269588 0.0270981 1.6801425 1.6851106 1.7048721 1.6742044 1.6794720 1.6741441 1.6652958 1.6943288 1.6776726 1.6543035 1.7103509 1.6951705 1.6691030 1.6938541 1.6879880 1.6970662 1.6920930 1.7151994 1.6950586 1.6951152 1.7006541 1.6845246 1.6947777 1.6885634 1.6688050 1.6734198 1.6774256 1.6884828 1.6750666 1.6841899 1.6710971 1.6931663 1.6904706 0.0239738 0.0270152 0.0215360 0.0288610 
EPI3006772|HA|A/Philippines/89/2023|EPI_ISL_18876522|A_/_H3N2                        0.0105790 0.0123100 0.0158787 0.0141393 0.0233200 0.0270096 0.0000000 0.0305754 0.0362724 0.0105615 0.0370589 0.0267973 0.0123172 0.0177127 0.0123504 0.0106031 0.0305022 0.0105719 0.0123773 0.0195262 0.0123624 0.0105555 0.0141419 0.0105810 0.0105666 0.0105742 0.0123264 0.0496496 0.0324292 0.0287066 0.0141038 0.0381772 0.0344432 0.0521222 0.0269912 0.0177452 0.0141365 0.0195483 0.0105475 0.0105267 0.0105791 1.6630373 1.6709121 1.6875415 1.6600958 1.6653427 1.6600487 1.6511887 1.6852959 1.6635096 1.6387569 1.6929716 1.6808949 1.6550271 1.6795894 1.6737757 1.6827700 1.6778339 1.7007213 1.6807794 1.6808175 1.6863285 1.6673882 1.6804807 1.6714055 1.6547322 1.6593216 1.6632876 1.6730658 1.6609535 1.6699742 1.6558462 1.6777133 1.6762130 0.0143624 0.0105475 0.0123379 0.0123264 
EPI2665047|HA|A/NAGANO-C/14/2023|EPI_ISL_18058897|A_/_H3N2                           0.0343077 0.0287292 0.0361039 0.0269369 0.0327203 0.0142004 0.0305754 0.0000000 0.0232479 0.0306216 0.0504965 0.0269411 0.0324122 0.0362740 0.0288649 0.0307462 0.0105479 0.0306506 0.0325706 0.0288273 0.0325318 0.0306057 0.0343736 0.0343167 0.0306361 0.0306609 0.0324300 0.0478477 0.0123553 0.0123522 0.0342781 0.0403014 0.0309188 0.0618799 0.0309189 0.0381401 0.0343579 0.0400072 0.0305823 0.0305181 0.0269618 1.7113198 1.7163344 1.7365141 1.7052105 1.7105306 1.7051212 1.6962866 1.7257696 1.7088024 1.6850448 1.7420942 1.7265757 1.7000294 1.7252357 1.7192462 1.7257178 1.7234597 1.7470870 1.7236736 1.7265717 1.7321786 1.7157712 1.7262304 1.7198557 1.6997238 1.7044028 1.6926481 1.7170128 1.7060843 1.7154506 1.7020539 1.7245635 1.7218329 0.0276219 0.0305823 0.0250977 0.0324300 
EPI2630354|HA|A/NAGANO-C/11/2023|EPI_ISL_17995538|A_/_H3N2                           0.0382862 0.0344026 0.0418647 0.0362893 0.0423278 0.0160277 0.0362724 0.0232479 0.0000000 0.0343737 0.0565717 0.0326030 0.0381317 0.0420635 0.0345670 0.0364776 0.0231932 0.0363622 0.0345523 0.0345221 0.0364589 0.0363097 0.0401355 0.0400673 0.0363452 0.0363757 0.0381505 0.0577493 0.0214308 0.0195987 0.0400228 0.0500700 0.0366853 0.0680610 0.0366838 0.0439544 0.0362082 0.0458409 0.0362819 0.0362043 0.0363939 1.6852892 1.6902689 1.7101098 1.6793207 1.6845997 1.6792556 1.6704051 1.6995275 1.6828105 1.6593664 1.7156085 1.7003639 1.6742036 1.7004010 1.6931534 1.7022689 1.6972783 1.7204839 1.7002533 1.7003168 1.7058703 1.6896861 1.6999787 1.6937345 1.6739043 1.6785319 1.6825542 1.6936581 1.6801852 1.6893538 1.6762036 1.6983571 1.6956543 0.0334176 0.0362819 0.0307338 0.0381505 
EPI2681801|HA|A/Bangkok/P2255/2023|EPI_ISL_18093943|A_/_H3N2                         0.0141381 0.0123277 0.0159018 0.0141598 0.0233549 0.0270503 0.0105615 0.0306216 0.0343737 0.0000000 0.0371171 0.0268374 0.0123349 0.0177386 0.0123682 0.0106184 0.0305482 0.0105872 0.0123953 0.0195549 0.0123803 0.0105707 0.0141624 0.0141410 0.0105818 0.0105894 0.0123442 0.0497282 0.0324784 0.0287498 0.0141243 0.0382361 0.0344960 0.0522060 0.0270319 0.0177712 0.0141570 0.0195771 0.0105627 0.0105418 0.0105944 1.6425117 1.6503489 1.6668072 1.6396336 1.6448640 1.6396040 1.6354846 1.6645547 1.6429771 1.6231695 1.6721936 1.6602517 1.6345959 1.6593115 1.6532008 1.6621003 1.6572033 1.6798418 1.6601281 1.6601402 1.6656275 1.6468347 1.6598022 1.6508361 1.6343045 1.6388729 1.6427917 1.6524704 1.6404858 1.6489217 1.6354194 1.6570848 1.6555803 0.0143835 0.0105627 0.0123557 0.0123442 
EPI2924520|HA|A/Turkey/GIHSN_Ankara/140111_950/2023|EPI_ISL_18784523|A_/_H3N2        0.0371272 0.0389300 0.0389706 0.0371293 0.0408605 0.0468221 0.0370589 0.0504965 0.0565717 0.0371171 0.0000000 0.0488279 0.0389582 0.0371273 0.0390656 0.0372731 0.0503672 0.0371525 0.0391527 0.0352744 0.0391052 0.0370980 0.0372013 0.0350401 0.0371349 0.0354508 0.0351926 0.0688802 0.0524547 0.0485034 0.0331716 0.0670958 0.0504149 0.0310016 0.0491967 0.0391705 0.0371835 0.0430002 0.0370690 0.0369879 0.0371858 1.6317004 1.6367261 1.6533297 1.6266782 1.6313235 1.6290266 1.6209679 1.6507422 1.6294100 1.6090105 1.6610916 1.6465258 1.6211374 1.6452434 1.6395560 1.6488999 1.6435017 1.6639439 1.6463990 1.6469452 1.6518367 1.6359864 1.6453103 1.6399579 1.6208496 1.6253821 1.6292503 1.6415697 1.6269743 1.6357467 1.6246970 1.6461425 1.6399915 0.0373141 0.0370690 0.0351715 0.0351926 
EPI2647229|HA|A/NARA/11/2023|EPI_ISL_18030667|A_/_H3N2                               0.0304904 0.0249694 0.0322757 0.0251236 0.0309398 0.0233749 0.0267973 0.0269411 0.0326030 0.0268374 0.0488279 0.0000000 0.0269347 0.0325390 0.0250862 0.0269457 0.0268771 0.0268630 0.0287564 0.0233605 0.0287222 0.0268232 0.0268507 0.0304980 0.0268501 0.0268713 0.0286337 0.0476919 0.0287869 0.0250836 0.0304634 0.0401707 0.0142277 0.0618609 0.0106489 0.0326023 0.0305341 0.0361251 0.0268028 0.0267473 0.0268844 1.7079101 1.7159091 1.7330145 1.7048094 1.7101186 1.7047206 1.6893791 1.7307666 1.7083928 1.6846853 1.7385748 1.7261283 1.6996392 1.7247912 1.7188148 1.7280703 1.7230188 1.7465929 1.7260256 1.7261234 1.7317186 1.7123471 1.7257828 1.7164205 1.6993343 1.7040035 1.7080933 1.7181475 1.7056813 1.7150265 1.7004559 1.7228967 1.7213951 0.0218274 0.0268028 0.0196687 0.0286337 
EPI2925824|HA|A/Bangkok/377/2023|EPI_ISL_18784778|A_/_H3N2                           0.0158995 0.0140837 0.0176622 0.0159241 0.0251426 0.0288441 0.0123172 0.0324122 0.0381317 0.0123349 0.0389582 0.0269347 0.0000000 0.0195055 0.0141300 0.0123836 0.0323343 0.0123471 0.0141608 0.0213251 0.0141438 0.0123280 0.0142159 0.0159028 0.0123409 0.0123498 0.0141023 0.0477135 0.0342716 0.0305363 0.0158841 0.0362833 0.0346193 0.0519825 0.0271305 0.0195415 0.0159209 0.0213492 0.0123187 0.0122942 0.0123556 1.6504883 1.6581128 1.6748785 1.6475841 1.6528238 1.6475477 1.6386569 1.6726277 1.6509569 1.6262982 1.6802847 1.6682841 1.6425315 1.6669833 1.6612020 1.6701441 1.6652286 1.6879767 1.6681637 1.6681859 1.6736854 1.6548245 1.6678483 1.6588337 1.6422387 1.6468177 1.6505268 1.6604791 1.6484388 1.6573883 1.6433537 1.6651091 1.6636054 0.0161739 0.0123187 0.0141157 0.0141023 
EPI2926244|HA|A/Ajman/17380/2023|EPI_ISL_18785759|A_/_H3N2                           0.0213396 0.0194935 0.0106689 0.0177438 0.0270141 0.0326863 0.0177127 0.0362740 0.0420635 0.0177386 0.0371273 0.0325390 0.0195055 0.0000000 0.0177901 0.0178092 0.0361857 0.0177559 0.0196008 0.0195607 0.0195773 0.0177289 0.0141892 0.0213444 0.0177472 0.0177604 0.0159358 0.0574544 0.0381526 0.0343754 0.0177278 0.0458047 0.0385477 0.0561673 0.0327769 0.0160086 0.0177689 0.0232313 0.0177154 0.0176797 0.0177689 1.6492194 1.6594772 1.6734898 1.6487687 1.6539812 1.6487313 1.6398902 1.6724972 1.6521275 1.6275901 1.6788698 1.6693684 1.6437412 1.6680740 1.6623206 1.6712193 1.6663286 1.6889671 1.6692485 1.6692720 1.6747437 1.6535348 1.6689362 1.6575262 1.6434497 1.6480056 1.6519266 1.6529205 1.6496191 1.6587301 1.6359340 1.6575172 1.6647142 0.0197093 0.0177154 0.0159253 0.0159358 
EPI4432142|HA|A/ABUDHABI/UAE/0015760/2023|EPI_ISL_19901806|A_/_H3N2                  0.0159424 0.0141216 0.0159478 0.0159671 0.0215909 0.0214859 0.0123504 0.0288649 0.0345670 0.0123682 0.0390656 0.0250862 0.0141300 0.0177901 0.0000000 0.0124172 0.0287957 0.0123804 0.0141991 0.0178033 0.0141820 0.0123613 0.0142034 0.0159457 0.0123743 0.0123832 0.0141404 0.0498090 0.0307218 0.0269944 0.0159269 0.0401522 0.0327318 0.0522919 0.0252684 0.0178229 0.0159639 0.0214068 0.0123519 0.0123273 0.0123890 1.6626377 1.6705055 1.6871190 1.6596998 1.6649420 1.6596525 1.6507982 1.6848759 1.6631095 1.6383774 1.6925448 1.6804805 1.6546348 1.6791751 1.6733667 1.6823519 1.6774210 1.7002867 1.6803640 1.6804016 1.6859086 1.6669842 1.6800649 1.6709984 1.6543403 1.6589264 1.6628884 1.6726570 1.6605562 1.6673334 1.6554534 1.6773004 1.6758012 0.0162182 0.0123519 0.0106058 0.0141404 
EPI2735160|HA|A/Seoul/917/2023|EPI_ISL_18231838|A_/_H3N2                             0.0141941 0.0123763 0.0159648 0.0142160 0.0216220 0.0271604 0.0106031 0.0307462 0.0364776 0.0106184 0.0372731 0.0269457 0.0123836 0.0178092 0.0124172 0.0000000 0.0306722 0.0106289 0.0124444 0.0196330 0.0124293 0.0106123 0.0142186 0.0141970 0.0106236 0.0106312 0.0123929 0.0499370 0.0326109 0.0288664 0.0141801 0.0383940 0.0346378 0.0524280 0.0271417 0.0178421 0.0142131 0.0178492 0.0106043 0.0105832 0.0106362 1.6552224 1.6596826 1.6795844 1.6523126 1.6575398 1.6527610 1.6434177 1.6773425 1.6556911 1.6310661 1.6849831 1.6714294 1.6472680 1.6716913 1.6659147 1.6674551 1.6699414 1.6926741 1.6654844 1.6728996 1.6783878 1.6522062 1.6725633 1.6635526 1.6469752 1.6515454 1.6554835 1.6651988 1.6544172 1.6621168 1.6480866 1.6698218 1.6683238 0.0144414 0.0106043 0.0124046 0.0123929 
EPI2767405|HA|A/FUKUSHIMA/54/2023|EPI_ISL_18366335|A_/_H3N2                          0.0342248 0.0250577 0.0360164 0.0286477 0.0326409 0.0141677 0.0305022 0.0105479 0.0231932 0.0305482 0.0503672 0.0268771 0.0323343 0.0361857 0.0287957 0.0306722 0.0000000 0.0305771 0.0324919 0.0268930 0.0324533 0.0305324 0.0342903 0.0342337 0.0305626 0.0305873 0.0323520 0.0459742 0.0123271 0.0123241 0.0341953 0.0402017 0.0290818 0.0560150 0.0308440 0.0380468 0.0342747 0.0399090 0.0305091 0.0304452 0.0232577 1.6851605 1.6901349 1.7099565 1.6791974 1.6844709 1.6791324 1.6693805 1.6993845 1.6826843 1.6583576 1.7154499 1.7009748 1.6740852 1.6989005 1.6930167 1.6993867 1.6971376 1.7203203 1.6973779 1.7001727 1.7057213 1.6895525 1.6998348 1.6935972 1.6737862 1.6784093 1.6824285 1.6908011 1.6800611 1.6892205 1.6760833 1.6858040 1.6955150 0.0275547 0.0305091 0.0231915 0.0323520 
EPI3456494|HA|A/Singapore/TT0344/2023|EPI_ISL_19283534|A_/_H3N2                      0.0141520 0.0123398 0.0159173 0.0141737 0.0233775 0.0270763 0.0105719 0.0306506 0.0363622 0.0105872 0.0371525 0.0268630 0.0123471 0.0177559 0.0123804 0.0106289 0.0305771 0.0000000 0.0124075 0.0195738 0.0123926 0.0105811 0.0141764 0.0141549 0.0105923 0.0105999 0.0123564 0.0497735 0.0325091 0.0287772 0.0141381 0.0382719 0.0345286 0.0522537 0.0270578 0.0177885 0.0141709 0.0195961 0.0105731 0.0105522 0.0106049 1.6333758 1.6411706 1.6574983 1.6305348 1.6357408 1.6305132 1.6216214 1.6552491 1.6338359 1.6094183 1.6628467 1.6510043 1.6255271 1.6497174 1.6440078 1.6528362 1.6479722 1.6704233 1.6508788 1.6508795 1.6563365 1.6376728 1.6505418 1.6416536 1.6252381 1.6297827 1.6529661 1.6432708 1.6313818 1.6401956 1.6263502 1.6478554 1.6463538 0.0143979 0.0105731 0.0123679 0.0123564 
EPI3456557|HA|A/Singapore/TT0564/2023|EPI_ISL_19283542|A_/_H3N2                      0.0159772 0.0141524 0.0177483 0.0160020 0.0252661 0.0289858 0.0123773 0.0325706 0.0345523 0.0123953 0.0391527 0.0287564 0.0141608 0.0196008 0.0141991 0.0124444 0.0324919 0.0124075 0.0000000 0.0214293 0.0142131 0.0123883 0.0160050 0.0159805 0.0124013 0.0124103 0.0141712 0.0518069 0.0344390 0.0306855 0.0159616 0.0402400 0.0364781 0.0543206 0.0289657 0.0196371 0.0159987 0.0214535 0.0123788 0.0123542 0.0124161 1.6637947 1.6716486 1.6882383 1.6608592 1.6660916 1.6608110 1.6519772 1.6860000 1.6642659 1.6395747 1.6936556 1.6816081 1.6558028 1.6803047 1.6745048 1.6834772 1.6785539 1.7013877 1.6814911 1.6815301 1.6870284 1.6631568 1.6811942 1.6721408 1.6555086 1.6600867 1.6640432 1.6737976 1.6617141 1.6707142 1.6516729 1.6784335 1.6769375 0.0162541 0.0123788 0.0141847 0.0141712 
EPI2874637|HA|A/Pakistan/AHF-NIH/ICT/010/2023|EPI_ISL_18699132|A_/_H3N2              0.0195616 0.0177214 0.0213349 0.0123349 0.0215269 0.0252523 0.0195262 0.0288273 0.0345221 0.0195549 0.0352744 0.0233605 0.0213251 0.0195607 0.0178033 0.0196330 0.0268930 0.0195738 0.0214293 0.0000000 0.0214036 0.0195442 0.0195963 0.0231733 0.0195643 0.0195791 0.0177446 0.0516278 0.0306819 0.0269592 0.0195430 0.0401003 0.0309999 0.0522930 0.0272942 0.0214386 0.0195884 0.0250727 0.0195294 0.0194897 0.0195884 1.6800883 1.6835961 1.7023082 1.6726975 1.6779639 1.6726385 1.6637869 1.6981189 1.6761606 1.6512497 1.7102882 1.6936497 1.6675984 1.6923342 1.6864726 1.6955435 1.6905733 1.7136597 1.6935373 1.6935920 1.6991289 1.6844694 1.6932545 1.6885073 1.6673007 1.6719138 1.6759161 1.6901924 1.6735593 1.6826734 1.6728000 1.6948766 1.6889508 0.0197631 0.0195294 0.0070228 0.0177446 
EPI2963697|HA|A/Singapore/GP10675/2023|EPI_ISL_18831300|A_/_H3N2                     0.0159580 0.0141354 0.0177270 0.0159828 0.0252357 0.0289510 0.0123624 0.0325318 0.0364589 0.0123803 0.0391052 0.0287222 0.0141438 0.0195773 0.0141820 0.0124293 0.0324533 0.0123926 0.0142131 0.0214036 0.0000000 0.0123733 0.0159858 0.0159613 0.0123864 0.0123954 0.0124078 0.0499915 0.0325947 0.0306489 0.0159425 0.0384373 0.0364346 0.0524853 0.0289310 0.0196136 0.0159795 0.0214278 0.0123640 0.0123393 0.0124012 1.6538833 1.6617333 1.6782707 1.6509730 1.6562074 1.6509335 1.6442802 1.6782689 1.6543523 1.6319031 1.6836758 1.6716717 1.6459226 1.6703712 1.6645890 1.6735329 1.6686187 1.6913725 1.6715525 1.6715789 1.6770741 1.6582167 1.6734794 1.6622234 1.6456296 1.6502054 1.6541467 1.6638706 1.6518272 1.6607838 1.6467428 1.6684989 1.6669983 0.0162343 0.0123640 0.0141676 0.0124078 
EPI2737526|HA|A/Sri_Lanka/31/2023|EPI_ISL_18242215|A_/_H3N2                          0.0141303 0.0123208 0.0158930 0.0141519 0.0233422 0.0270360 0.0105555 0.0306057 0.0363097 0.0105707 0.0370980 0.0268232 0.0123280 0.0177289 0.0123613 0.0106123 0.0305324 0.0105811 0.0123883 0.0195442 0.0123733 0.0000000 0.0141545 0.0141331 0.0105758 0.0105834 0.0123372 0.0441374 0.0287911 0.0287348 0.0141164 0.0327241 0.0344784 0.0521814 0.0270175 0.0177614 0.0141491 0.0195664 0.0105567 0.0105358 0.0105883 1.6706678 1.6785682 1.6952871 1.6676980 1.6729585 1.6676437 1.6587856 1.6930408 1.6711428 1.6462857 1.7007421 1.6885971 1.6626091 1.6872846 1.6814395 1.6904839 1.6855251 1.7085414 1.6884832 1.6885313 1.6940601 1.6750354 1.6881940 1.6790647 1.6623125 1.6669178 1.6709071 1.6807363 1.6685585 1.6776391 1.6634280 1.6854038 1.6839026 0.0143754 0.0105567 0.0123488 0.0123372 
EPI4637291|HA|A/Bangkok/002/2023|EPI_ISL_20144611|A_/_H3N2                           0.0177480 0.0159175 0.0123667 0.0177758 0.0252152 0.0307914 0.0141419 0.0343736 0.0401355 0.0141624 0.0372013 0.0268507 0.0142159 0.0141892 0.0142034 0.0142186 0.0342903 0.0141764 0.0160050 0.0195963 0.0159858 0.0141545 0.0000000 0.0159481 0.0141693 0.0141797 0.0123699 0.0516934 0.0362449 0.0324840 0.0123926 0.0401511 0.0345138 0.0503548 0.0270454 0.0142648 0.0141866 0.0196186 0.0141438 0.0141155 0.0141864 1.6806915 1.6863561 1.7053923 1.6754561 1.6807186 1.6753948 1.6665592 1.7008869 1.6789246 1.6540195 1.7108646 1.6964096 1.6703585 1.6950941 1.6892310 1.6983047 1.6933347 1.7164304 1.6962982 1.6963563 1.7018905 1.6850683 1.6960192 1.6891019 1.6700607 1.6746717 1.6786757 1.6907859 1.6763176 1.6856245 1.6734090 1.6954657 1.6917144 0.0180539 0.0141438 0.0159538 0.0123699 
EPI2800701|HA|A/Chiang_Rai/P4803/2023|EPI_ISL_18539977|A_/_H3N2                      0.0141644 0.0158933 0.0194882 0.0177485 0.0196619 0.0307409 0.0105810 0.0343167 0.0400673 0.0141410 0.0350401 0.0304980 0.0159028 0.0213444 0.0159457 0.0141970 0.0342337 0.0141549 0.0159805 0.0231733 0.0159613 0.0141331 0.0159481 0.0000000 0.0141479 0.0141582 0.0159142 0.0535535 0.0361844 0.0324307 0.0159162 0.0419896 0.0362560 0.0539807 0.0307194 0.0195808 0.0177447 0.0231993 0.0141224 0.0140942 0.0141649 1.6523825 1.6602298 1.6767549 1.6494768 1.6547102 1.6494387 1.6405650 1.6745082 1.6528511 1.6282122 1.6821568 1.6701624 1.6444288 1.6688626 1.6630847 1.6720218 1.6671103 1.6898461 1.6700428 1.6700673 1.6755606 1.6567138 1.6697303 1.6607195 1.6441360 1.6487103 1.6526481 1.6623648 1.6503307 1.6592783 1.6452493 1.6669908 1.6654898 0.0180256 0.0141224 0.0159295 0.0159142 
EPI2691380|HA|A/Nepal/427/2023|EPI_ISL_18118613|A_/_H3N2                             0.0141450 0.0123337 0.0159095 0.0141667 0.0233661 0.0270633 0.0105666 0.0306361 0.0363452 0.0105818 0.0371349 0.0268501 0.0123409 0.0177472 0.0123743 0.0106236 0.0305626 0.0105923 0.0124013 0.0195643 0.0123864 0.0105758 0.0141693 0.0141479 0.0000000 0.0105946 0.0123502 0.0497512 0.0324937 0.0287634 0.0141311 0.0382541 0.0345123 0.0522302 0.0270448 0.0177798 0.0141639 0.0195865 0.0105678 0.0105469 0.0105995 1.6748726 1.6827841 1.6995492 1.6718880 1.6771546 1.6718298 1.6629755 1.6973027 1.6753489 1.6504426 1.7050167 1.6928365 1.6667897 1.6915211 1.6856607 1.6947296 1.6897600 1.7128418 1.6927238 1.6927774 1.6983145 1.6792483 1.6924399 1.6832823 1.6664921 1.6711048 1.6751058 1.6849614 1.6727499 1.6818601 1.6676083 1.6896384 1.6881371 0.0143906 0.0105678 0.0123618 0.0123502 
EPI2691404|HA|A/Nepal/430/2023|EPI_ISL_18118618|A_/_H3N2                             0.0141554 0.0123426 0.0159212 0.0141771 0.0233843 0.0270848 0.0105742 0.0306609 0.0363757 0.0105894 0.0354508 0.0268713 0.0123498 0.0177604 0.0123832 0.0106312 0.0305873 0.0105999 0.0124103 0.0195791 0.0123954 0.0105834 0.0141797 0.0141582 0.0105946 0.0000000 0.0123591 0.0497959 0.0325203 0.0287865 0.0141414 0.0382865 0.0345410 0.0506018 0.0270663 0.0177931 0.0141742 0.0196014 0.0105754 0.0105545 0.0106071 1.6603058 1.6681803 1.6847976 1.6573710 1.6626188 1.6573258 1.6519977 1.6861180 1.6607776 1.6395595 1.6902261 1.6781601 1.6525941 1.6768541 1.6710443 1.6800321 1.6750979 1.6979675 1.6780427 1.6780774 1.6835893 1.6646551 1.6777402 1.6686732 1.6520081 1.6565981 1.6605603 1.6703312 1.6582281 1.6672380 1.6531229 1.6749773 1.6734756 0.0144013 0.0105754 0.0123707 0.0123591 
EPI3112910|HA|A/Madrid/HRYC-72348174/2023|EPI_ISL_18980521|A_/_H3N2                  0.0122760 0.0140940 0.0104975 0.0159355 0.0213907 0.0288610 0.0123264 0.0324300 0.0381505 0.0123442 0.0351926 0.0286337 0.0141023 0.0159358 0.0141404 0.0123929 0.0323520 0.0123564 0.0141712 0.0177446 0.0124078 0.0123372 0.0123699 0.0159142 0.0123502 0.0123591 0.0000000 0.0478560 0.0342897 0.0305537 0.0123366 0.0363938 0.0363186 0.0387030 0.0269981 0.0177886 0.0123652 0.0105641 0.0123279 0.0123035 0.0123649 1.6593528 1.6573429 1.6837972 1.6542060 1.6594441 1.6541637 1.6452979 1.6793077 1.6575971 1.6329117 1.6892154 1.6749383 1.6491496 1.6736358 1.6678430 1.6691136 1.6718824 1.6946816 1.6748201 1.6748506 1.6803512 1.6636941 1.6745138 1.6677052 1.6488560 1.6534362 1.6573857 1.6693595 1.6550612 1.6640395 1.6521855 1.6739970 1.6702620 0.0161647 0.0123279 0.0141081 0.0000010 
EPI3665219|HA|A/Galicia/33341960/2023|EPI_ISL_19573237|A_/_H3N2                      0.0535365 0.0477334 0.0553658 0.0496784 0.0558106 0.0480987 0.0496496 0.0478477 0.0577493 0.0497282 0.0688802 0.0476919 0.0477135 0.0574544 0.0498090 0.0499370 0.0459742 0.0497735 0.0518069 0.0516278 0.0499915 0.0441374 0.0516934 0.0535535 0.0497512 0.0497959 0.0478560 0.0000000 0.0479911 0.0459718 0.0534963 0.0106234 0.0519618 0.0503600 0.0520129 0.0575758 0.0497915 0.0535524 0.0458864 0.0476042 0.0441917 1.6619442 1.6698475 1.6865333 1.6589948 1.6642608 1.6648078 1.6568238 1.6842791 1.6624180 1.6380628 1.6919823 1.6709136 1.6539075 1.6785551 1.6727216 1.6817462 1.6767928 1.6997577 1.6797488 1.6797858 1.6853177 1.6663102 1.6635881 1.6703424 1.6536117 1.6582184 1.6621971 1.6720079 1.6598551 1.6689044 1.6547300 1.6737250 1.6751655 0.0470308 0.0458864 0.0476980 0.0478560 
EPI2541035|HA|A/Sweden/14/2023|EPI_ISL_17606898|A_/_H3N2                             0.0361747 0.0305770 0.0379733 0.0324432 0.0345977 0.0160034 0.0324292 0.0123553 0.0214308 0.0324784 0.0524547 0.0287869 0.0342716 0.0381526 0.0307218 0.0326109 0.0123271 0.0325091 0.0344390 0.0306819 0.0325947 0.0287911 0.0362449 0.0361844 0.0324937 0.0325203 0.0342897 0.0479911 0.0000000 0.0141412 0.0361439 0.0404225 0.0327947 0.0638625 0.0327943 0.0400249 0.0362281 0.0418967 0.0324369 0.0323684 0.0288088 1.6807583 1.6857305 1.7055110 1.6748139 1.6800851 1.6747529 1.6659006 1.6949575 1.6782863 1.6548985 1.7109953 1.6957992 1.6697084 1.6944816 1.6886100 1.6949691 1.6927192 1.7158498 1.6929642 1.6957439 1.7043129 1.6851446 1.6954062 1.6891863 1.6694102 1.6740285 1.6780380 1.6863954 1.6756767 1.6848101 1.6717041 1.6937937 1.6910959 0.0295108 0.0324369 0.0269367 0.0342897 
EPI2541043|HA|A/Sweden/15/2023|EPI_ISL_17606899|A_/_H3N2                             0.0324223 0.0268680 0.0342145 0.0287182 0.0345873 0.0106108 0.0287066 0.0123522 0.0195987 0.0287498 0.0485034 0.0250836 0.0305363 0.0343754 0.0269944 0.0288664 0.0123241 0.0287772 0.0306855 0.0269592 0.0306489 0.0287348 0.0324840 0.0324307 0.0287634 0.0287865 0.0305537 0.0459718 0.0141412 0.0000000 0.0323940 0.0384405 0.0290277 0.0598495 0.0290281 0.0362334 0.0324694 0.0380940 0.0287128 0.0286529 0.0288006 1.6822824 1.6976880 1.7070191 1.6867034 1.6919882 1.6925764 1.6777974 1.7069851 1.6902186 1.6667146 1.7125007 1.7078109 1.6815752 1.7064871 1.7005766 1.7069707 1.7047215 1.7280166 1.7049540 1.7077769 1.7133381 1.6866650 1.7074385 1.6907030 1.6812745 1.6859101 1.6899499 1.6879140 1.6875700 1.6967830 1.6732310 1.6953087 1.7030987 0.0257200 0.0287128 0.0232482 0.0305537 
EPI2616634|HA|A/Catalonia/NSVH171605044/2023|EPI_ISL_17974205|A_/_H3N2               0.0177000 0.0158746 0.0158921 0.0177276 0.0251637 0.0307058 0.0141038 0.0342781 0.0400228 0.0141243 0.0331716 0.0304634 0.0158841 0.0177278 0.0159269 0.0141801 0.0341953 0.0141381 0.0159616 0.0195430 0.0159425 0.0141164 0.0123926 0.0159162 0.0141311 0.0141414 0.0123366 0.0534963 0.0361439 0.0323940 0.0000000 0.0419432 0.0381880 0.0481331 0.0306844 0.0159945 0.0141483 0.0195652 0.0141057 0.0140776 0.0141481 1.6594786 1.6651046 1.6838963 1.6543373 1.6595694 1.6542949 1.6454393 1.6794115 1.6577250 1.6330672 1.6893072 1.6750467 1.6492864 1.6737457 1.6679594 1.6769101 1.6719943 1.6922641 1.6749285 1.6749591 1.6804535 1.6638154 1.6738195 1.6678219 1.6489931 1.6535683 1.6575136 1.6694743 1.6551915 1.6641605 1.6523189 1.6741065 1.6679000 0.0180042 0.0141057 0.0159107 0.0123366 
EPI3669419|HA|A/Galicia/28220935/2023|EPI_ISL_19586445|A_/_H3N2                      0.0419776 0.0362998 0.0437902 0.0381956 0.0441361 0.0405109 0.0381772 0.0403014 0.0500700 0.0382361 0.0670958 0.0401707 0.0362833 0.0458047 0.0401522 0.0383940 0.0402017 0.0382719 0.0402400 0.0401003 0.0384373 0.0327241 0.0401511 0.0419896 0.0382541 0.0382865 0.0363938 0.0106234 0.0404225 0.0384405 0.0419432 0.0000000 0.0481860 0.0622299 0.0443788 0.0458979 0.0420413 0.0419916 0.0344748 0.0362010 0.0345227 1.6871456 1.6951196 1.7120720 1.6841072 1.6894096 1.6899960 1.6804537 1.7098168 1.6876267 1.6624923 1.7175939 1.7052704 1.6789643 1.7039421 1.6980174 1.7071885 1.7021705 1.7255199 1.7051611 1.7052312 1.7108097 1.6915604 1.6887653 1.6956244 1.6786630 1.6833124 1.6873614 1.6973274 1.6849765 1.6942078 1.6797849 1.6990614 1.7005413 0.0373809 0.0344748 0.0362723 0.0363938 
EPI2538942|HA|A/England/230720061/2023|EPI_ISL_17592652|A_/_H3N2                     0.0382202 0.0325763 0.0400296 0.0327785 0.0367848 0.0273124 0.0344432 0.0309188 0.0366853 0.0344960 0.0504149 0.0142277 0.0346193 0.0385477 0.0327318 0.0346378 0.0290818 0.0345286 0.0364781 0.0309999 0.0364346 0.0344784 0.0345138 0.0362560 0.0345123 0.0345410 0.0363186 0.0519618 0.0327947 0.0290277 0.0381880 0.0481860 0.0000000 0.0594569 0.0180086 0.0404394 0.0382774 0.0439933 0.0344519 0.0343784 0.0327981 1.6920171 1.6969970 1.7168903 1.6860222 1.6913029 1.6859505 1.6847159 1.7062843 1.6895331 1.6676300 1.7224001 1.6980288 1.6808964 1.7057887 1.6998836 1.7090245 1.7040242 1.7272966 1.7070039 1.7070762 1.7126339 1.6964200 1.7067380 1.7004709 1.6805960 1.6852297 1.6892657 1.7004001 1.6868872 1.6960915 1.6705963 1.7051074 1.7024022 0.0295292 0.0344519 0.0272156 0.0363186 
EPI2967120|HA|A/Spain/GA-HULA-615037/2023|EPI_ISL_18838698|A_/_H3N2                  0.0480977 0.0540113 0.0499327 0.0541614 0.0600761 0.0582122 0.0521222 0.0618799 0.0680610 0.0522060 0.0310016 0.0618609 0.0519825 0.0561673 0.0522919 0.0524280 0.0560150 0.0522537 0.0543206 0.0522930 0.0524853 0.0521814 0.0503548 0.0539807 0.0522302 0.0506018 0.0387030 0.0503600 0.0638625 0.0598495 0.0481331 0.0622299 0.0594569 0.0000000 0.0603564 0.0583212 0.0484359 0.0502719 0.0521408 0.0500427 0.0505296 1.6513980 1.6494153 1.6732049 1.6463030 1.6515123 1.6492030 1.6479084 1.6711879 1.6496525 1.6256235 1.6810325 1.6580687 1.6412804 1.6655827 1.6598380 1.6610946 1.6638382 1.6839519 1.6667551 1.6667754 1.6722424 1.6557103 1.6656546 1.6596977 1.6409894 1.6455417 1.6494561 1.6613347 1.6471525 1.6560449 1.6442998 1.6630315 1.6597628 0.0532495 0.0521408 0.0521387 0.0387030 
EPI2692749|HA|A/Canarias/1843/2023|EPI_ISL_18118770|A_/_H3N2                         0.0307116 0.0251499 0.0325098 0.0290738 0.0350187 0.0273131 0.0269912 0.0309189 0.0366838 0.0270319 0.0491967 0.0106489 0.0271305 0.0327769 0.0252684 0.0271417 0.0308440 0.0270578 0.0289657 0.0272942 0.0289310 0.0270175 0.0270454 0.0307194 0.0270448 0.0270663 0.0269981 0.0520129 0.0327943 0.0290281 0.0306844 0.0443788 0.0180086 0.0603564 0.0000000 0.0328411 0.0307561 0.0345188 0.0269969 0.0269405 0.0270796 1.6713221 1.6792131 1.6959159 1.6683544 1.6736082 1.6682993 1.6594538 1.6936729 1.6717967 1.6485167 1.7013655 1.6892321 1.6632710 1.6879210 1.6820821 1.6911166 1.6861638 1.7091574 1.6891178 1.6891667 1.6946897 1.6756846 1.6888298 1.6797092 1.6629746 1.6675748 1.6715602 1.6813805 1.6692136 1.6782861 1.6640887 1.6860426 1.6845435 0.0219883 0.0269969 0.0235370 0.0269981 
EPI3007096|HA|A/Canberra/464/2023|EPI_ISL_18876646|A_/_H3N2                          0.0213793 0.0178284 0.0177842 0.0177764 0.0252340 0.0345488 0.0177452 0.0381401 0.0439544 0.0177712 0.0391705 0.0326023 0.0195415 0.0160086 0.0178229 0.0178421 0.0380468 0.0177885 0.0196371 0.0214386 0.0196136 0.0177614 0.0142648 0.0195808 0.0177798 0.0177931 0.0177886 0.0575758 0.0400249 0.0362334 0.0159945 0.0458979 0.0404394 0.0583212 0.0328411 0.0000000 0.0196372 0.0251355 0.0177479 0.0177120 0.0178016 1.6503228 1.6649801 1.6746540 1.6542014 1.6594395 1.6541591 1.6452932 1.6793026 1.6575925 1.6329067 1.6800470 1.6645771 1.6491449 1.6736309 1.6678382 1.6767989 1.6718775 1.6946757 1.6748151 1.6748457 1.6803460 1.6546486 1.6745089 1.6586490 1.6488513 1.6534316 1.6573811 1.6602903 1.6550566 1.6642340 1.6432052 1.6649089 1.6702571 0.0197460 0.0177479 0.0159543 0.0177886 
EPI2790185|HA|A/Sydney/316/2023|EPI_ISL_18485010|A_/_H3N2                            0.0124121 0.0159113 0.0159289 0.0177688 0.0270532 0.0307776 0.0141365 0.0343579 0.0362082 0.0141570 0.0371835 0.0305341 0.0159209 0.0177689 0.0159639 0.0142131 0.0342747 0.0141709 0.0159987 0.0195884 0.0159795 0.0141491 0.0141866 0.0177447 0.0141639 0.0141742 0.0123652 0.0497915 0.0362281 0.0324694 0.0141483 0.0420413 0.0382774 0.0484359 0.0307561 0.0196372 0.0000000 0.0196107 0.0141383 0.0141101 0.0141809 1.6449676 1.6505791 1.6692482 1.6398781 1.6451011 1.6398484 1.6309596 1.6647658 1.6432176 1.6186749 1.6746306 1.6604681 1.6348473 1.6591740 1.6534268 1.6623146 1.6574241 1.6800314 1.6603453 1.6603576 1.6658366 1.6492869 1.6600202 1.6532836 1.6345563 1.6391183 1.6430321 1.6549183 1.6407291 1.6496150 1.6378749 1.6595291 1.6558034 0.0180466 0.0141383 0.0159476 0.0123652 
EPI3158210|HA|A/Victoria/3058/2023|EPI_ISL_19012946|A_/_H3N2                         0.0194684 0.0213358 0.0176565 0.0195515 0.0251341 0.0364153 0.0195483 0.0400072 0.0458409 0.0195771 0.0430002 0.0361251 0.0213492 0.0232313 0.0214068 0.0178492 0.0399090 0.0195961 0.0214535 0.0250727 0.0214278 0.0195664 0.0196186 0.0231993 0.0195865 0.0196014 0.0105641 0.0535524 0.0418967 0.0380940 0.0195652 0.0419916 0.0439933 0.0502719 0.0345188 0.0251355 0.0196107 0.0000000 0.0159109 0.0195118 0.0196108 1.6274024 1.6254725 1.6514433 1.6223903 1.6275859 1.6242165 1.6134737 1.6469759 1.6256606 1.6013332 1.6567737 1.6478787 1.6173986 1.6414914 1.6358091 1.6326982 1.6397486 1.6620859 1.6382875 1.6426355 1.6480788 1.6316876 1.6422971 1.6356601 1.6171111 1.6216444 1.6255077 1.6372683 1.6232346 1.6276534 1.6204118 1.6418394 1.6381307 0.0235891 0.0159109 0.0213847 0.0105641 
EPI2686146|HA|A/Brisbane/377/2023|EPI_ISL_18100549|A_/_H3N2                          0.0141195 0.0123115 0.0158810 0.0105489 0.0233244 0.0270152 0.0105475 0.0305823 0.0362819 0.0105627 0.0370690 0.0268028 0.0123187 0.0177154 0.0123519 0.0106043 0.0305091 0.0105731 0.0123788 0.0195294 0.0123640 0.0105567 0.0141438 0.0141224 0.0105678 0.0105754 0.0123279 0.0458864 0.0324369 0.0287128 0.0141057 0.0344748 0.0344519 0.0521408 0.0269969 0.0177479 0.0141383 0.0159109 0.0000000 0.0105279 0.0105803 1.6429255 1.6507483 1.6671778 1.6400516 1.6452723 1.6400217 1.6311376 1.6649299 1.6433901 1.6188574 1.6725545 1.6606334 1.6350229 1.6593398 1.6535948 1.6624789 1.6575907 1.6801896 1.6605102 1.6605227 1.6659999 1.6472406 1.6445799 1.6512346 1.6347320 1.6392921 1.6432043 1.6528662 1.6409022 1.6497849 1.6358448 1.6574724 1.6559708 0.0143643 0.0000010 0.0123394 0.0123279 
EPI2642919|HA|A/Wellington/06/2023|EPI_ISL_18013032|A_/_H3N2                         0.0140914 0.0122871 0.0158492 0.0141129 0.0232762 0.0269588 0.0105267 0.0305181 0.0362043 0.0105418 0.0369879 0.0267473 0.0122942 0.0176797 0.0123273 0.0105832 0.0304452 0.0105522 0.0123542 0.0194897 0.0123393 0.0105358 0.0141155 0.0140942 0.0105469 0.0105545 0.0123035 0.0476042 0.0323684 0.0286529 0.0140776 0.0362010 0.0343784 0.0500427 0.0269405 0.0177120 0.0141101 0.0195118 0.0105279 0.0000000 0.0105594 1.6424561 1.6502684 1.6666738 1.6395873 1.6448011 1.6395578 1.6306837 1.6644282 1.6429200 1.6184219 1.6720423 1.6601394 1.6345655 1.6588476 1.6531112 1.6619824 1.6571008 1.6796655 1.6600167 1.6600286 1.6654978 1.6467655 1.6596917 1.6507540 1.6342750 1.6388290 1.6427353 1.6523830 1.6404367 1.6493056 1.6353864 1.6569826 1.6554829 0.0143352 0.0105279 0.0123149 0.0123035 
EPI2898745|HA|A/Brisbane/502/2023|EPI_ISL_18740015|A_/_H3N2                          0.0141620 0.0123484 0.0159287 0.0141838 0.0197194 0.0270981 0.0105791 0.0269618 0.0363939 0.0105944 0.0371858 0.0268844 0.0123556 0.0177689 0.0123890 0.0106362 0.0232577 0.0106049 0.0124161 0.0195884 0.0124012 0.0105883 0.0141864 0.0141649 0.0105995 0.0106071 0.0123649 0.0441917 0.0288088 0.0288006 0.0141481 0.0345227 0.0327981 0.0505296 0.0270796 0.0178016 0.0141809 0.0196108 0.0105803 0.0105594 0.0000000 1.6659397 1.6738166 1.6904646 1.6629903 1.6682372 1.6629401 1.6531865 1.6882215 1.6664126 1.6407442 1.6958995 1.6845551 1.6579181 1.6825011 1.6766809 1.6856852 1.6807457 1.7036608 1.6836924 1.6837343 1.6892481 1.6702924 1.6833976 1.6743107 1.6576229 1.6622146 1.6661856 1.6759742 1.6638478 1.6728829 1.6587364 1.6806249 1.6791257 0.0144082 0.0105803 0.0123765 0.0123649 
EPI2920320|HA|A/Galicia/21422332677/2023|EPI_ISL_18776469|A_/_H1N1                   1.6762548 1.6592934 1.6648021 1.6559371 1.6693019 1.6801425 1.6630373 1.7113198 1.6852892 1.6425117 1.6317004 1.7079101 1.6504883 1.6492194 1.6626377 1.6552224 1.6851605 1.6333758 1.6637947 1.6800883 1.6538833 1.6706678 1.6806915 1.6523825 1.6748726 1.6603058 1.6593528 1.6619442 1.6807583 1.6822824 1.6594786 1.6871456 1.6920171 1.6513980 1.6713221 1.6503228 1.6449676 1.6274024 1.6429255 1.6424561 1.6659397 0.0000000 0.0269704 0.0106040 0.0160221 0.0196846 0.0232277 0.0348415 0.0314001 0.0196462 0.0273620 0.0106165 0.0214955 0.0197250 0.0233336 0.0196606 0.0250046 0.0197389 0.0232511 0.0268272 0.0196290 0.0196729 0.0106324 0.0233943 0.0106025 0.0197514 0.0196708 0.0197441 0.0106019 0.0197072 0.0250734 0.0142065 0.0123841 0.0196121 1.5217386 1.6429255 1.5956546 1.5928098 
EPI2920493|HA|A/Galicia/21452225735/2023|EPI_ISL_18776508|A_/_H1N1                   1.6764381 1.6671541 1.6627803 1.6638086 1.6689419 1.6851106 1.6709121 1.7163344 1.6902689 1.6503489 1.6367261 1.7159091 1.6581128 1.6594772 1.6705055 1.6596826 1.6901349 1.6411706 1.6716486 1.6835961 1.6617333 1.6785682 1.6863561 1.6602298 1.6827841 1.6681803 1.6573429 1.6698475 1.6857305 1.6976880 1.6651046 1.6951196 1.6969970 1.6494153 1.6792131 1.6649801 1.6505791 1.6254725 1.6507483 1.6502684 1.6738166 0.0269704 0.0000000 0.0305173 0.0160210 0.0178440 0.0213795 0.0329125 0.0325476 0.0178093 0.0254658 0.0343261 0.0196478 0.0178806 0.0106387 0.0178223 0.0269395 0.0178931 0.0250686 0.0250397 0.0214387 0.0178334 0.0343819 0.0178506 0.0269018 0.0179045 0.0178317 0.0142156 0.0326524 0.0164144 0.0195426 0.0364612 0.0345071 0.0214201 1.5345639 1.6507483 1.6015765 1.5852743 
EPI2920509|HA|A/Galicia/21452225742/2023|EPI_ISL_18776514|A_/_H1N1                   1.6984116 1.6837372 1.6892895 1.6803998 1.6939392 1.7048721 1.6875415 1.7365141 1.7101098 1.6668072 1.6533297 1.7330145 1.6748785 1.6734898 1.6871190 1.6795844 1.7099565 1.6574983 1.6882383 1.7023082 1.6782707 1.6952871 1.7053923 1.6767549 1.6995492 1.6847976 1.6837972 1.6865333 1.7055110 1.7070191 1.6838963 1.7120720 1.7168903 1.6732049 1.6959159 1.6746540 1.6692482 1.6514433 1.6671778 1.6666738 1.6904646 0.0106040 0.0305173 0.0000000 0.0214143 0.0269408 0.0304842 0.0384373 0.0388801 0.0268881 0.0309533 0.0177597 0.0287650 0.0269958 0.0268808 0.0269080 0.0322636 0.0270152 0.0305154 0.0341025 0.0268649 0.0269249 0.0177869 0.0269506 0.0177357 0.0270322 0.0269208 0.0270218 0.0177354 0.0269711 0.0286100 0.0213887 0.0195328 0.0268410 1.5439428 1.6671778 1.6188125 1.6158821 
EPI2611687|HA|A/Murcia/1652/2023|EPI_ISL_17958353|A_/_H1N1                           1.6732706 1.6563662 1.6596374 1.6530139 1.6663326 1.6742044 1.6600958 1.7052105 1.6793207 1.6396336 1.6266782 1.7048094 1.6475841 1.6487687 1.6596998 1.6523126 1.6791974 1.6305348 1.6608592 1.6726975 1.6509730 1.6676980 1.6754561 1.6494768 1.6718880 1.6573710 1.6542060 1.6589948 1.6748139 1.6867034 1.6543373 1.6841072 1.6860222 1.6463030 1.6683544 1.6542014 1.6398781 1.6223903 1.6400516 1.6395873 1.6629903 0.0160221 0.0160210 0.0214143 0.0000000 0.0106424 0.0141690 0.0273855 0.0234044 0.0106218 0.0199771 0.0232563 0.0124288 0.0106643 0.0124380 0.0106295 0.0195769 0.0106716 0.0141828 0.0213857 0.0106124 0.0106361 0.0232927 0.0124701 0.0195495 0.0106784 0.0106356 0.0106747 0.0215586 0.0106549 0.0141844 0.0252768 0.0233830 0.0106037 1.5193038 1.6400516 1.5929922 1.5880481 
EPI3080776|HA|A/ComunidadValenciana/240275/2023|EPI_ISL_18942880|A_/_H1N1            1.6785299 1.6616052 1.6648774 1.6582617 1.6710433 1.6794720 1.6653427 1.7105306 1.6845997 1.6448640 1.6313235 1.7101186 1.6528238 1.6539812 1.6649420 1.6575398 1.6844709 1.6357408 1.6660916 1.6779639 1.6562074 1.6729585 1.6807186 1.6547102 1.6771546 1.6626188 1.6594441 1.6642608 1.6800851 1.6919882 1.6595694 1.6894096 1.6913029 1.6515123 1.6736082 1.6594395 1.6451011 1.6275859 1.6452723 1.6448011 1.6682372 0.0196846 0.0178440 0.0269408 0.0106424 0.0000000 0.0141851 0.0292781 0.0251958 0.0106340 0.0218437 0.0269737 0.0124430 0.0106766 0.0142495 0.0106417 0.0232561 0.0106829 0.0178208 0.0214098 0.0142236 0.0106483 0.0270165 0.0142864 0.0232236 0.0106898 0.0106478 0.0106860 0.0252811 0.0106672 0.0159961 0.0290370 0.0271193 0.0142117 1.5242378 1.6452723 1.5980409 1.5930812 
