29
EPI536470|HA|A/YAMAGATA/104/2014|EPI_ISL_164290|A_/_H3N2       0.0000000 0.0106233 0.0123903 0.0124688 0.0125003 0.0177819 0.0233176 0.0142223 0.0531890 0.0160877 0.0106162 0.0106372 0.0107133 0.0196091 0.0159837 0.0251829 0.0215043 0.0234508 0.0271032 0.0309076 0.0124395 0.0141825 0.0142425 0.0195540 1.5841988 1.5886564 1.5776230 1.5816933 1.5696330 
EPI536482|HA|A/NARA/38/2014|EPI_ISL_164296|A_/_H3N2            0.0106233 0.0000000 0.0195938 0.0197183 0.0197680 0.0232502 0.0195993 0.0105965 0.0490569 0.0197468 0.0214450 0.0214877 0.0216426 0.0159378 0.0232341 0.0251075 0.0307541 0.0252170 0.0288664 0.0366260 0.0196711 0.0214089 0.0215002 0.0232066 1.5873321 1.5917842 1.5807529 1.5848202 1.5727638 
EPI540125|HA|A/SAPPORO/117/2014|EPI_ISL_165765|A_/_H3N2        0.0123903 0.0195938 0.0000000 0.0215046 0.0215587 0.0159550 0.0288132 0.0196330 0.0591177 0.0142565 0.0123932 0.0232717 0.0234393 0.0268865 0.0141646 0.0326082 0.0306993 0.0327224 0.0364174 0.0365767 0.0178404 0.0141619 0.0142217 0.0286126 1.5910365 1.5955066 1.5844167 1.5885023 1.5909138 
EPI541955|HA|A/Laos/O034/2014|EPI_ISL_166391|A_/_H3N2          0.0124688 0.0197183 0.0215046 0.0000000 0.0142028 0.0270063 0.0309099 0.0233994 0.0595984 0.0253395 0.0233732 0.0234200 0.0178448 0.0271045 0.0251733 0.0383903 0.0346035 0.0366698 0.0404019 0.0443492 0.0141409 0.0233338 0.0234339 0.0231790 1.5967393 1.6012062 1.5901030 1.5941893 1.5820612 
EPI557631|HA|A/TOKYO/41724/2014|EPI_ISL_170446|A_/_H3N2        0.0125003 0.0197680 0.0215587 0.0142028 0.0000000 0.0270741 0.0327731 0.0234584 0.0596634 0.0254036 0.0234320 0.0234791 0.0160405 0.0289512 0.0252365 0.0384870 0.0346906 0.0367626 0.0405039 0.0444615 0.0159656 0.0233924 0.0234930 0.0232506 1.6002571 1.6047341 1.5935929 1.5976904 1.5855233 
EPI564758|HA|A/Vietnam/630/2014|EPI_ISL_172604|A_/_H3N2        0.0177819 0.0232502 0.0159550 0.0270063 0.0270741 0.0000000 0.0343772 0.0251039 0.0651449 0.0160777 0.0177858 0.0287759 0.0289837 0.0324151 0.0123978 0.0382228 0.0324858 0.0345195 0.0382148 0.0383816 0.0269405 0.0159707 0.0160384 0.0341351 1.5633683 1.5669304 1.5569066 1.5609398 1.5632550 
EPI684843|HA|A/Thailand/CU-B10345/2014|EPI_ISL_205386|A_/_H3N2 0.0233176 0.0195993 0.0288132 0.0309099 0.0327731 0.0343772 0.0000000 0.0160358 0.0489706 0.0252042 0.0307146 0.0344696 0.0347202 0.0178140 0.0325248 0.0215310 0.0420969 0.0327047 0.0326098 0.0520001 0.0326098 0.0288211 0.0326599 0.0361678 1.5985098 1.5763576 1.5918607 1.5959524 1.5983848 
EPI684853|HA|A/Thailand/CU-B10828/2014|EPI_ISL_205389|A_/_H3N2 0.0142223 0.0105965 0.0196330 0.0233994 0.0234584 0.0251039 0.0160358 0.0000000 0.0452962 0.0197867 0.0214881 0.0251721 0.0253541 0.0159711 0.0232808 0.0215212 0.0326490 0.0270890 0.0307510 0.0404554 0.0233428 0.0232765 0.0233762 0.0268861 1.5970024 1.6014628 1.5903759 1.5944566 1.5968782 
EPI684838|HA|A/Thailand/CU-CB166/2014|EPI_ISL_205392|A_/_H3N2  0.0531890 0.0490569 0.0591177 0.0595984 0.0596634 0.0651449 0.0489706 0.0452962 0.0000000 0.0553038 0.0612244 0.0626531 0.0658137 0.0529483 0.0631411 0.0587013 0.0689077 0.0648554 0.0687797 0.0816915 0.0632996 0.0631321 0.0634227 0.0630420 1.7263511 1.7022968 1.7189865 1.7232813 1.7261902 
EPI684840|HA|A/Thailand/CU-B10283/2014|EPI_ISL_205447|A_/_H3N2 0.0160877 0.0197468 0.0142565 0.0253395 0.0254036 0.0160777 0.0252042 0.0197867 0.0553038 0.0000000 0.0160913 0.0271202 0.0273172 0.0270982 0.0142734 0.0328680 0.0346570 0.0367274 0.0404662 0.0406445 0.0252777 0.0142706 0.0125254 0.0288374 1.6076488 1.5854018 1.6009612 1.6050616 1.6075211 
EPI684844|HA|A/Thailand/CU-B10421/2014|EPI_ISL_205448|A_/_H3N2 0.0106162 0.0214450 0.0123932 0.0233732 0.0234320 0.0177858 0.0307146 0.0214881 0.0612244 0.0160913 0.0000000 0.0214730 0.0216276 0.0287728 0.0159873 0.0307839 0.0288814 0.0308914 0.0307280 0.0308619 0.0233167 0.0159842 0.0160519 0.0304996 1.5671962 1.5716421 1.5606980 1.5647475 1.5670813 
EPI689419|HA|A/Kumamoto/DS-182v/2014|EPI_ISL_206278|A_/_H3N2   0.0106372 0.0214877 0.0232717 0.0234200 0.0234791 0.0287759 0.0344696 0.0251721 0.0626531 0.0271202 0.0214730 0.0000000 0.0142447 0.0306506 0.0269424 0.0177921 0.0106154 0.0160576 0.0196587 0.0233770 0.0233633 0.0251017 0.0252094 0.0305606 1.5785318 1.5829741 1.5719985 1.5760514 1.5640518 
EPI689442|HA|A/Fukuoka/DS-524/2014|EPI_ISL_206301|A_/_H3N2     0.0107133 0.0216426 0.0234393 0.0178448 0.0160405 0.0289837 0.0347202 0.0253541 0.0658137 0.0273172 0.0216276 0.0142447 0.0000000 0.0308723 0.0271368 0.0289086 0.0215525 0.0271796 0.0308544 0.0346991 0.0178024 0.0252826 0.0253919 0.0287785 1.6227985 1.6272951 1.6160202 1.6201500 1.6078495 
EPI748168|HA|A/Singapore/GP1523/2014|EPI_ISL_219296|A_/_H3N2   0.0196091 0.0159378 0.0268865 0.0271045 0.0289512 0.0324151 0.0178140 0.0159711 0.0529483 0.0270982 0.0287728 0.0306506 0.0308723 0.0000000 0.0305741 0.0233020 0.0419230 0.0325704 0.0362482 0.0517824 0.0288080 0.0250609 0.0288483 0.0323512 1.5978857 1.6023652 1.5912271 1.5953258 1.5831590 
EPI629996|HA|A/Vietnam/2/2014|EPI_ISL_192828|A_/_H3N2          0.0159837 0.0232341 0.0141646 0.0251733 0.0252365 0.0123978 0.0325248 0.0232808 0.0631411 0.0142734 0.0159873 0.0269424 0.0271368 0.0305741 0.0000000 0.0363541 0.0344275 0.0364823 0.0401956 0.0403716 0.0251123 0.0141785 0.0142385 0.0322965 1.5879467 1.5924107 1.5813475 1.5854259 1.5878250 
EPI806276|HA|A/Kanagawa/JP-2/2014|EPI_ISL_229119|A_/_H3N2      0.0251829 0.0251075 0.0326082 0.0383903 0.0384870 0.0382228 0.0215310 0.0215212 0.0587013 0.0328680 0.0307839 0.0177921 0.0289086 0.0233020 0.0363541 0.0000000 0.0251267 0.0160356 0.0159910 0.0345971 0.0382936 0.0326175 0.0365064 0.0418638 1.5773516 1.5817962 1.5708192 1.5748735 1.5772337 
EPI806284|HA|A/Hyogo/JP-115/2014|EPI_ISL_229127|A_/_H3N2       0.0215043 0.0307541 0.0306993 0.0346035 0.0346906 0.0324858 0.0420969 0.0326490 0.0689077 0.0346570 0.0288814 0.0106154 0.0215525 0.0419230 0.0344275 0.0251267 0.0000000 0.0178562 0.0233145 0.0214218 0.0345172 0.0344215 0.0345711 0.0417946 1.5721974 1.5766222 1.5657121 1.5697454 1.5720815 
EPI806288|HA|A/Fukuoka/DS-47/2014|EPI_ISL_229131|A_/_H3N2      0.0234508 0.0252170 0.0327224 0.0366698 0.0367626 0.0345195 0.0327047 0.0270890 0.0648554 0.0367274 0.0308914 0.0160576 0.0271796 0.0325704 0.0364823 0.0160356 0.0178562 0.0000000 0.0106507 0.0178501 0.0365775 0.0327317 0.0366357 0.0439040 1.5654438 1.5683345 1.5574471 1.5630106 1.5647349 
EPI806292|HA|A/Gunma/DS-126/2014|EPI_ISL_229135|A_/_H3N2       0.0271032 0.0288664 0.0364174 0.0404019 0.0405039 0.0382148 0.0326098 0.0307510 0.0687797 0.0404662 0.0307280 0.0196587 0.0308544 0.0362482 0.0401956 0.0159910 0.0233145 0.0106507 0.0000000 0.0215457 0.0402994 0.0364280 0.0403652 0.0476372 1.5533150 1.5562002 1.5453770 1.5509216 1.5532051 
EPI806290|HA|A/Fukuoka/DS-84/2014|EPI_ISL_229133|A_/_H3N2      0.0309076 0.0366260 0.0365767 0.0443492 0.0444615 0.0383816 0.0520001 0.0404554 0.0816915 0.0406445 0.0308619 0.0233770 0.0346991 0.0517824 0.0403716 0.0345971 0.0214218 0.0178501 0.0215457 0.0000000 0.0442354 0.0403648 0.0405426 0.0516174 1.5542319 1.5571148 1.5462968 1.5518377 1.5535270 
EPI536416|HA|A/Ukraine/86/2014|EPI_ISL_164264|A_/_H3N2         0.0124395 0.0196711 0.0178404 0.0141409 0.0159656 0.0269405 0.0326098 0.0233428 0.0632996 0.0252777 0.0233167 0.0233633 0.0178024 0.0288080 0.0251123 0.0382936 0.0345172 0.0365775 0.0402994 0.0442354 0.0000000 0.0232775 0.0233771 0.0249412 1.6025988 1.6070672 1.5959390 1.6000303 1.5878777 
EPI537717|HA|A/Palau/6720/2014|EPI_ISL_164632|A_/_H3N2         0.0141825 0.0214089 0.0141619 0.0233338 0.0233924 0.0159707 0.0288211 0.0232765 0.0631321 0.0142706 0.0159842 0.0251017 0.0252826 0.0250609 0.0141785 0.0326175 0.0344215 0.0327317 0.0364280 0.0403648 0.0232775 0.0000000 0.0106231 0.0304490 1.5961821 1.6006537 1.5895410 1.5936312 1.5877376 
EPI539691|HA|A/Tasmania/11/2014|EPI_ISL_165591|A_/_H3N2        0.0142425 0.0215002 0.0142217 0.0234339 0.0234930 0.0160384 0.0326599 0.0233762 0.0634227 0.0125254 0.0160519 0.0252094 0.0253919 0.0288483 0.0142385 0.0365064 0.0345711 0.0366357 0.0403652 0.0405426 0.0233771 0.0106231 0.0000000 0.0305797 1.6005702 1.6050438 1.5939098 1.5955434 1.5921067 
EPI551752|HA|A/VICTORIA/1012/2014|EPI_ISL_168936|A_/_H3N2      0.0195540 0.0232066 0.0286126 0.0231790 0.0232506 0.0341351 0.0361678 0.0268861 0.0630420 0.0288374 0.0304996 0.0305606 0.0287785 0.0323512 0.0322965 0.0418638 0.0417946 0.0439040 0.0476372 0.0516174 0.0249412 0.0304490 0.0305797 0.0000000 1.5957620 1.6002304 1.5891280 1.5940381 1.5810863 
EPI536847|HA|A/Ukraine/183/2014|EPI_ISL_164375|A_/_H1N1        1.5841988 1.5873321 1.5910365 1.5967393 1.6002571 1.5633683 1.5985098 1.5970024 1.7263511 1.6076488 1.5671962 1.5785318 1.6227985 1.5978857 1.5879467 1.5773516 1.5721974 1.5654438 1.5533150 1.5542319 1.6025988 1.5961821 1.6005702 1.5957620 0.0000000 0.0178539 0.0106266 0.0106212 0.0105630 
EPI677813|HA|A/England/40800135/2014|EPI_ISL_202969|A_/_H1N1   1.5886564 1.5917842 1.5955066 1.6012062 1.6047341 1.5669304 1.5763576 1.6014628 1.7022968 1.5854018 1.5716421 1.5829741 1.6272951 1.6023652 1.5924107 1.5817962 1.5766222 1.5683345 1.5562002 1.5571148 1.6070672 1.6006537 1.6050438 1.6002304 0.0178539 0.0000000 0.0215250 0.0252233 0.0232522 
EPI677893|HA|A/England/41420347/2014|EPI_ISL_202979|A_/_H1N1   1.5776230 1.5807529 1.5844167 1.5901030 1.5935929 1.5569066 1.5918607 1.5903759 1.7189865 1.6009612 1.5606980 1.5719985 1.6160202 1.5912271 1.5813475 1.5708192 1.5657121 1.5574471 1.5453770 1.5462968 1.5959390 1.5895410 1.5939098 1.5891280 0.0106266 0.0215250 0.0000000 0.0142676 0.0141892 
EPI712166|HA|A/England/354/2014|EPI_ISL_212270|A_/_H1N1        1.5816933 1.5848202 1.5885023 1.5941893 1.5976904 1.5609398 1.5959524 1.5944566 1.7232813 1.6050616 1.5647475 1.5760514 1.6201500 1.5953258 1.5854259 1.5748735 1.5697454 1.5630106 1.5509216 1.5518377 1.6000303 1.5936312 1.5955434 1.5940381 0.0106212 0.0252233 0.0142676 0.0000000 0.0141817 
EPI504743|HA|A/Stockholm/3/2014|EPI_ISL_155656|A_/_H1N1        1.5696330 1.5727638 1.5909138 1.5820612 1.5855233 1.5632550 1.5983848 1.5968782 1.7261902 1.6075211 1.5670813 1.5640518 1.6078495 1.5831590 1.5878250 1.5772337 1.5720815 1.5647349 1.5532051 1.5535270 1.5878777 1.5877376 1.5921067 1.5810863 0.0105630 0.0232522 0.0141892 0.0141817 0.0000000 
