45
EPI991565|HA|A/Kazakhstan/4928/2016|EPI_ISL_262205|A_/_H3N2                    0.0000000 0.0179127 0.0178642 0.0106810 0.0106194 0.0288559 0.0214985 0.0142618 0.0179033 0.0197798 0.0105967 0.0271331 0.0253895 0.0160563 0.0179615 0.0215407 0.0214358 0.0178163 0.0124637 0.0215125 0.0233947 0.0178642 0.0197210 0.0233732 0.0215644 0.0178526 0.0107744 0.0178708 0.0233931 0.0106533 0.0214875 0.0214211 0.0214966 1.5562476 1.5713404 1.5788460 1.6056698 1.5600787 1.5800590 1.5608839 1.5768221 0.0106598 0.0178642 0.0160426 0.0000010 
EPI991591|HA|A/Kazakhstan/4962/2016|EPI_ISL_262214|A_/_H3N2                    0.0179127 0.0000000 0.0106355 0.0179135 0.0179110 0.0345268 0.0142212 0.0179011 0.0106588 0.0124890 0.0178723 0.0197423 0.0179975 0.0124028 0.0106170 0.0142485 0.0141800 0.0106073 0.0271422 0.0142301 0.0178252 0.0215259 0.0124521 0.0233892 0.0142639 0.0106286 0.0255384 0.0233530 0.0160685 0.0179689 0.0142137 0.0141704 0.0142200 1.5481472 1.5631525 1.5545008 1.5972531 1.5555237 1.5718024 1.5510461 1.5685843 0.0070581 0.0106355 0.0088434 0.0179127 
EPI809637|HA|A/TOYAMA/72/2016|EPI_ISL_229785|A_/_H3N2                          0.0178642 0.0106355 0.0000000 0.0178651 0.0178625 0.0289603 0.0106053 0.0178527 0.0106300 0.0124552 0.0178241 0.0196889 0.0179487 0.0123695 0.0142313 0.0106255 0.0105748 0.0105789 0.0270686 0.0106119 0.0177772 0.0178360 0.0124185 0.0233360 0.0106369 0.0106000 0.0254686 0.0196476 0.0124263 0.0179202 0.0105997 0.0105678 0.0106045 1.5725802 1.5878035 1.5790208 1.6200436 1.5801013 1.5966352 1.5772638 1.5933704 0.0070391 0.0000010 0.0088196 0.0178642 
EPI993991|HA|A/Vietnam/6032/2016|EPI_ISL_262625|A_/_H3N2                       0.0106810 0.0179135 0.0178651 0.0000000 0.0142702 0.0269869 0.0214996 0.0124810 0.0179041 0.0160893 0.0142394 0.0233781 0.0253911 0.0124162 0.0179624 0.0178462 0.0196525 0.0160371 0.0197813 0.0215137 0.0196803 0.0160802 0.0160417 0.0233745 0.0178656 0.0178535 0.0181329 0.0160861 0.0233945 0.0143161 0.0142156 0.0214222 0.0197083 1.5478063 1.5628283 1.5702814 1.5969650 1.5516229 1.5646187 1.5524175 1.5682653 0.0106601 0.0178651 0.0160433 0.0106810 
EPI998291|HA|A/Linkou/0166/2016|EPI_ISL_263397|A_/_H3N2                        0.0106194 0.0179110 0.0178625 0.0142702 0.0000000 0.0288528 0.0214963 0.0142605 0.0179015 0.0197778 0.0105958 0.0271302 0.0253869 0.0160548 0.0179598 0.0215385 0.0214337 0.0142391 0.0196662 0.0215104 0.0233922 0.0178625 0.0197191 0.0233708 0.0215622 0.0178509 0.0180267 0.0196768 0.0233907 0.0106524 0.0214853 0.0214189 0.0196643 1.5676570 1.5732950 1.5740840 1.6076602 1.5715077 1.5916453 1.5723277 1.5883879 0.0106589 0.0178625 0.0160411 0.0106194 
EPI1609046|HA|A/Lebanon/1326/2016|EPI_ISL_395357|A_/_H3N2                      0.0288559 0.0345268 0.0289603 0.0269869 0.0288528 0.0000000 0.0306656 0.0289381 0.0345079 0.0326428 0.0270526 0.0401318 0.0366702 0.0287868 0.0346272 0.0269523 0.0325224 0.0325349 0.0382591 0.0307554 0.0362972 0.0289112 0.0306631 0.0363686 0.0307168 0.0344115 0.0367208 0.0307619 0.0364034 0.0271044 0.0306059 0.0324182 0.0326155 1.5499866 1.5650362 1.5563581 1.5971588 1.5538091 1.5737162 1.5546069 1.5704884 0.0270355 0.0289603 0.0325508 0.0288559 
EPI1003527|HA|A/Laos/F2884/2016|EPI_ISL_264438|A_/_H3N2                        0.0214985 0.0142212 0.0106053 0.0214996 0.0214963 0.0306656 0.0000000 0.0214843 0.0142138 0.0160598 0.0214500 0.0215509 0.0197746 0.0159487 0.0178404 0.0106090 0.0141398 0.0141452 0.0307658 0.0141896 0.0213939 0.0214643 0.0160124 0.0270031 0.0142232 0.0141736 0.0291872 0.0196286 0.0160226 0.0197443 0.0106079 0.0141303 0.0141795 1.5731449 1.5883872 1.5795934 1.6231233 1.5806763 1.5998297 1.5778346 1.5939622 0.0105887 0.0106053 0.0123828 0.0214985 
EPI832493|HA|A/Oman/5191/2016|EPI_ISL_233476|A_/_H3N2                          0.0142618 0.0179011 0.0178527 0.0124810 0.0142605 0.0289381 0.0214843 0.0000000 0.0178916 0.0179718 0.0142299 0.0253098 0.0253723 0.0142647 0.0179498 0.0197346 0.0178133 0.0142135 0.0234102 0.0214983 0.0215830 0.0142516 0.0179184 0.0215094 0.0197563 0.0178411 0.0217871 0.0142380 0.0233775 0.0143064 0.0196860 0.0214070 0.0178637 1.5535572 1.5686232 1.5599353 1.6028831 1.5573826 1.5773204 1.5581841 1.5740892 0.0106532 0.0178527 0.0160323 0.0142618 
EPI1014968|HA|A/Japan/5603/2016|EPI_ISL_267802|A_/_H3N2                        0.0179033 0.0106588 0.0106300 0.0179041 0.0179015 0.0345079 0.0142138 0.0178916 0.0000000 0.0124825 0.0178629 0.0197319 0.0179880 0.0123964 0.0142624 0.0142410 0.0141726 0.0106019 0.0233937 0.0142227 0.0178159 0.0215145 0.0124456 0.0270665 0.0142565 0.0106231 0.0255246 0.0233406 0.0160600 0.0179594 0.0142063 0.0141631 0.0142126 1.5862913 1.6015881 1.5927603 1.6365000 1.5938701 1.6104950 1.5910044 1.6072147 0.0070545 0.0106300 0.0088389 0.0179033 
EPI1030493|HA|A/Japan/5685/2016|EPI_ISL_270833|A_/_H3N2                        0.0197798 0.0124890 0.0124552 0.0160893 0.0197778 0.0326428 0.0160598 0.0179718 0.0124825 0.0000000 0.0197350 0.0179110 0.0198727 0.0106095 0.0161151 0.0124420 0.0142353 0.0106486 0.0290648 0.0160700 0.0160100 0.0216113 0.0106515 0.0289992 0.0124555 0.0124470 0.0274683 0.0234459 0.0179225 0.0198421 0.0124118 0.0160023 0.0142757 1.5426167 1.5575709 1.5489499 1.5915356 1.5499596 1.5661789 1.5472050 1.5629718 0.0088558 0.0124552 0.0106523 0.0197798 
EPI867258|HA|A/Saudi_Arabia/193229/2016|EPI_ISL_239506|A_/_H3N2                0.0105967 0.0178723 0.0178241 0.0142394 0.0105958 0.0270526 0.0214500 0.0142299 0.0178629 0.0197350 0.0000000 0.0270714 0.0253317 0.0160203 0.0179209 0.0214920 0.0213876 0.0177764 0.0196239 0.0197203 0.0197144 0.0178241 0.0196765 0.0233203 0.0215156 0.0178125 0.0179875 0.0196344 0.0233401 0.0106295 0.0214391 0.0213729 0.0214481 1.5647461 1.5798998 1.5711589 1.6144011 1.5685891 1.5886730 1.5694047 1.5854225 0.0106359 0.0178241 0.0160066 0.0105967 
EPI2380605|HA|A/Manila/AFPA-02075/2016|EPI_ISL_16854265|A_/_H3N2               0.0271331 0.0197423 0.0196889 0.0233781 0.0271302 0.0401318 0.0215509 0.0253098 0.0197319 0.0179110 0.0270714 0.0000000 0.0272552 0.0177866 0.0234170 0.0196681 0.0214797 0.0178528 0.0365469 0.0233509 0.0232629 0.0289863 0.0178580 0.0364644 0.0196896 0.0196762 0.0349926 0.0308421 0.0252422 0.0272191 0.0178598 0.0232512 0.0215408 1.5774498 1.5926994 1.5839006 1.6274673 1.5849909 1.6015576 1.5821430 1.5982872 0.0160352 0.0196889 0.0178598 0.0271331 
EPI1055957|HA|A/Singapore/GP2646/2016|EPI_ISL_277145|A_/_H3N2                  0.0253895 0.0179975 0.0179487 0.0253911 0.0253869 0.0366702 0.0197746 0.0253723 0.0179880 0.0198727 0.0253317 0.0272552 0.0000000 0.0197334 0.0143472 0.0198134 0.0215347 0.0179003 0.0329946 0.0216121 0.0252653 0.0290551 0.0198134 0.0347222 0.0216644 0.0179370 0.0332327 0.0309137 0.0235004 0.0180139 0.0215868 0.0215198 0.0215960 1.5803835 1.5935120 1.5868361 1.6282765 1.5879321 1.6045074 1.5850802 1.6012358 0.0142945 0.0179487 0.0088928 0.0253895 
EPI1536821|HA|A/Cheongju/G03554/2016|EPI_ISL_376102|A_/_H3N2                   0.0160563 0.0124028 0.0123695 0.0124162 0.0160548 0.0287868 0.0159487 0.0142647 0.0123964 0.0106095 0.0160203 0.0177866 0.0197334 0.0000000 0.0124356 0.0123565 0.0141373 0.0105755 0.0252303 0.0159588 0.0158996 0.0178678 0.0105784 0.0251736 0.0123697 0.0123614 0.0236191 0.0196827 0.0177979 0.0161065 0.0123266 0.0158920 0.0106232 1.5681462 1.5833158 1.5745650 1.6178666 1.5756340 1.5921059 1.5728112 1.5888527 0.0052723 0.0123695 0.0105792 0.0160563 
EPI1536832|HA|A/Cheongju/G03596/2016|EPI_ISL_376113|A_/_H3N2                   0.0179615 0.0106170 0.0142313 0.0179624 0.0179598 0.0346272 0.0178404 0.0179498 0.0142624 0.0161151 0.0179209 0.0234170 0.0143472 0.0124356 0.0000000 0.0178750 0.0177885 0.0141934 0.0272191 0.0178518 0.0214681 0.0215853 0.0160674 0.0271576 0.0178945 0.0142220 0.0256109 0.0234179 0.0197107 0.0180181 0.0178311 0.0177764 0.0178388 1.5279311 1.5427683 1.5342179 1.5764135 1.5351944 1.5512760 1.5324784 1.5480944 0.0070764 0.0142313 0.0052868 0.0179615 
EPI901648|HA|A/Taiwan/889/2016|EPI_ISL_245987|A_/_H3N2                         0.0215407 0.0142485 0.0106255 0.0178462 0.0215385 0.0269523 0.0106090 0.0197346 0.0142410 0.0124420 0.0214920 0.0196681 0.0198134 0.0123565 0.0178750 0.0000000 0.0123972 0.0124019 0.0308278 0.0142168 0.0177585 0.0197161 0.0124054 0.0270569 0.0106257 0.0142008 0.0292463 0.0215393 0.0160535 0.0197830 0.0105886 0.0141572 0.0124321 1.5663941 1.5815608 1.5728120 1.6161007 1.5738778 1.5903455 1.5710573 1.5870929 0.0106087 0.0106255 0.0124064 0.0215407 
EPI943152|HA|A/YOKOHAMA/158/2016|EPI_ISL_253067|A_/_H3N2                       0.0214358 0.0141800 0.0105748 0.0196525 0.0214337 0.0325224 0.0141398 0.0178133 0.0141726 0.0142353 0.0213876 0.0214797 0.0215347 0.0141373 0.0177885 0.0123972 0.0000000 0.0105557 0.0306752 0.0141486 0.0195560 0.0177967 0.0141934 0.0269240 0.0124105 0.0141327 0.0291007 0.0196042 0.0159761 0.0215029 0.0123671 0.0140896 0.0105813 1.5596624 1.5747719 1.5660576 1.6141932 1.5671077 1.5835081 1.5643052 1.5802675 0.0105583 0.0105748 0.0123471 0.0214358 
EPI943336|HA|A/FUKUSHIMA/131/2016|EPI_ISL_253164|A_/_H3N2                      0.0178163 0.0106073 0.0105789 0.0160371 0.0142391 0.0325349 0.0141452 0.0142135 0.0106019 0.0106486 0.0177764 0.0178528 0.0179003 0.0105755 0.0141934 0.0124019 0.0105557 0.0000000 0.0269949 0.0141541 0.0159584 0.0178035 0.0106173 0.0269344 0.0124153 0.0105720 0.0253988 0.0196117 0.0159823 0.0178720 0.0123719 0.0140950 0.0105853 1.5723311 1.5875364 1.5787642 1.6221842 1.5798430 1.5963569 1.5770091 1.5930960 0.0070206 0.0105789 0.0087964 0.0178163 
EPI2153896|HA|A/Saudi_Arabia/VRG-01/2016|EPI_ISL_14835608|A_/_H3N2             0.0124637 0.0271422 0.0270686 0.0197813 0.0196662 0.0382591 0.0307658 0.0234102 0.0233937 0.0290648 0.0196239 0.0365469 0.0329946 0.0252303 0.0272191 0.0308278 0.0306752 0.0269949 0.0000000 0.0307868 0.0327232 0.0270684 0.0289777 0.0326922 0.0308624 0.0233400 0.0199487 0.0270784 0.0327226 0.0197298 0.0307505 0.0306536 0.0307629 1.5620057 1.5719912 1.5846892 1.6063350 1.5658468 1.5859073 1.5666596 1.5826600 0.0197416 0.0270686 0.0252092 0.0124637 
EPI952531|HA|A/MIE/29/2016|EPI_ISL_254696|A_/_H3N2                             0.0215125 0.0142301 0.0106119 0.0215137 0.0215104 0.0307554 0.0141896 0.0214983 0.0142227 0.0160700 0.0197203 0.0233509 0.0216121 0.0159588 0.0178518 0.0142168 0.0141486 0.0141541 0.0307868 0.0000000 0.0214079 0.0178609 0.0160226 0.0195805 0.0105695 0.0141825 0.0292072 0.0233014 0.0160328 0.0215801 0.0141822 0.0141391 0.0141884 1.5621634 1.5772890 1.5685654 1.6117157 1.5696208 1.5860392 1.5668128 1.5827959 0.0105952 0.0106119 0.0123905 0.0215125 
EPI1133557|HA|A/Thailand/CU-B20369/2016|EPI_ISL_290129|A_/_H3N2                0.0233947 0.0178252 0.0177772 0.0196803 0.0233922 0.0362972 0.0213939 0.0215830 0.0178159 0.0160100 0.0197144 0.0232629 0.0252653 0.0158996 0.0214681 0.0177585 0.0195560 0.0159584 0.0327232 0.0214079 0.0000000 0.0252330 0.0123704 0.0326495 0.0141956 0.0141860 0.0311510 0.0270741 0.0232791 0.0234684 0.0177152 0.0213173 0.0196113 1.5535921 1.5686142 1.5599516 1.6027742 1.5607670 1.5772860 1.5582050 1.5740642 0.0141566 0.0177772 0.0159644 0.0233947 
EPI780936|HA|A/Singapore/INFGP-16-1223/2016|EPI_ISL_225952|A_/_H3N2            0.0178642 0.0215259 0.0178360 0.0160802 0.0178625 0.0289112 0.0214643 0.0142516 0.0215145 0.0216113 0.0178241 0.0289863 0.0290551 0.0178678 0.0215853 0.0197161 0.0177967 0.0178035 0.0270684 0.0178609 0.0252330 0.0000000 0.0215470 0.0233358 0.0197378 0.0214539 0.0254684 0.0160408 0.0233556 0.0179202 0.0196676 0.0213871 0.0178470 1.5587103 1.5704646 1.5651090 1.6082235 1.5625466 1.5825662 1.5633541 1.5793240 0.0142335 0.0178360 0.0196359 0.0178642 
EPI978716|HA|A/Oman/7571/2016|EPI_ISL_259580|A_/_H3N2                          0.0197210 0.0124521 0.0124185 0.0160417 0.0197191 0.0306631 0.0160124 0.0179184 0.0124456 0.0106515 0.0196765 0.0178580 0.0198134 0.0105784 0.0160674 0.0124054 0.0141934 0.0106173 0.0289777 0.0160226 0.0123704 0.0215470 0.0000000 0.0289124 0.0124188 0.0124104 0.0273853 0.0233760 0.0178694 0.0197829 0.0123753 0.0123983 0.0142335 1.5656302 1.5807762 1.5720396 1.6152636 1.5731026 1.5895467 1.5702866 1.5862987 0.0088299 0.0124185 0.0106210 0.0197210 
EPI831429|HA|A/Scotland/63440574/2016|EPI_ISL_233207|A_/_H3N2                  0.0233732 0.0233892 0.0233360 0.0233745 0.0233708 0.0363686 0.0270031 0.0215094 0.0270665 0.0289992 0.0233203 0.0364644 0.0347222 0.0251736 0.0271576 0.0270569 0.0269240 0.0269344 0.0326922 0.0195805 0.0326495 0.0233358 0.0289124 0.0000000 0.0232419 0.0269905 0.0311214 0.0215010 0.0289322 0.0234468 0.0269896 0.0232567 0.0270007 1.5640214 1.5791961 1.5704430 1.6137478 1.5678699 1.5879807 1.5669725 1.5847258 0.0196972 0.0233360 0.0251525 0.0233732 
EPI1040800|HA|A/Ukraine/7733/2016|EPI_ISL_274144|A_/_H3N2                      0.0215644 0.0142639 0.0106369 0.0178656 0.0215622 0.0307168 0.0142232 0.0197563 0.0142565 0.0124555 0.0215156 0.0196896 0.0216644 0.0123697 0.0178945 0.0106257 0.0124105 0.0124153 0.0308624 0.0105695 0.0141956 0.0197378 0.0124188 0.0232419 0.0000000 0.0106421 0.0292793 0.0215631 0.0160710 0.0216323 0.0105999 0.0141725 0.0124456 1.5531012 1.5681339 1.5594653 1.6023169 1.5604980 1.5768109 1.5577173 1.5735868 0.0106201 0.0106369 0.0124197 0.0215644 
EPI881857|HA|A/Sweden/76/2016|EPI_ISL_241921|A_/_H3N2                          0.0178526 0.0106286 0.0106000 0.0178535 0.0178509 0.0344115 0.0141736 0.0178411 0.0106231 0.0124470 0.0178125 0.0196762 0.0179370 0.0123614 0.0142220 0.0142008 0.0141327 0.0105720 0.0233400 0.0141825 0.0141860 0.0214539 0.0124104 0.0269905 0.0106421 0.0000000 0.0254520 0.0232749 0.0160146 0.0179085 0.0141662 0.0141232 0.0141725 1.5760723 1.5912921 1.5825108 1.6259853 1.5835970 1.6001293 1.5807565 1.5968655 0.0070345 0.0106000 0.0088139 0.0178526 
EPI974290|HA|A/Asturias/26760/2016|EPI_ISL_258585|A_/_H3N2                     0.0107744 0.0255384 0.0254686 0.0181329 0.0180267 0.0367208 0.0291872 0.0217871 0.0255246 0.0274683 0.0179875 0.0349926 0.0332327 0.0236191 0.0256109 0.0292463 0.0291007 0.0253988 0.0199487 0.0292072 0.0311510 0.0254684 0.0273853 0.0311214 0.0292793 0.0254520 0.0000000 0.0254779 0.0311501 0.0180853 0.0291725 0.0290802 0.0291845 1.5869121 1.6022639 1.6099627 1.6372994 1.5907962 1.6112029 1.5916422 1.6079110 0.0180963 0.0254686 0.0235991 0.0107744 
EPI831645|HA|A/Sydney/171/2016|EPI_ISL_233283|A_/_H3N2                         0.0178708 0.0233530 0.0196476 0.0160861 0.0196768 0.0307619 0.0196286 0.0142380 0.0233406 0.0234459 0.0196344 0.0308421 0.0309137 0.0196827 0.0234179 0.0215393 0.0196042 0.0196117 0.0270784 0.0233014 0.0270741 0.0160408 0.0233760 0.0215010 0.0215631 0.0232749 0.0254779 0.0000000 0.0251884 0.0197404 0.0214862 0.0232022 0.0196597 1.5524405 1.5674975 1.5662312 1.6017330 1.5562641 1.5787540 1.5570642 1.5729578 0.0160356 0.0196476 0.0214516 0.0178708 
EPI2053148|HA|A/Newcastle/60/2016|EPI_ISL_13046471|A_/_H3N2                    0.0233931 0.0160685 0.0124263 0.0233945 0.0233907 0.0364034 0.0160226 0.0233775 0.0160600 0.0179225 0.0233401 0.0252422 0.0235004 0.0177979 0.0197107 0.0160535 0.0159761 0.0159823 0.0327226 0.0160328 0.0232791 0.0233556 0.0178694 0.0289322 0.0160710 0.0160146 0.0311501 0.0251884 0.0000000 0.0234669 0.0160142 0.0159653 0.0160212 1.6220365 1.6377493 1.6286740 1.6737474 1.6298768 1.6469812 1.6268983 1.6436141 0.0124067 0.0124263 0.0142131 0.0233931 
EPI1021989|HA|A/Tasmania/219/2016|EPI_ISL_269291|A_/_H3N2                      0.0106533 0.0179689 0.0179202 0.0143161 0.0106524 0.0271044 0.0197443 0.0143064 0.0179594 0.0198421 0.0106295 0.0272191 0.0180139 0.0161065 0.0180181 0.0197830 0.0215029 0.0178720 0.0197298 0.0215801 0.0234684 0.0179202 0.0197829 0.0234468 0.0216323 0.0179085 0.0180853 0.0197404 0.0234669 0.0000000 0.0215549 0.0214881 0.0215641 1.5788923 1.5941861 1.5853614 1.6290595 1.5827650 1.6030731 1.5836006 1.5997933 0.0106930 0.0179202 0.0160927 0.0106533 
EPI869222|HA|A/Brisbane/224/2016|EPI_ISL_239901|A_/_H3N2                       0.0214875 0.0142137 0.0105997 0.0142156 0.0214853 0.0306059 0.0106079 0.0196860 0.0142063 0.0124118 0.0214391 0.0178598 0.0215868 0.0123266 0.0178311 0.0105886 0.0123671 0.0123719 0.0307505 0.0141822 0.0177152 0.0196676 0.0123753 0.0269896 0.0105999 0.0141662 0.0291725 0.0214862 0.0160142 0.0215549 0.0000000 0.0141229 0.0124019 1.5632593 1.5784358 1.5696827 1.6129836 1.5707436 1.5872183 1.5679250 1.5839639 0.0105831 0.0105997 0.0123763 0.0214875 
EPI919378|HA|A/South_Australia/149/2016|EPI_ISL_249233|A_/_H3N2                0.0214211 0.0141704 0.0105678 0.0214222 0.0214189 0.0324182 0.0141303 0.0214070 0.0141631 0.0160023 0.0213729 0.0232512 0.0215198 0.0158920 0.0177764 0.0141572 0.0140896 0.0140950 0.0306536 0.0141391 0.0213173 0.0213871 0.0123983 0.0232567 0.0141725 0.0141232 0.0290802 0.0232022 0.0159653 0.0214881 0.0141229 0.0000000 0.0141291 1.5642612 1.5776895 1.5706746 1.6139191 1.5717358 1.5881888 1.5689199 1.5849380 0.0105512 0.0105678 0.0123389 0.0214211 
EPI1127244|HA|A/Brisbane/66/2016|EPI_ISL_289133|A_/_H3N2                       0.0214966 0.0142200 0.0106045 0.0197083 0.0196643 0.0326155 0.0141795 0.0178637 0.0142126 0.0142757 0.0214481 0.0215408 0.0215960 0.0106232 0.0178388 0.0124321 0.0105813 0.0105853 0.0307629 0.0141884 0.0196113 0.0178470 0.0142335 0.0270007 0.0124456 0.0141725 0.0291845 0.0196597 0.0160212 0.0215641 0.0124019 0.0141291 0.0000000 1.5812545 1.5965522 1.5877249 1.6314459 1.5888256 1.6054476 1.5859649 1.6021669 0.0105878 0.0106045 0.0123818 0.0214966 
EPI814985|HA|A/Kyiv/317/2016|EPI_ISL_230435|A_/_H1N1                           1.5562476 1.5481472 1.5725802 1.5478063 1.5676570 1.5499866 1.5731449 1.5535572 1.5862913 1.5426167 1.5647461 1.5774498 1.5803835 1.5681462 1.5279311 1.5663941 1.5596624 1.5723311 1.5620057 1.5621634 1.5535921 1.5587103 1.5656302 1.5640214 1.5531012 1.5760723 1.5869121 1.5524405 1.6220365 1.5788923 1.5632593 1.5642612 1.5812545 0.0000000 0.0250939 0.0106133 0.0214865 0.0106085 0.0106542 0.0106001 0.0106023 1.4990517 1.5725802 1.4962160 1.5061734 
EPI815140|HA|A/Odessa/688/2016|EPI_ISL_230454|A_/_H1N1                         1.5713404 1.5631525 1.5878035 1.5628283 1.5732950 1.5650362 1.5883872 1.5686232 1.6015881 1.5575709 1.5798998 1.5926994 1.5935120 1.5833158 1.5427683 1.5815608 1.5747719 1.5875364 1.5719912 1.5772890 1.5686142 1.5704646 1.5807762 1.5791961 1.5681339 1.5912921 1.6022639 1.5674975 1.6377493 1.5941861 1.5784358 1.5776895 1.5965522 0.0250939 0.0000000 0.0250930 0.0251237 0.0250818 0.0251901 0.0250618 0.0250670 1.5133462 1.5878035 1.5104731 1.5206204 
EPI815205|HA|A/Odessa/697/2016|EPI_ISL_230462|A_/_H1N1                         1.5788460 1.5545008 1.5790208 1.5702814 1.5740840 1.5563581 1.5795934 1.5599353 1.5927603 1.5489499 1.5711589 1.5839006 1.5868361 1.5745650 1.5342179 1.5728120 1.5660576 1.5787642 1.5846892 1.5685654 1.5599516 1.5651090 1.5720396 1.5704430 1.5594653 1.5825108 1.6099627 1.5662312 1.6286740 1.5853614 1.5696827 1.5706746 1.5877249 0.0106133 0.0250930 0.0000000 0.0214855 0.0106076 0.0106532 0.0105992 0.0106014 1.5051154 1.5790208 1.5022644 1.5277036 
EPI2183058|HA|A/Catalonia/NSVH100373132/2016|EPI_ISL_15082352|A_/_H1N1         1.6056698 1.5972531 1.6200436 1.5969650 1.6076602 1.5971588 1.6231233 1.6028831 1.6365000 1.5915356 1.6144011 1.6274673 1.6282765 1.6178666 1.5764135 1.6161007 1.6141932 1.6221842 1.6063350 1.6117157 1.6027742 1.6082235 1.6152636 1.6137478 1.6023169 1.6259853 1.6372994 1.6017330 1.6737474 1.6290595 1.6129836 1.6139191 1.6314459 0.0214865 0.0251237 0.0214855 0.0000000 0.0214759 0.0215687 0.0214587 0.0214632 1.5456399 1.6200436 1.5426740 1.5532883 
EPI876536|HA|A/England/60260150/2016|EPI_ISL_241122|A_/_H1N1                   1.5600787 1.5555237 1.5801013 1.5516229 1.5715077 1.5538091 1.5806763 1.5573826 1.5938701 1.5499596 1.5685891 1.5849909 1.5879321 1.5756340 1.5351944 1.5738778 1.5671077 1.5798430 1.5658468 1.5696208 1.5607670 1.5625466 1.5731026 1.5678699 1.5604980 1.5835970 1.5907962 1.5562641 1.6298768 1.5827650 1.5707436 1.5717358 1.5888256 0.0106085 0.0250818 0.0106076 0.0214759 0.0000000 0.0106485 0.0105945 0.0105967 1.5122332 1.5801013 1.5093577 1.5161336 
EPI878577|HA|A/England/571/2016|EPI_ISL_241405|A_/_H1N1                        1.5800590 1.5718024 1.5966352 1.5646187 1.5916453 1.5737162 1.5998297 1.5773204 1.6104950 1.5661789 1.5886730 1.6015576 1.6045074 1.5921059 1.5512760 1.5903455 1.5835081 1.5963569 1.5859073 1.5860392 1.5772860 1.5825662 1.5895467 1.5879807 1.5768109 1.6001293 1.6112029 1.5787540 1.6469812 1.6030731 1.5872183 1.5881888 1.6054476 0.0106542 0.0251901 0.0106532 0.0215687 0.0106485 0.0000000 0.0106400 0.0106422 1.5214772 1.5966352 1.5185769 1.5288537 
EPI1041347|HA|A/_London/16U426028-92_S44_L001/2016|EPI_ISL_274267|A_/_H1N1     1.5608839 1.5510461 1.5772638 1.5524175 1.5723277 1.5546069 1.5778346 1.5581841 1.5910044 1.5472050 1.5694047 1.5821430 1.5850802 1.5728112 1.5324784 1.5710573 1.5643052 1.5770091 1.5666596 1.5668128 1.5582050 1.5633541 1.5702866 1.5669725 1.5577173 1.5807565 1.5916422 1.5570642 1.6268983 1.5836006 1.5679250 1.5689199 1.5859649 0.0106001 0.0250618 0.0105992 0.0214587 0.0105945 0.0106400 0.0000000 0.0105883 1.5034255 1.5772638 1.5005778 1.5105954 
EPI729914|HA|A/Sweden/18/2016|EPI_ISL_215612|A_/_H1N1                          1.5768221 1.5685843 1.5933704 1.5682653 1.5883879 1.5704884 1.5939622 1.5740892 1.6072147 1.5629718 1.5854225 1.5982872 1.6012358 1.5888527 1.5480944 1.5870929 1.5802675 1.5930960 1.5826600 1.5827959 1.5740642 1.5793240 1.5862987 1.5847258 1.5735868 1.5968655 1.6079110 1.5729578 1.6436141 1.5997933 1.5839639 1.5849380 1.6021669 0.0106023 0.0250670 0.0106014 0.0214632 0.0105967 0.0106422 0.0105883 0.0000000 1.5184152 1.5933704 1.5155230 1.5257589 
H3N2_2016_Consensus_Aligned                                                    0.0106598 0.0070581 0.0070391 0.0106601 0.0106589 0.0270355 0.0105887 0.0106532 0.0070545 0.0088558 0.0106359 0.0160352 0.0142945 0.0052723 0.0070764 0.0106087 0.0105583 0.0070206 0.0197416 0.0105952 0.0141566 0.0142335 0.0088299 0.0196972 0.0106201 0.0070345 0.0180963 0.0160356 0.0124067 0.0106930 0.0105831 0.0105512 0.0105878 1.4990517 1.5133462 1.5051154 1.5456399 1.5122332 1.5214772 1.5034255 1.5184152 0.0000000 0.0070391 0.0051625 0.0104972 
H3N2_2016_Medoid_Aligned|EPI809637|HA|A/TOYAMA/72/2016|EPI_ISL_229785|A_/_H3N2 0.0178642 0.0106355 0.0000010 0.0178651 0.0178625 0.0289603 0.0106053 0.0178527 0.0106300 0.0124552 0.0178241 0.0196889 0.0179487 0.0123695 0.0142313 0.0106255 0.0105748 0.0105789 0.0270686 0.0106119 0.0177772 0.0178360 0.0124185 0.0233360 0.0106369 0.0106000 0.0254686 0.0196476 0.0124263 0.0179202 0.0105997 0.0105678 0.0106045 1.5725802 1.5878035 1.5790208 1.6200436 1.5801013 1.5966352 1.5772638 1.5933704 0.0070391 0.0000000 0.0088196 0.0178642 
H3N2_2016_Ancestral_Aligned_Node17                                             0.0160426 0.0088434 0.0088196 0.0160433 0.0160411 0.0325508 0.0123828 0.0160323 0.0088389 0.0106523 0.0160066 0.0178598 0.0088928 0.0105792 0.0052868 0.0124064 0.0123471 0.0087964 0.0252092 0.0123905 0.0159644 0.0196359 0.0106210 0.0251525 0.0124197 0.0088139 0.0235991 0.0214516 0.0142131 0.0160927 0.0123763 0.0123389 0.0123818 1.4962160 1.5104731 1.5022644 1.5426740 1.5093577 1.5185769 1.5005778 1.5155230 0.0051625 0.0088196 0.0000000 0.0157970 
H3N2_2016_COBRA_Aligned                                                        0.0000010 0.0179127 0.0178642 0.0106810 0.0106194 0.0288559 0.0214985 0.0142618 0.0179033 0.0197798 0.0105967 0.0271331 0.0253895 0.0160563 0.0179615 0.0215407 0.0214358 0.0178163 0.0124637 0.0215125 0.0233947 0.0178642 0.0197210 0.0233732 0.0215644 0.0178526 0.0107744 0.0178708 0.0233931 0.0106533 0.0214875 0.0214211 0.0214966 1.5061734 1.5206204 1.5277036 1.5532883 1.5161336 1.5288537 1.5105954 1.5257589 0.0104972 0.0178642 0.0157970 0.0000000 
