38
EPI646110|HA|A/OKAYAMA/2/2015|EPI_ISL_196619|A_/_H3N2                          0.0000000 0.0233346 0.0215033 0.0288728 0.0215578 0.0142928 0.0106287 0.0106382 0.0144261 0.0106428 0.0105806 0.0106278 0.0142789 0.0106517 0.0124226 0.0143034 0.0384999 0.0289871 0.0443795 0.0404312 0.0405459 0.0442071 0.0366441 0.0271583 0.0217584 0.0106648 0.0328888 0.0106676 0.0106783 0.0125107 1.7475969 1.7594606 1.7267297 1.7572090 0.0052920 0.0000010 1.7055181 0.0000010 
EPI646574|HA|A/Ulaanbaatar/330/2015|EPI_ISL_197078|A_/_H3N2                    0.0233346 0.0000000 0.0198555 0.0123698 0.0106197 0.0270857 0.0251137 0.0271823 0.0292359 0.0268952 0.0305024 0.0288992 0.0289704 0.0270100 0.0269242 0.0347890 0.0308048 0.0366813 0.0424318 0.0367098 0.0327882 0.0385171 0.0404655 0.0142174 0.0217388 0.0289436 0.0272874 0.0289685 0.0270355 0.0309208 1.7286912 1.7434921 1.7110905 1.7412568 0.0178218 0.0233346 1.6831183 0.0233346 
EPI817207|HA|A/Bishkek/124/2015|EPI_ISL_230784|A_/_H3N2                        0.0215033 0.0198555 0.0000000 0.0254007 0.0236290 0.0288980 0.0250691 0.0271336 0.0310833 0.0288322 0.0286593 0.0270467 0.0289184 0.0251665 0.0288631 0.0329010 0.0275455 0.0292083 0.0349616 0.0310925 0.0295356 0.0348294 0.0329528 0.0236669 0.0202196 0.0288917 0.0258325 0.0271116 0.0251899 0.0308650 1.7788513 1.7940340 1.7607170 1.7917554 0.0160128 0.0215033 1.7307526 0.0215033 
EPI671872|HA|A/Japan/4747/2015|EPI_ISL_201457|A_/_H3N2                         0.0288728 0.0123698 0.0254007 0.0000000 0.0160152 0.0326774 0.0306576 0.0327917 0.0348980 0.0324470 0.0360757 0.0345018 0.0345864 0.0325851 0.0324806 0.0386401 0.0364357 0.0405481 0.0464090 0.0386667 0.0384586 0.0462411 0.0424380 0.0196534 0.0273085 0.0345548 0.0329218 0.0308752 0.0326173 0.0365719 1.7396491 1.7579389 1.7252183 1.7556874 0.0232924 0.0288728 1.6957181 0.0288728 
EPI671886|HA|A/Japan/4761/2015|EPI_ISL_201471|A_/_H3N2                         0.0215578 0.0106197 0.0236290 0.0160152 0.0000000 0.0272154 0.0252331 0.0253920 0.0278625 0.0214480 0.0287307 0.0271154 0.0271824 0.0252303 0.0251506 0.0329855 0.0271941 0.0406417 0.0407316 0.0406740 0.0291598 0.0368134 0.0444655 0.0142807 0.0218427 0.0271572 0.0273712 0.0271807 0.0271648 0.0291264 1.7410718 1.7559585 1.7233498 1.7537140 0.0179056 0.0215578 1.6949039 0.0215578 
EPI857614|HA|A/Sri_Lanka/61/2015|EPI_ISL_237368|A_/_H3N2                       0.0142928 0.0270857 0.0288980 0.0326774 0.0272154 0.0000000 0.0178534 0.0215510 0.0126002 0.0215593 0.0214305 0.0215285 0.0253096 0.0215761 0.0233661 0.0292242 0.0462047 0.0405167 0.0522024 0.0443777 0.0483073 0.0481865 0.0443283 0.0309651 0.0331527 0.0216040 0.0426776 0.0216097 0.0106203 0.0160758 1.7938562 1.8060211 1.7724582 1.8037296 0.0124447 0.0142928 1.7495937 0.0142928 
EPI704157|HA|A/Malaysia/50142/2015|EPI_ISL_209067|A_/_H3N2                     0.0106287 0.0251137 0.0250691 0.0306576 0.0252331 0.0178534 0.0000000 0.0106138 0.0198880 0.0160325 0.0177073 0.0177872 0.0142461 0.0142040 0.0178220 0.0253501 0.0403078 0.0365129 0.0480449 0.0440747 0.0423608 0.0478553 0.0402795 0.0289502 0.0274007 0.0106403 0.0367886 0.0178539 0.0142279 0.0124818 1.7608290 1.7727829 1.7398023 1.7705198 0.0088139 0.0106287 1.7181130 0.0106287 
EPI706577|HA|A/Laos/I1002/2015|EPI_ISL_210359|A_/_H3N2                         0.0106382 0.0271823 0.0271336 0.0327917 0.0253920 0.0215510 0.0106138 0.0000000 0.0217452 0.0160476 0.0177242 0.0161540 0.0125324 0.0124952 0.0178391 0.0253762 0.0425699 0.0404119 0.0504033 0.0463778 0.0446557 0.0502012 0.0442148 0.0310746 0.0295251 0.0106499 0.0390260 0.0178711 0.0178898 0.0124933 1.7172134 1.7288558 1.6967328 1.7266339 0.0124109 0.0106382 1.6889160 0.0106382 
EPI726898|HA|A/TOCHIGI/15115/2015|EPI_ISL_215163|A_/_H3N2                      0.0144261 0.0292359 0.0310833 0.0348980 0.0278625 0.0126002 0.0198880 0.0217452 0.0000000 0.0217537 0.0216227 0.0217223 0.0255347 0.0217707 0.0235748 0.0294813 0.0486257 0.0428711 0.0547061 0.0506149 0.0507625 0.0544829 0.0467286 0.0369467 0.0354227 0.0217991 0.0450728 0.0218049 0.0199839 0.0237445 1.7615341 1.7734353 1.7406013 1.7932977 0.0144060 0.0144261 1.7189865 0.0144261 
EPI730521|HA|A/Singapore/TT137/2015|EPI_ISL_215701|A_/_H3N2                    0.0106428 0.0268952 0.0288322 0.0324470 0.0214480 0.0215593 0.0160325 0.0160476 0.0217537 0.0000000 0.0177312 0.0178113 0.0197443 0.0178509 0.0159544 0.0216706 0.0345121 0.0365993 0.0442729 0.0441811 0.0365189 0.0441004 0.0403747 0.0307453 0.0292096 0.0160874 0.0347905 0.0142446 0.0178969 0.0179732 1.7343613 1.7461544 1.7136168 1.7439108 0.0124161 0.0106428 1.6928486 0.0106428 
EPI731182|HA|A/Singapore/GP548/2015|EPI_ISL_215834|A_/_H3N2                    0.0105806 0.0305024 0.0286593 0.0360757 0.0287307 0.0214305 0.0177073 0.0177242 0.0216227 0.0177312 0.0000000 0.0177061 0.0214090 0.0177452 0.0159517 0.0252322 0.0458128 0.0401752 0.0517554 0.0477593 0.0478955 0.0515490 0.0439527 0.0343856 0.0328734 0.0177677 0.0423149 0.0177723 0.0177908 0.0196509 1.7561263 1.7680608 1.7351345 1.7657983 0.0123434 0.0105806 1.7135925 0.0105806 
EPI940619|HA|A/Thailand/CU-B11566/2015|EPI_ISL_252426|A_/_H3N2                 0.0106278 0.0288992 0.0270467 0.0345018 0.0271154 0.0215285 0.0177872 0.0161540 0.0217223 0.0178113 0.0177061 0.0000000 0.0197549 0.0160757 0.0196014 0.0253490 0.0442825 0.0403654 0.0502533 0.0462393 0.0463719 0.0500523 0.0441632 0.0327952 0.0312624 0.0178481 0.0407536 0.0178528 0.0160979 0.0197405 1.7470617 1.7589231 1.7261985 1.7566717 0.0123985 0.0106278 1.7430158 0.0106278 
EPI940631|HA|A/Thailand/CU-B11870/2015|EPI_ISL_252438|A_/_H3N2                 0.0142789 0.0289704 0.0289184 0.0345864 0.0271824 0.0253096 0.0142461 0.0125324 0.0255347 0.0197443 0.0214090 0.0197549 0.0000000 0.0142661 0.0215487 0.0291933 0.0443899 0.0443729 0.0522384 0.0482021 0.0464846 0.0520279 0.0482107 0.0328761 0.0313402 0.0142949 0.0408544 0.0215878 0.0216111 0.0161702 1.7513652 1.7632487 1.7304628 1.7609948 0.0160631 0.0142789 1.7016918 0.0142789 
EPI940656|HA|A/Thailand/CU-B13914/2015|EPI_ISL_252463|A_/_H3N2                 0.0106517 0.0270100 0.0251665 0.0325851 0.0252303 0.0215761 0.0142040 0.0124952 0.0217707 0.0178509 0.0177452 0.0160757 0.0142661 0.0000000 0.0196447 0.0254050 0.0423036 0.0404521 0.0482368 0.0442496 0.0443749 0.0480456 0.0442572 0.0308775 0.0293361 0.0142525 0.0387785 0.0178925 0.0179113 0.0161220 1.7201607 1.7317990 1.6996863 1.7295791 0.0124263 0.0106517 1.6722327 0.0106517 
EPI966155|HA|A/Saudi_Arabia/31/2015|EPI_ISL_257212|A_/_H3N2                    0.0124226 0.0269242 0.0288631 0.0324806 0.0251506 0.0233661 0.0178220 0.0178391 0.0235748 0.0159544 0.0159517 0.0196014 0.0215487 0.0196447 0.0000000 0.0254137 0.0421615 0.0404644 0.0521311 0.0481044 0.0442254 0.0519215 0.0442701 0.0307777 0.0292410 0.0178831 0.0386487 0.0160035 0.0196958 0.0197792 1.7440167 1.7563002 1.7236782 1.7540548 0.0124310 0.0124226 1.7026115 0.0124226 
EPI806286|HA|A/Ishikawa/JP-153/2015|EPI_ISL_229129|A_/_H3N2                    0.0143034 0.0347890 0.0329010 0.0386401 0.0329855 0.0292242 0.0253501 0.0253762 0.0294813 0.0216706 0.0252322 0.0253490 0.0291933 0.0254050 0.0254137 0.0000000 0.0385098 0.0214642 0.0402609 0.0363794 0.0364802 0.0401071 0.0326414 0.0387888 0.0332716 0.0254385 0.0406350 0.0199256 0.0254736 0.0274056 1.7682935 1.7834401 1.7502193 1.7811635 0.0161916 0.0143034 1.7448856 0.0143034 
EPI806285|HA|A/Tokushima/JP-143/2015|EPI_ISL_229128|A_/_H3N2                   0.0384999 0.0308048 0.0275455 0.0364357 0.0271941 0.0462047 0.0403078 0.0425699 0.0486257 0.0345121 0.0458128 0.0442825 0.0443899 0.0423036 0.0421615 0.0385098 0.0000000 0.0253725 0.0179572 0.0215660 0.0107085 0.0216695 0.0290789 0.0309948 0.0351026 0.0443509 0.0369914 0.0405209 0.0423490 0.0464507 1.7173948 1.7320548 1.6999775 1.7298368 0.0327636 0.0384999 1.6725452 0.0384999 
EPI806295|HA|A/Ishikawa/DS-217/2015|EPI_ISL_229138|A_/_H3N2                    0.0289871 0.0366813 0.0292083 0.0405481 0.0406417 0.0405167 0.0365129 0.0404119 0.0428711 0.0365993 0.0401752 0.0403654 0.0443729 0.0404521 0.0404644 0.0214642 0.0253725 0.0000000 0.0252657 0.0142130 0.0178568 0.0178054 0.0106271 0.0407043 0.0370816 0.0405083 0.0447896 0.0348742 0.0366951 0.0425814 1.7380437 1.7529035 1.7203587 1.7506621 0.0272096 0.0289871 1.7010361 0.0289871 
EPI806300|HA|A/Hyogo/DS-282v/2015|EPI_ISL_229143|A_/_H3N2                      0.0443795 0.0424318 0.0349616 0.0464090 0.0407316 0.0522024 0.0480449 0.0504033 0.0547061 0.0442729 0.0517554 0.0502533 0.0522384 0.0482368 0.0521311 0.0402609 0.0179572 0.0252657 0.0000000 0.0214757 0.0143399 0.0106556 0.0215901 0.0446896 0.0490230 0.0521921 0.0498183 0.0426340 0.0482912 0.0543526 1.7257199 1.7404464 1.7082110 1.7382216 0.0385515 0.0443795 1.6804445 0.0443795 
EPI806299|HA|A/Ishikawa/DS-276v/2015|EPI_ISL_229142|A_/_H3N2                   0.0404312 0.0367098 0.0310925 0.0386667 0.0406740 0.0443777 0.0440747 0.0463778 0.0506149 0.0441811 0.0477593 0.0462393 0.0482021 0.0442496 0.0481044 0.0363794 0.0215660 0.0142130 0.0214757 0.0000000 0.0178693 0.0142267 0.0178148 0.0407367 0.0449778 0.0481592 0.0509024 0.0424656 0.0442979 0.0502840 1.7317611 1.7465742 1.7141407 1.7443380 0.0346686 0.0404312 1.6860661 0.0404312 
EPI806306|HA|A/Fukuoka/DS-323v/2015|EPI_ISL_229149|A_/_H3N2                    0.0405459 0.0327882 0.0295356 0.0384586 0.0291598 0.0483073 0.0423608 0.0446557 0.0507625 0.0365189 0.0478955 0.0463719 0.0464846 0.0443749 0.0442254 0.0364802 0.0107085 0.0178568 0.0143399 0.0178693 0.0000000 0.0106374 0.0178418 0.0329912 0.0371414 0.0464428 0.0390477 0.0425869 0.0444236 0.0485655 1.6992831 1.7138274 1.6820331 1.7116217 0.0347658 0.0405459 1.6552725 0.0405459 
EPI806305|HA|A/Tokushima/DS-317v/2015|EPI_ISL_229148|A_/_H3N2                  0.0442071 0.0385171 0.0348294 0.0462411 0.0368134 0.0481865 0.0478553 0.0502012 0.0544829 0.0441004 0.0515490 0.0500523 0.0520279 0.0480456 0.0519215 0.0401071 0.0216695 0.0178054 0.0106556 0.0142267 0.0106374 0.0000000 0.0177904 0.0407253 0.0488256 0.0519819 0.0508070 0.0462636 0.0480995 0.0541312 1.7195143 1.7342254 1.7020343 1.7320009 0.0384043 0.0442071 1.6744587 0.0442071 
EPI806315|HA|A/Kanagawa/DS-448v/2015|EPI_ISL_229158|A_/_H3N2                   0.0366441 0.0404655 0.0329528 0.0424380 0.0444655 0.0443283 0.0402795 0.0442148 0.0467286 0.0403747 0.0439527 0.0441632 0.0482107 0.0442572 0.0442701 0.0326414 0.0290789 0.0106271 0.0215901 0.0178148 0.0178418 0.0177904 0.0000000 0.0445334 0.0449857 0.0443193 0.0509118 0.0348960 0.0404811 0.0464174 1.7268437 1.7416359 1.7092560 1.7394014 0.0309246 0.0366441 1.7000485 0.0366441 
EPI567130|HA|A/Catalonia/2235968NS/2015|EPI_ISL_173167|A_/_H3N2                0.0271583 0.0142174 0.0236669 0.0196534 0.0142807 0.0309651 0.0289502 0.0310746 0.0369467 0.0307453 0.0343856 0.0327952 0.0328761 0.0308775 0.0307777 0.0387888 0.0309948 0.0407043 0.0446896 0.0407367 0.0329912 0.0407253 0.0445334 0.0000000 0.0255767 0.0328459 0.0311975 0.0328739 0.0309078 0.0348607 1.7590221 1.7740914 1.7363065 1.7718238 0.0215715 0.0271583 1.7118105 0.0271583 
EPI574571|HA|A/England/20/2015|EPI_ISL_175014|A_/_H3N2                         0.0217584 0.0217388 0.0202196 0.0273085 0.0218427 0.0331527 0.0274007 0.0295251 0.0354227 0.0292096 0.0328734 0.0312624 0.0313402 0.0293361 0.0292410 0.0332716 0.0351026 0.0370816 0.0490230 0.0449778 0.0371414 0.0488256 0.0449857 0.0255767 0.0000000 0.0313111 0.0257334 0.0313381 0.0293647 0.0333316 1.7629863 1.7790305 1.7450260 1.7757802 0.0199737 0.0217584 1.7157053 0.0217584 
EPI652073|HA|A/South_Australia/37/2015|EPI_ISL_197873|A_/_H3N2                 0.0106648 0.0289436 0.0288917 0.0345548 0.0271572 0.0216040 0.0106403 0.0106499 0.0217991 0.0160874 0.0177677 0.0178481 0.0142949 0.0142525 0.0178831 0.0254385 0.0443509 0.0405083 0.0521921 0.0481592 0.0464428 0.0519819 0.0443193 0.0328459 0.0313111 0.0000000 0.0408171 0.0179153 0.0179341 0.0125246 1.7188235 1.7304675 1.7098957 1.7282461 0.0124418 0.0106648 1.6781978 0.0106648 
EPI676011|HA|A/Victoria/36/2015|EPI_ISL_202632|A_/_H3N2                        0.0328888 0.0272874 0.0258325 0.0329218 0.0273712 0.0426776 0.0367886 0.0390260 0.0450728 0.0347905 0.0423149 0.0407536 0.0408544 0.0387785 0.0386487 0.0406350 0.0369914 0.0447896 0.0498183 0.0509024 0.0390477 0.0508070 0.0509118 0.0311975 0.0257334 0.0408171 0.0000000 0.0408515 0.0388193 0.0429077 1.7559410 1.7709907 1.7380006 1.7687264 0.0292383 0.0328888 1.7237627 0.0328888 
EPI676032|HA|A/Victoria/48/2015|EPI_ISL_202639|A_/_H3N2                        0.0106676 0.0289685 0.0271116 0.0308752 0.0271807 0.0216097 0.0178539 0.0178711 0.0218049 0.0142446 0.0177723 0.0178528 0.0215878 0.0178925 0.0160035 0.0199256 0.0405209 0.0348742 0.0426340 0.0424656 0.0425869 0.0462636 0.0348960 0.0328739 0.0313381 0.0179153 0.0408515 0.0000000 0.0179388 0.0198151 1.7590637 1.7714465 1.7385403 1.7691883 0.0106749 0.0106676 1.7169270 0.0106676 
EPI688416|HA|A/South_Australia/21/2015|EPI_ISL_206150|A_/_H3N2                 0.0106783 0.0270355 0.0251899 0.0326173 0.0271648 0.0106203 0.0142279 0.0178898 0.0199839 0.0178969 0.0177908 0.0160979 0.0216111 0.0179113 0.0196958 0.0254736 0.0423490 0.0366951 0.0482912 0.0442979 0.0444236 0.0480995 0.0404811 0.0309078 0.0293647 0.0179341 0.0388193 0.0179388 0.0000000 0.0124554 1.7764935 1.7885663 1.7552591 1.7862864 0.0088547 0.0106783 1.7329802 0.0106783 
EPI746392|HA|A/Brisbane/174/2015|EPI_ISL_219025|A_/_H3N2                       0.0125107 0.0309208 0.0308650 0.0365719 0.0291264 0.0160758 0.0124818 0.0124933 0.0237445 0.0179732 0.0196509 0.0197405 0.0161702 0.0161220 0.0197792 0.0274056 0.0464507 0.0425814 0.0543526 0.0502840 0.0485655 0.0541312 0.0464174 0.0348607 0.0333316 0.0125246 0.0429077 0.0198151 0.0124554 0.0000000 1.7554808 1.7674150 1.7344895 1.7651531 0.0142972 0.0125107 1.7129652 0.0125107 
EPI679237|HA|A/England/54480152/2015|EPI_ISL_203380|A_/_H1N1                   1.7475969 1.7286912 1.7788513 1.7396491 1.7410718 1.7938562 1.7608290 1.7172134 1.7615341 1.7343613 1.7561263 1.7470617 1.7513652 1.7201607 1.7440167 1.7682935 1.7173948 1.7380437 1.7257199 1.7317611 1.6992831 1.7195143 1.7268437 1.7590221 1.7629863 1.7188235 1.7559410 1.7590637 1.7764935 1.7554808 0.0000000 0.0160420 0.0124180 0.0160410 1.6655991 1.7475969 0.0070731 1.6862012 
EPI875186|HA|A/England/55341145/2015|EPI_ISL_240948|A_/_H1N1                   1.7594606 1.7434921 1.7940340 1.7579389 1.7559585 1.8060211 1.7727829 1.7288558 1.7734353 1.7461544 1.7680608 1.7589231 1.7632487 1.7317990 1.7563002 1.7834401 1.7320548 1.7529035 1.7404464 1.7465742 1.7138274 1.7342254 1.7416359 1.7740914 1.7790305 1.7304675 1.7709907 1.7714465 1.7885663 1.7674150 0.0160420 0.0000000 0.0215059 0.0178056 1.6796020 1.7594606 0.0088325 1.6974615 
EPI875242|HA|A/England/461/2015|EPI_ISL_240955|A_/_H1N1                        1.7267297 1.7110905 1.7607170 1.7252183 1.7233498 1.7724582 1.7398023 1.6967328 1.7406013 1.7136168 1.7351345 1.7261985 1.7304628 1.6996863 1.7236782 1.7502193 1.6999775 1.7203587 1.7082110 1.7141407 1.6820331 1.7020343 1.7092560 1.7363065 1.7450260 1.7098957 1.7380006 1.7385403 1.7552591 1.7344895 0.0124180 0.0215059 0.0000000 0.0215043 1.6490392 1.7267297 0.0124453 1.6663864 
EPI625636|HA|A/Dnipropetrovsk/439/2015|EPI_ISL_192067|A_/_H1N1                 1.7572090 1.7412568 1.7917554 1.7556874 1.7537140 1.8037296 1.7705198 1.7266339 1.7932977 1.7439108 1.7657983 1.7566717 1.7609948 1.7295791 1.7540548 1.7811635 1.7298368 1.7506621 1.7382216 1.7443380 1.7116217 1.7320009 1.7394014 1.7718238 1.7757802 1.7282461 1.7687264 1.7691883 1.7862864 1.7651531 0.0160410 0.0178056 0.0215043 0.0000000 1.6774674 1.7572090 0.0088320 1.6952992 
H3N2_2015_Consensus_Aligned                                                    0.0052920 0.0178218 0.0160128 0.0232924 0.0179056 0.0124447 0.0088139 0.0124109 0.0144060 0.0124161 0.0123434 0.0123985 0.0160631 0.0124263 0.0124310 0.0161916 0.0327636 0.0272096 0.0385515 0.0346686 0.0347658 0.0384043 0.0309246 0.0215715 0.0199737 0.0124418 0.0292383 0.0106749 0.0088547 0.0142972 1.6655991 1.6796020 1.6490392 1.6774674 0.0000000 0.0052920 1.6310238 0.0052119 
H3N2_2015_Medoid_Aligned|EPI646110|HA|A/OKAYAMA/2/2015|EPI_ISL_196619|A_/_H3N2 0.0000010 0.0233346 0.0215033 0.0288728 0.0215578 0.0142928 0.0106287 0.0106382 0.0144261 0.0106428 0.0105806 0.0106278 0.0142789 0.0106517 0.0124226 0.0143034 0.0384999 0.0289871 0.0443795 0.0404312 0.0405459 0.0442071 0.0366441 0.0271583 0.0217584 0.0106648 0.0328888 0.0106676 0.0106783 0.0125107 1.7475969 1.7594606 1.7267297 1.7572090 0.0052920 0.0000000 1.7055181 0.0000010 
H3N2_2015_Ancestral_Aligned_Node14                                             1.7055181 1.6831183 1.7307526 1.6957181 1.6949039 1.7495937 1.7181130 1.6889160 1.7189865 1.6928486 1.7135925 1.7430158 1.7016918 1.6722327 1.7026115 1.7448856 1.6725452 1.7010361 1.6804445 1.6860661 1.6552725 1.6744587 1.7000485 1.7118105 1.7157053 1.6781978 1.7237627 1.7169270 1.7329802 1.7129652 0.0070731 0.0088325 0.0124453 0.0088320 1.6310238 1.7055181 0.0000000 1.6476534 
H3N2_2015_COBRA_Aligned                                                        0.0000010 0.0233346 0.0215033 0.0288728 0.0215578 0.0142928 0.0106287 0.0106382 0.0144261 0.0106428 0.0105806 0.0106278 0.0142789 0.0106517 0.0124226 0.0143034 0.0384999 0.0289871 0.0443795 0.0404312 0.0405459 0.0442071 0.0366441 0.0271583 0.0217584 0.0106648 0.0328888 0.0106676 0.0106783 0.0125107 1.6862012 1.6974615 1.6663864 1.6952992 0.0052119 0.0000010 1.6476534 0.0000000 
