22
EPI842634|HA|A/Thailand/FLU_PMKA1835/2012|EPI_ISL_235288|A_/_H3N2 0.0000000 0.0213747 0.0290152 0.0232320 0.0287398 0.0213207 0.0195184 0.0305625 0.0249812 0.0286617 0.0308357 0.0195293 0.0286448 0.0289360 1.4499746 1.4404921 1.4397396 1.4557278 1.4588090 1.4340282 1.4378478 1.4313936 
EPI684777|HA|A/Thailand/CU-H3368/2012|EPI_ISL_205362|A_/_H3N2     0.0213747 0.0000000 0.0253906 0.0160172 0.0251468 0.0105957 0.0123700 0.0379297 0.0141885 0.0232925 0.0382636 0.0123767 0.0359738 0.0363333 1.4599652 1.4504415 1.4497068 1.4657448 1.4688656 1.4439663 1.4478120 1.4413179 
EPI530828|HA|A/Lebanon/11L018/2012|EPI_ISL_140703|A_/_H3N2        0.0290152 0.0253906 0.0000000 0.0271500 0.0159666 0.0253259 0.0271511 0.0364404 0.0233955 0.0198462 0.0351834 0.0271669 0.0344747 0.0348242 1.4713633 1.4617823 1.4610662 1.4771796 1.4803492 1.4552870 1.4591671 1.4526197 
EPI691463|HA|A/Kanagawa/09-209v/2012|EPI_ISL_206637|A_/_H3N2      0.0232320 0.0160172 0.0271500 0.0000000 0.0268912 0.0159764 0.0141826 0.0398717 0.0196115 0.0306139 0.0364448 0.0141904 0.0379010 0.0382788 1.4728123 1.4631966 1.4624808 1.4786500 1.4818350 1.4566801 1.4605757 1.4540029 
EPI691475|HA|A/Chiba/33-178v/2012|EPI_ISL_206649|A_/_H3N2         0.0287398 0.0251468 0.0159666 0.0268912 0.0000000 0.0250833 0.0268924 0.0379374 0.0269926 0.0214566 0.0365431 0.0269079 0.0359804 0.0363402 1.4655718 1.4560185 1.4552930 1.4713702 1.4745153 1.4495321 1.4533957 1.4468739 
EPI2380580|HA|A/Manila/AFPA-00202/2012|EPI_ISL_16854189|A_/_H3N2  0.0213207 0.0105957 0.0253259 0.0159764 0.0250833 0.0000000 0.0123384 0.0378359 0.0106046 0.0250145 0.0381683 0.0123452 0.0358848 0.0362427 1.4758386 1.4661946 1.4654827 1.4816940 1.4848963 1.4596638 1.4635739 1.4569779 
EPI2120416|HA|A/Philippines/22/2012|EPI_ISL_14284851|A_/_H3N2     0.0195184 0.0123700 0.0271511 0.0141826 0.0268924 0.0123384 0.0000000 0.0359853 0.0159321 0.0268185 0.0363027 0.0105679 0.0340443 0.0325806 1.4625964 1.4530559 1.4523253 1.4683866 1.4715197 1.4465736 1.4504287 1.4439199 
EPI426125|HA|A/Galicia/RR9911/2012|EPI_ISL_136408|A_/_H3N2        0.0305625 0.0379297 0.0364404 0.0398717 0.0379374 0.0378359 0.0359853 0.0000000 0.0378856 0.0305129 0.0162114 0.0360065 0.0196046 0.0198098 1.4370622 1.4276795 1.4269094 1.4427526 1.4457679 1.4212616 1.4250293 1.4186579 
EPI407616|HA|A/Guam/3057/2012|EPI_ISL_132805|A_/_H3N2             0.0249812 0.0141885 0.0233955 0.0196115 0.0269926 0.0106046 0.0159321 0.0378856 0.0000000 0.0287118 0.0400971 0.0159409 0.0396440 0.0400364 1.4653482 1.4557926 1.4550663 1.4711480 1.4742934 1.4493045 1.4531685 1.4466459 
EPI434580|HA|A/VICTORIA/87/2012|EPI_ISL_137756|A_/_H3N2           0.0286617 0.0232925 0.0198462 0.0306139 0.0214566 0.0250145 0.0268185 0.0305129 0.0287118 0.0000000 0.0307853 0.0268339 0.0285982 0.0288885 1.4370503 1.4276871 1.4269187 1.4427287 1.4457375 1.4212827 1.4250425 1.4186843 
EPI447135|HA|A/Micronesia/6689/2012|EPI_ISL_140984|A_/_H3N2       0.0308357 0.0382636 0.0351834 0.0364448 0.0365431 0.0381683 0.0363027 0.0162114 0.0400971 0.0307853 0.0000000 0.0363243 0.0197852 0.0199938 1.4406511 1.4312489 1.4304846 1.4463553 1.4493864 1.4248235 1.4286025 1.4222134 
EPI1125623|HA|A/Victoria/3/2012|EPI_ISL_288811|A_/_H3N2           0.0195293 0.0123767 0.0271669 0.0141904 0.0269079 0.0123452 0.0105679 0.0360065 0.0159409 0.0268339 0.0363243 0.0000000 0.0340642 0.0344056 1.4635012 1.4539439 1.4532137 1.4693018 1.4724429 1.4474516 1.4513144 1.4447930 
EPI629923|HA|A/Victoria/187/2012|EPI_ISL_192794|A_/_H3N2          0.0286448 0.0359738 0.0344747 0.0379010 0.0359804 0.0358848 0.0340443 0.0196046 0.0396440 0.0285982 0.0197852 0.0340642 0.0000000 0.0143024 1.4275970 1.4182633 1.4174780 1.4332575 1.4343915 1.4118629 1.4156022 1.4092751 
EPI394188|HA|A/WELLINGTON/5/2012|EPI_ISL_128656|A_/_H3N2          0.0289360 0.0363333 0.0348242 0.0382788 0.0363402 0.0362427 0.0325806 0.0198098 0.0400364 0.0288885 0.0199938 0.0344056 0.0143024 0.0000000 1.4264921 1.4253017 1.4164011 1.4321356 1.4380682 1.4108035 1.4145307 1.4082238 
EPI404895|HA|A/Stockholm/34/2012|EPI_ISL_131802|A_/_H1N1          1.4499746 1.4599652 1.4713633 1.4728123 1.4655718 1.4758386 1.4625964 1.4370622 1.4653482 1.4370503 1.4406511 1.4635012 1.4275970 1.4264921 0.0000000 0.0178417 0.0178610 0.0124329 0.0251181 0.0197516 0.0142229 0.0215384 
EPI405082|HA|A/Stockholm/42/2012|EPI_ISL_131859|A_/_H1N1          1.4404921 1.4504415 1.4617823 1.4631966 1.4560185 1.4661946 1.4530559 1.4276795 1.4557926 1.4276871 1.4312489 1.4539439 1.4182633 1.4253017 0.0178417 0.0000000 0.0142260 0.0160240 0.0250543 0.0179086 0.0106352 0.0178700 
EPI407293|HA|A/Scotland/124640797/2012|EPI_ISL_132666|A_/_H1N1    1.4397396 1.4497068 1.4610662 1.4624808 1.4552930 1.4654827 1.4523253 1.4269094 1.4550663 1.4269187 1.4304846 1.4532137 1.4174780 1.4164011 0.0178610 0.0142260 0.0000000 0.0196685 0.0250810 0.0106538 0.0142406 0.0106311 
EPI418377|HA|A/Stockholm/44/2012|EPI_ISL_134872|A_/_H1N1          1.4557278 1.4657448 1.4771796 1.4786500 1.4713702 1.4816940 1.4683866 1.4427526 1.4711480 1.4427287 1.4463553 1.4693018 1.4332575 1.4321356 0.0124329 0.0160240 0.0196685 0.0000000 0.0251199 0.0234099 0.0160404 0.0233588 
EPI418830|HA|A/Stockholm/50/2012|EPI_ISL_134938|A_/_H1N1          1.4588090 1.4688656 1.4803492 1.4818350 1.4745153 1.4848963 1.4715197 1.4457679 1.4742934 1.4457375 1.4493864 1.4724429 1.4343915 1.4380682 0.0251181 0.0250543 0.0250810 0.0251199 0.0000000 0.0288674 0.0250797 0.0288040 
EPI379995|HA|A/Stockholm/25/2012|EPI_ISL_122761|A_/_H1N1          1.4340282 1.4439663 1.4552870 1.4566801 1.4495321 1.4596638 1.4465736 1.4212616 1.4493045 1.4212827 1.4248235 1.4474516 1.4118629 1.4108035 0.0197516 0.0179086 0.0106538 0.0234099 0.0288674 0.0000000 0.0161059 0.0106970 
EPI383002|HA|A/Boras/1/2012|EPI_ISL_123787|A_/_H1N1               1.4378478 1.4478120 1.4591671 1.4605757 1.4533957 1.4635739 1.4504287 1.4250293 1.4531685 1.4250425 1.4286025 1.4513144 1.4156022 1.4145307 0.0142229 0.0106352 0.0142406 0.0160404 0.0250797 0.0161059 0.0000000 0.0160705 
EPI397599|HA|A/Stockholm/16/2012|EPI_ISL_129669|A_/_H1N1          1.4313936 1.4413179 1.4526197 1.4540029 1.4468739 1.4569779 1.4439199 1.4186579 1.4466459 1.4186843 1.4222134 1.4447930 1.4092751 1.4082238 0.0215384 0.0178700 0.0106311 0.0233588 0.0288040 0.0106970 0.0160705 0.0000000 
