36
EPI341586|HA|A/Oman/916/2011|EPI_ISL_98822|A_/_H3N2                          0.0000000 0.0249243 0.0248504 0.0160615 0.0159624 0.0105806 0.0105912 0.0160122 0.0160318 0.0142304 0.0179565 0.0305262 0.0305513 0.0159968 0.0215624 0.0106539 0.0159849 0.0105872 0.0105975 0.0105852 0.0142347 0.0143145 0.0123936 0.0248142 0.0124949 1.5529243 1.5822556 1.5555979 1.5620823 1.5325906 1.5489623 1.5713165 0.0070482 0.0000010 0.0250027 0.0000010 
EPI346620|HA|A/Kazakhstan/2140/2011|EPI_ISL_99884|A_/_H3N2                   0.0249243 0.0000000 0.0322244 0.0306691 0.0341491 0.0285926 0.0233432 0.0324169 0.0342984 0.0324455 0.0363860 0.0141531 0.0141645 0.0342210 0.0363407 0.0324564 0.0304865 0.0322497 0.0286359 0.0269734 0.0324552 0.0326208 0.0288733 0.0321765 0.0272140 1.5380800 1.5672133 1.5407478 1.5471531 1.5217030 1.5341465 1.5563875 0.0249974 0.0249243 0.0087976 0.0249243 
EPI349021|HA|A/SAGA/193/2011|EPI_ISL_101482|A_/_H3N2                         0.0248504 0.0322244 0.0000000 0.0342555 0.0303824 0.0212905 0.0249235 0.0323192 0.0305332 0.0323476 0.0362750 0.0379207 0.0379520 0.0304649 0.0362300 0.0323584 0.0340942 0.0321541 0.0285503 0.0249101 0.0287389 0.0325220 0.0285369 0.0176649 0.0306476 1.5350229 1.5641182 1.5376893 1.5440794 1.5148804 1.5310942 1.5533149 0.0249231 0.0248504 0.0323265 0.0248504 
EPI353231|HA|A/YOKOHAMA/156/2011|EPI_ISL_103607|A_/_H3N2                     0.0160615 0.0306691 0.0342555 0.0000000 0.0106436 0.0160741 0.0233588 0.0106772 0.0179349 0.0161184 0.0125733 0.0382432 0.0343943 0.0106668 0.0161759 0.0161235 0.0106588 0.0160216 0.0124476 0.0269930 0.0161233 0.0162132 0.0288952 0.0342040 0.0253072 1.5639628 1.5934266 1.5666385 1.5731791 1.5435191 1.5599809 1.5824082 0.0088699 0.0160615 0.0326019 0.0160615 
EPI353233|HA|A/OSAKA/125/2011|EPI_ISL_103609|A_/_H3N2                        0.0159624 0.0341491 0.0303824 0.0106436 0.0000000 0.0159748 0.0232146 0.0106111 0.0178238 0.0160186 0.0124950 0.0398850 0.0360431 0.0106009 0.0160753 0.0160236 0.0105929 0.0159229 0.0123707 0.0268267 0.0160234 0.0161123 0.0287168 0.0339957 0.0289373 1.5703771 1.6000047 1.5730615 1.5796543 1.5498095 1.5663718 1.5889067 0.0088151 0.0159624 0.0342581 0.0159624 
EPI842636|HA|A/Thailand/FLU_PMKD0388/2011|EPI_ISL_235290|A_/_H3N2            0.0105806 0.0285926 0.0212905 0.0160741 0.0159748 0.0000000 0.0177551 0.0160247 0.0160592 0.0178550 0.0179707 0.0342481 0.0342764 0.0124261 0.0215796 0.0178606 0.0159974 0.0177480 0.0141828 0.0177453 0.0178603 0.0179586 0.0213466 0.0212598 0.0233806 1.5588057 1.5883053 1.5614893 1.5680251 1.5383458 1.5548200 1.5772869 0.0106117 0.0105806 0.0286835 0.0105806 
EPI684763|HA|A/Thailand/CU-B5773/2011|EPI_ISL_205411|A_/_H3N2                0.0105912 0.0233432 0.0249235 0.0233588 0.0232146 0.0177551 0.0000000 0.0214731 0.0196880 0.0214918 0.0253098 0.0289767 0.0290007 0.0232645 0.0252762 0.0178784 0.0232475 0.0177656 0.0177830 0.0106161 0.0214983 0.0216143 0.0124300 0.0248871 0.0125319 1.5557786 1.5851250 1.5584510 1.5649456 1.5377728 1.5518140 1.5741714 0.0141927 0.0105912 0.0234171 0.0105912 
EPI684766|HA|A/Thailand/CU-B5898/2011|EPI_ISL_205412|A_/_H3N2                0.0160122 0.0324169 0.0323192 0.0106772 0.0106111 0.0160247 0.0214731 0.0000000 0.0178795 0.0160687 0.0125344 0.0381484 0.0343093 0.0106341 0.0143192 0.0160738 0.0106261 0.0159725 0.0124095 0.0250895 0.0160736 0.0161630 0.0269773 0.0322710 0.0271864 1.5824040 1.6121623 1.5850884 1.5917405 1.5617255 1.5783782 1.6009838 0.0088428 0.0160122 0.0325212 0.0160122 
EPI895371|HA|A/Jordan/A0123/2011|EPI_ISL_244576|A_/_H3N2                     0.0160318 0.0342984 0.0305332 0.0179349 0.0178238 0.0160592 0.0196880 0.0178795 0.0000000 0.0160885 0.0198506 0.0400607 0.0362010 0.0142603 0.0234766 0.0160936 0.0178491 0.0159920 0.0124244 0.0233035 0.0160934 0.0161829 0.0269542 0.0304878 0.0290652 1.5466532 1.5759194 1.5493260 1.5557810 1.5263742 1.5427005 1.5650211 0.0088533 0.0160318 0.0344093 0.0160318 
EPI895378|HA|A/Jordan/B1370/2011|EPI_ISL_244583|A_/_H3N2                     0.0142304 0.0324455 0.0323476 0.0161184 0.0160186 0.0178550 0.0214918 0.0160687 0.0160885 0.0000000 0.0180205 0.0381824 0.0343397 0.0160532 0.0216395 0.0142851 0.0160413 0.0141951 0.0106346 0.0251114 0.0106522 0.0143652 0.0270010 0.0322993 0.0272104 1.5532853 1.5826625 1.5559628 1.5624583 1.5329188 1.5493169 1.5777381 0.0070728 0.0142304 0.0325500 0.0142304 
EPI1061746|HA|A/Korea/KUMC-GR115/2011|EPI_ISL_278382|A_/_H3N2                0.0179565 0.0363860 0.0362750 0.0125733 0.0124950 0.0179707 0.0253098 0.0125344 0.0198506 0.0180205 0.0000000 0.0381181 0.0383086 0.0125222 0.0180849 0.0180263 0.0125128 0.0179117 0.0143143 0.0289681 0.0180260 0.0181260 0.0308879 0.0362200 0.0311254 1.5922792 1.6222560 1.5949730 1.6016993 1.5714312 1.5882210 1.6109685 0.0107105 0.0179565 0.0365047 0.0179565 
EPI1061747|HA|A/Korea/KUMC-GR116/2011|EPI_ISL_278383|A_/_H3N2                0.0305262 0.0141531 0.0379207 0.0382432 0.0398850 0.0342481 0.0289767 0.0381484 0.0400607 0.0381824 0.0381181 0.0000000 0.0106045 0.0399699 0.0382892 0.0381955 0.0361776 0.0342662 0.0342992 0.0326469 0.0381939 0.0383843 0.0345825 0.0378633 0.0348446 1.5287320 1.5576544 1.5313875 1.5377246 1.5263180 1.5387797 1.5610259 0.0306160 0.0305262 0.0052693 0.0305262 
EPI1061749|HA|A/Korea/KUMC-GR124/2011|EPI_ISL_278385|A_/_H3N2                0.0305513 0.0141645 0.0379520 0.0343943 0.0360431 0.0342764 0.0290007 0.0343093 0.0362010 0.0343397 0.0383086 0.0106045 0.0000000 0.0361189 0.0344365 0.0343513 0.0323656 0.0341330 0.0305058 0.0326740 0.0343500 0.0345239 0.0346114 0.0378946 0.0348738 1.5464228 1.5756361 1.5490911 1.5555338 1.5299842 1.5424776 1.5647582 0.0268527 0.0305513 0.0052735 0.0305513 
EPI1061751|HA|A/Korea/KUMC-GR157/2011|EPI_ISL_278387|A_/_H3N2                0.0159968 0.0342210 0.0304649 0.0106668 0.0106009 0.0124261 0.0232645 0.0106341 0.0142603 0.0160532 0.0125222 0.0399699 0.0361189 0.0000000 0.0161102 0.0160583 0.0106159 0.0159572 0.0123975 0.0232519 0.0160581 0.0161473 0.0231240 0.0304197 0.0289997 1.5547290 1.5841301 1.5574074 1.5639117 1.5343434 1.5507572 1.5731601 0.0088342 0.0159968 0.0343314 0.0159968 
EPI1061759|HA|A/Korea/KUMC-GR226/2011|EPI_ISL_278395|A_/_H3N2                0.0215624 0.0363407 0.0362300 0.0161759 0.0160753 0.0215796 0.0252762 0.0143192 0.0234766 0.0216395 0.0180849 0.0382892 0.0344365 0.0161102 0.0000000 0.0216465 0.0160982 0.0215088 0.0179046 0.0289304 0.0216461 0.0217636 0.0308482 0.0361751 0.0310852 1.5627797 1.5922564 1.5654577 1.5719983 1.5423291 1.5587964 1.5812363 0.0142896 0.0215624 0.0326423 0.0215624 
EPI380839|HA|A/Singapore/GP1561/2011|EPI_ISL_122937|A_/_H3N2                 0.0106539 0.0324564 0.0323584 0.0161235 0.0160236 0.0178606 0.0178784 0.0160738 0.0160936 0.0142851 0.0180263 0.0381955 0.0343513 0.0160583 0.0216465 0.0000000 0.0160463 0.0106275 0.0106379 0.0214863 0.0142894 0.0143698 0.0233601 0.0323100 0.0235440 1.5568108 1.5861891 1.5594852 1.5659894 1.5364374 1.5528416 1.5752218 0.0070749 0.0106539 0.0325609 0.0106539 
EPI380951|HA|A/Singapore/KK398/2011|EPI_ISL_122993|A_/_H3N2                  0.0159849 0.0304865 0.0340942 0.0106588 0.0105929 0.0159974 0.0232475 0.0106261 0.0178491 0.0160413 0.0125128 0.0361776 0.0323656 0.0106159 0.0160982 0.0160463 0.0000000 0.0159454 0.0123882 0.0268645 0.0160461 0.0161352 0.0287574 0.0340433 0.0289784 1.5688272 1.5983969 1.5715078 1.5780838 1.5483024 1.5648301 1.5873247 0.0088276 0.0159849 0.0305840 0.0159849 
EPI381075|HA|A/Singapore/TT713/2011|EPI_ISL_123055|A_/_H3N2                  0.0105872 0.0322497 0.0321541 0.0160216 0.0159229 0.0177480 0.0177656 0.0159725 0.0159920 0.0141951 0.0179117 0.0342662 0.0341330 0.0159572 0.0215088 0.0106275 0.0159454 0.0000000 0.0105713 0.0213505 0.0141994 0.0142788 0.0196023 0.0321065 0.0233937 1.5421018 1.5712614 1.5447689 1.5511896 1.5358419 1.5522544 1.5746489 0.0070308 0.0105872 0.0323530 0.0105872 
EPI347580|HA|A/Karlstad/3/2011|EPI_ISL_100466|A_/_H3N2                       0.0105975 0.0286359 0.0285503 0.0124476 0.0123707 0.0141828 0.0177830 0.0124095 0.0124244 0.0106346 0.0143143 0.0342992 0.0305058 0.0123975 0.0179046 0.0106379 0.0123882 0.0105713 0.0000000 0.0213714 0.0106378 0.0106985 0.0232348 0.0285083 0.0234169 1.5482678 1.5775082 1.5509369 1.5573901 1.5280041 1.5443184 1.5666153 0.0035115 0.0105975 0.0287270 0.0105975 
EPI484683|HA|A/Stockholm/26/2011|EPI_ISL_149718|A_/_H3N2                     0.0105852 0.0269734 0.0249101 0.0269930 0.0268267 0.0177453 0.0106161 0.0250895 0.0233035 0.0251114 0.0289681 0.0326469 0.0326740 0.0232519 0.0289304 0.0214863 0.0268645 0.0213505 0.0213714 0.0000000 0.0251190 0.0252519 0.0106145 0.0248738 0.0125247 1.5624186 1.5919338 1.5651005 1.5716488 1.5442976 1.5584300 1.5809004 0.0177672 0.0105852 0.0270594 0.0105852 
EPI346341|HA|A/VICTORIA/304/2011|EPI_ISL_99766|A_/_H3N2                      0.0142347 0.0324552 0.0287389 0.0161233 0.0160234 0.0178603 0.0214983 0.0160736 0.0160934 0.0106522 0.0180260 0.0381939 0.0343500 0.0160581 0.0216461 0.0142894 0.0160461 0.0141994 0.0106378 0.0251190 0.0000000 0.0143696 0.0270091 0.0286963 0.0272187 1.5518795 1.5811496 1.5545482 1.5610166 1.5315897 1.5479257 1.5762473 0.0070750 0.0142347 0.0325597 0.0142347 
EPI353906|HA|A/Victoria/361/2011|EPI_ISL_104004|A_/_H3N2                     0.0143145 0.0326208 0.0325220 0.0162132 0.0161123 0.0179586 0.0216143 0.0161630 0.0161829 0.0143652 0.0181260 0.0383843 0.0345239 0.0161473 0.0217636 0.0143698 0.0161352 0.0142788 0.0106985 0.0252519 0.0143696 0.0000000 0.0271510 0.0324732 0.0232282 1.5513249 1.5779926 1.5514073 1.5604656 1.5238492 1.5447854 1.5670931 0.0071162 0.0143145 0.0327263 0.0143145 
EPI357681|HA|A/SOUTH_AUSTRALIA/299/2011|EPI_ISL_106865|A_/_H3N2              0.0123936 0.0288733 0.0285369 0.0288952 0.0287168 0.0213466 0.0124300 0.0269773 0.0269542 0.0270010 0.0308879 0.0345825 0.0346114 0.0231240 0.0308482 0.0233601 0.0287574 0.0196023 0.0232348 0.0106145 0.0270091 0.0271510 0.0000000 0.0284949 0.0143647 1.5477718 1.5770633 1.5504459 1.5569092 1.5298139 1.5438156 1.5661525 0.0196137 0.0123936 0.0289658 0.0123936 
EPI357687|HA|A/VICTORIA/892/2011|EPI_ISL_106867|A_/_H3N2                     0.0248142 0.0321765 0.0176649 0.0342040 0.0339957 0.0212598 0.0248871 0.0322710 0.0304878 0.0322993 0.0362200 0.0378633 0.0378946 0.0304197 0.0361751 0.0323100 0.0340433 0.0321065 0.0285083 0.0248738 0.0286963 0.0324732 0.0284949 0.0000000 0.0306019 1.5449423 1.5741548 1.5476118 1.5540507 1.5247039 1.5409975 1.5632811 0.0248867 0.0248142 0.0322782 0.0248142 
EPI2120262|HA|A/Brisbane/256/2011|EPI_ISL_14284804|A_/_H3N2                  0.0124949 0.0272140 0.0306476 0.0253072 0.0289373 0.0233806 0.0125319 0.0271864 0.0290652 0.0272104 0.0311254 0.0348446 0.0348738 0.0289997 0.0310852 0.0235440 0.0289784 0.0233937 0.0234169 0.0125247 0.0272187 0.0232282 0.0143647 0.0306019 0.0000000 1.5408616 1.5700208 1.5435296 1.5499471 1.5183933 1.5369244 1.5591779 0.0197696 0.0124949 0.0291897 0.0124949 
EPI346215|HA|A/ENG/114280400/2011|EPI_ISL_99723|A_/_H1N1                     1.5529243 1.5380800 1.5350229 1.5639628 1.5703771 1.5588057 1.5557786 1.5824040 1.5466532 1.5532853 1.5922792 1.5287320 1.5464228 1.5547290 1.5627797 1.5568108 1.5688272 1.5421018 1.5482678 1.5624186 1.5518795 1.5513249 1.5477718 1.5449423 1.5408616 0.0000000 0.0232797 0.0160202 0.0106146 0.0214100 0.0196456 0.0251191 1.4825737 1.5529243 1.4584032 1.5028961 
EPI346387|HA|A/Stockholm/27/2011|EPI_ISL_99779|A_/_H1N1                      1.5822556 1.5672133 1.5641182 1.5934266 1.6000047 1.5883053 1.5851250 1.6121623 1.5759194 1.5826625 1.6222560 1.5576544 1.5756361 1.5841301 1.5922564 1.5861891 1.5983969 1.5712614 1.5775082 1.5919338 1.5811496 1.5779926 1.5770633 1.5741548 1.5700208 0.0232797 0.0000000 0.0142296 0.0268833 0.0268382 0.0178471 0.0159950 1.5102248 1.5822556 1.4856734 1.5310071 
EPI346663|HA|A/Zaporizhzhya/5200/2011|EPI_ISL_99907|A_/_H1N1                 1.5555979 1.5407478 1.5376893 1.5666385 1.5730615 1.5614893 1.5584510 1.5850884 1.5493260 1.5559628 1.5949730 1.5313875 1.5490911 1.5574074 1.5654577 1.5594852 1.5715078 1.5447689 1.5509369 1.5651005 1.5545482 1.5514073 1.5504459 1.5476118 1.5435296 0.0160202 0.0142296 0.0000000 0.0195948 0.0195617 0.0106430 0.0160394 1.4851409 1.5555979 1.4609448 1.5054946 
EPI347567|HA|A/Stockholm/36/2011|EPI_ISL_100461|A_/_H1N1                     1.5620823 1.5471531 1.5440794 1.5731791 1.5796543 1.5680251 1.5649456 1.5917405 1.5557810 1.5624583 1.6016993 1.5377246 1.5555338 1.5639117 1.5719983 1.5659894 1.5780838 1.5511896 1.5573901 1.5716488 1.5610166 1.5604656 1.5569092 1.5540507 1.5499471 0.0106146 0.0268833 0.0195948 0.0000000 0.0249986 0.0232361 0.0287299 1.4911021 1.5620823 1.4667760 1.5115975 
EPI305529|HA|A/Orebro/1/2011|EPI_ISL_87076|A_/_H1N1                          1.5325906 1.5217030 1.5148804 1.5435191 1.5498095 1.5383458 1.5377728 1.5617255 1.5263742 1.5329188 1.5714312 1.5263180 1.5299842 1.5343434 1.5423291 1.5364374 1.5483024 1.5358419 1.5280041 1.5442976 1.5315897 1.5238492 1.5298139 1.5247039 1.5183933 0.0214100 0.0268382 0.0195617 0.0249986 0.0000000 0.0195874 0.0250457 1.4634931 1.5325906 1.4432135 1.4834747 
EPI319615|HA|A/Ukraine/3/2011|EPI_ISL_90800|A_/_H1N1                         1.5489623 1.5341465 1.5310942 1.5599809 1.5663718 1.5548200 1.5518140 1.5783782 1.5427005 1.5493169 1.5882210 1.5387797 1.5424776 1.5507572 1.5587964 1.5528416 1.5648301 1.5522544 1.5443184 1.5584300 1.5479257 1.5447854 1.5438156 1.5409975 1.5369244 0.0196456 0.0178471 0.0106430 0.0232361 0.0195874 0.0000000 0.0143816 1.4788385 1.5489623 1.4547151 1.4991009 
EPI334702|HA|A/Slovenia/861/2011|EPI_ISL_95550|A_/_H1N1                      1.5713165 1.5563875 1.5533149 1.5824082 1.5889067 1.5772869 1.5741714 1.6009838 1.5650211 1.5777381 1.6109685 1.5610259 1.5647582 1.5731601 1.5812363 1.5752218 1.5873247 1.5746489 1.5666153 1.5809004 1.5762473 1.5670931 1.5661525 1.5632811 1.5591779 0.0251191 0.0159950 0.0160394 0.0287299 0.0250457 0.0143816 0.0000000 1.5000970 1.5713165 1.4757477 1.5206549 
H3N2_2011_Consensus_Aligned                                                  0.0070482 0.0249974 0.0249231 0.0088699 0.0088151 0.0106117 0.0141927 0.0088428 0.0088533 0.0070728 0.0107105 0.0306160 0.0268527 0.0088342 0.0142896 0.0070749 0.0088276 0.0070308 0.0035115 0.0177672 0.0070750 0.0071162 0.0196137 0.0248867 0.0197696 1.4825737 1.5102248 1.4851409 1.4911021 1.4634931 1.4788385 1.5000970 0.0000000 0.0070482 0.0245658 0.0069415 
H3N2_2011_Medoid_Aligned|EPI341586|HA|A/Oman/916/2011|EPI_ISL_98822|A_/_H3N2 0.0000010 0.0249243 0.0248504 0.0160615 0.0159624 0.0105806 0.0105912 0.0160122 0.0160318 0.0142304 0.0179565 0.0305262 0.0305513 0.0159968 0.0215624 0.0106539 0.0159849 0.0105872 0.0105975 0.0105852 0.0142347 0.0143145 0.0123936 0.0248142 0.0124949 1.5529243 1.5822556 1.5555979 1.5620823 1.5325906 1.5489623 1.5713165 0.0070482 0.0000000 0.0250027 0.0000010 
H3N2_2011_Ancestral_Aligned_Node6                                            0.0250027 0.0087976 0.0323265 0.0326019 0.0342581 0.0286835 0.0234171 0.0325212 0.0344093 0.0325500 0.0365047 0.0052693 0.0052735 0.0343314 0.0326423 0.0325609 0.0305840 0.0323530 0.0287270 0.0270594 0.0325597 0.0327263 0.0289658 0.0322782 0.0291897 1.4584032 1.4856734 1.4609448 1.4667760 1.4432135 1.4547151 1.4757477 0.0245658 0.0250027 0.0000000 0.0246199 
H3N2_2011_COBRA_Aligned                                                      0.0000010 0.0249243 0.0248504 0.0160615 0.0159624 0.0105806 0.0105912 0.0160122 0.0160318 0.0142304 0.0179565 0.0305262 0.0305513 0.0159968 0.0215624 0.0106539 0.0159849 0.0105872 0.0105975 0.0105852 0.0142347 0.0143145 0.0123936 0.0248142 0.0124949 1.5028961 1.5310071 1.5054946 1.5115975 1.4834747 1.4991009 1.5206549 0.0069415 0.0000010 0.0246199 0.0000000 
