41
EPI991565|HA|A/Kazakhstan/4928/2016|EPI_ISL_262205|A_/_H3N2                0.0000000 0.0179200 0.0178702 0.0106839 0.0106211 0.0288704 0.0215068 0.0142659 0.0179098 0.0197889 0.0105985 0.0271482 0.0254059 0.0160616 0.0179706 0.0215502 0.0214435 0.0178219 0.0124671 0.0215218 0.0234066 0.0178702 0.0197293 0.0233837 0.0215747 0.0178587 0.0107788 0.0178766 0.0234057 0.0106559 0.0214960 0.0214277 0.0215054 1.5839638 1.5995204 1.6072314 1.6349878 1.5878967 1.6085035 1.5886808 1.6051808 
EPI991591|HA|A/Kazakhstan/4962/2016|EPI_ISL_262214|A_/_H3N2                0.0179200 0.0000000 0.0106378 0.0179205 0.0179178 0.0345490 0.0142249 0.0179078 0.0106614 0.0124932 0.0178793 0.0197508 0.0180069 0.0124052 0.0106192 0.0142530 0.0141833 0.0106093 0.0271574 0.0142344 0.0178315 0.0215350 0.0124558 0.0234011 0.0142689 0.0106308 0.0255556 0.0233629 0.0160750 0.0179774 0.0142176 0.0141731 0.0142240 1.5755331 1.5909985 1.5820642 1.6262263 1.5831603 1.5999092 1.5785103 1.5966043 
EPI809637|HA|A/TOYAMA/72/2016|EPI_ISL_229785|A_/_H3N2                      0.0178702 0.0106378 0.0000000 0.0178708 0.0178680 0.0289765 0.0106068 0.0178581 0.0106319 0.0124585 0.0178298 0.0196960 0.0179567 0.0123710 0.0142356 0.0106275 0.0105760 0.0105801 0.0270818 0.0106138 0.0177823 0.0178413 0.0124213 0.0233457 0.0106393 0.0106015 0.0254838 0.0196534 0.0124298 0.0179273 0.0106013 0.0105685 0.0106062 1.6006732 1.6163695 1.6072970 1.6497226 1.6084540 1.6254731 1.6054437 1.6221232 
EPI993991|HA|A/Vietnam/6032/2016|EPI_ISL_262625|A_/_H3N2                   0.0106839 0.0179205 0.0178708 0.0000000 0.0142741 0.0269979 0.0215076 0.0124843 0.0179104 0.0160944 0.0142435 0.0233877 0.0254071 0.0124185 0.0179711 0.0178515 0.0196593 0.0160418 0.0197898 0.0215226 0.0196874 0.0160853 0.0160462 0.0233848 0.0178716 0.0178592 0.0181429 0.0160911 0.0234067 0.0143213 0.0142189 0.0214286 0.0197160 1.5753316 1.5908146 1.5984708 1.6260809 1.5792496 1.5926140 1.5800209 1.5964270 
EPI998291|HA|A/Linkou/0166/2016|EPI_ISL_263397|A_/_H3N2                    0.0106211 0.0179178 0.0178680 0.0142741 0.0000000 0.0288665 0.0215040 0.0142642 0.0179076 0.0197865 0.0105973 0.0271445 0.0254025 0.0160596 0.0179683 0.0215474 0.0214408 0.0142432 0.0196724 0.0215190 0.0234035 0.0178680 0.0197269 0.0233807 0.0215720 0.0178565 0.0180344 0.0196828 0.0234026 0.0106547 0.0214933 0.0214250 0.0196712 1.5956925 1.6014740 1.6023010 1.6369766 1.5996460 1.6204194 1.6004480 1.6170770 
EPI1609046|HA|A/Lebanon/1326/2016|EPI_ISL_395357|A_/_H3N2                  0.0288704 0.0345490 0.0289765 0.0269979 0.0288665 0.0000000 0.0306806 0.0289531 0.0345287 0.0326614 0.0270666 0.0401582 0.0367008 0.0287992 0.0346532 0.0269636 0.0325399 0.0325525 0.0382841 0.0307728 0.0363195 0.0289260 0.0306784 0.0363917 0.0307331 0.0344312 0.0367486 0.0307775 0.0364298 0.0271193 0.0306196 0.0324331 0.0326347 1.5773050 1.5928199 1.5838566 1.6260493 1.5812301 1.6017638 1.5820049 1.5984488 
EPI1003527|HA|A/Laos/F2884/2016|EPI_ISL_264438|A_/_H3N2                    0.0215068 0.0142249 0.0106068 0.0215076 0.0215040 0.0306806 0.0000000 0.0214919 0.0142169 0.0160649 0.0214580 0.0215601 0.0197841 0.0159516 0.0178466 0.0106107 0.0141421 0.0141476 0.0307823 0.0141929 0.0214011 0.0214718 0.0160168 0.0270158 0.0142272 0.0141764 0.0292061 0.0196339 0.0160279 0.0197528 0.0106096 0.0141319 0.0141826 1.6012894 1.6170055 1.6079215 1.6529078 1.6090811 1.6287923 1.6060663 1.6227681 
EPI832493|HA|A/Oman/5191/2016|EPI_ISL_233476|A_/_H3N2                      0.0142659 0.0179078 0.0178581 0.0124843 0.0142642 0.0289531 0.0214919 0.0000000 0.0178977 0.0179795 0.0142337 0.0253229 0.0253878 0.0142689 0.0179583 0.0197427 0.0178183 0.0142168 0.0234205 0.0215069 0.0215932 0.0142552 0.0179254 0.0215177 0.0197651 0.0178466 0.0217991 0.0142411 0.0233893 0.0143114 0.0196931 0.0214130 0.0178697 1.5810973 1.5966272 1.5876546 1.6320243 1.5850246 1.6055884 1.5858043 1.6022709 
EPI1014968|HA|A/Japan/5603/2016|EPI_ISL_267802|A_/_H3N2                    0.0179098 0.0106614 0.0106319 0.0179104 0.0179076 0.0345287 0.0142169 0.0178977 0.0000000 0.0124862 0.0178692 0.0197396 0.0179967 0.0123984 0.0142672 0.0142450 0.0141755 0.0106035 0.0234039 0.0142265 0.0178215 0.0215228 0.0124489 0.0270801 0.0142610 0.0106249 0.0255407 0.0233496 0.0160660 0.0179672 0.0142097 0.0141652 0.0142161 1.6146732 1.6304480 1.6213277 1.6665354 1.6225150 1.6396299 1.6194777 1.6362660 
EPI1030493|HA|A/Japan/5685/2016|EPI_ISL_270833|A_/_H3N2                    0.0197889 0.0124932 0.0124585 0.0160944 0.0197865 0.0326614 0.0160649 0.0179795 0.0124862 0.0000000 0.0197439 0.0179174 0.0198842 0.0106108 0.0161220 0.0124450 0.0142394 0.0106511 0.0290828 0.0160758 0.0160146 0.0216216 0.0106539 0.0290166 0.0124589 0.0124503 0.0274884 0.0234571 0.0179308 0.0198526 0.0124142 0.0160061 0.0142804 1.5698080 1.5852208 1.5763181 1.6203074 1.5774003 1.5940879 1.5744725 1.5907937 
EPI867258|HA|A/Saudi_Arabia/193229/2016|EPI_ISL_239506|A_/_H3N2            0.0105985 0.0178793 0.0178298 0.0142435 0.0105973 0.0270666 0.0214580 0.0142337 0.0178692 0.0197439 0.0000000 0.0270860 0.0253476 0.0160253 0.0179297 0.0215012 0.0213950 0.0177817 0.0196303 0.0197290 0.0197237 0.0178297 0.0196845 0.0233305 0.0215256 0.0178183 0.0179955 0.0196406 0.0233523 0.0106320 0.0214473 0.0213793 0.0214566 1.5926463 1.6082684 1.5992403 1.6439195 1.5965920 1.6173099 1.5973887 1.6139745 
EPI2380605|HA|A/Manila/AFPA-02075/2016|EPI_ISL_16854265|A_/_H3N2           0.0271482 0.0197508 0.0196960 0.0233877 0.0271445 0.0401582 0.0215601 0.0253229 0.0197396 0.0179174 0.0270860 0.0000000 0.0272734 0.0177905 0.0234293 0.0196747 0.0214879 0.0178587 0.0365728 0.0233614 0.0232717 0.0290028 0.0178637 0.0364897 0.0196969 0.0196833 0.0350212 0.0308596 0.0252564 0.0272360 0.0178655 0.0232590 0.0215500 1.6057032 1.6214267 1.6123377 1.6573606 1.6135055 1.6305571 1.6104856 1.6272030 
EPI1055957|HA|A/Singapore/GP2646/2016|EPI_ISL_277145|A_/_H3N2              0.0254059 0.0180069 0.0179567 0.0254071 0.0254025 0.0367008 0.0197841 0.0253878 0.0179967 0.0198842 0.0253476 0.0272734 0.0000000 0.0197420 0.0143542 0.0198241 0.0215449 0.0179080 0.0330212 0.0216238 0.0252803 0.0290742 0.0198240 0.0347492 0.0216773 0.0179451 0.0332626 0.0309340 0.0235157 0.0180232 0.0215978 0.0215289 0.0216073 1.6086530 1.6222234 1.6152903 1.6581563 1.6164639 1.6335268 1.6134390 1.6301712 
EPI1536821|HA|A/Cheongju/G03554/2016|EPI_ISL_376102|A_/_H3N2               0.0160616 0.0124052 0.0123710 0.0124185 0.0160596 0.0287992 0.0159516 0.0142689 0.0123984 0.0106108 0.0160253 0.0177905 0.0197420 0.0000000 0.0124393 0.0123578 0.0141394 0.0105766 0.0252424 0.0159624 0.0159020 0.0178739 0.0105794 0.0251852 0.0123715 0.0123630 0.0236331 0.0196894 0.0178037 0.0161128 0.0123274 0.0158937 0.0106253 1.5960788 1.6117182 1.6026795 1.6474236 1.6038242 1.6207778 1.6008280 1.6174393 
EPI1536832|HA|A/Cheongju/G03596/2016|EPI_ISL_376113|A_/_H3N2               0.0179706 0.0106192 0.0142356 0.0179711 0.0179683 0.0346532 0.0178466 0.0179583 0.0142672 0.0161220 0.0179297 0.0234293 0.0143542 0.0124393 0.0000000 0.0178823 0.0177944 0.0141973 0.0272371 0.0178589 0.0214777 0.0215966 0.0160737 0.0271751 0.0179025 0.0142264 0.0256308 0.0234302 0.0197206 0.0180283 0.0178376 0.0177814 0.0178456 1.5546722 1.5699620 1.5611333 1.6047109 1.5621804 1.5787233 1.5592909 1.5754536 
EPI901648|HA|A/Taiwan/889/2016|EPI_ISL_245987|A_/_H3N2                     0.0215502 0.0142530 0.0106275 0.0178515 0.0215474 0.0269636 0.0106107 0.0197427 0.0142450 0.0124450 0.0215012 0.0196747 0.0198241 0.0123578 0.0178823 0.0000000 0.0123998 0.0124046 0.0308462 0.0142209 0.0177632 0.0197241 0.0124080 0.0270712 0.0106279 0.0142043 0.0292670 0.0215480 0.0160598 0.0197926 0.0105900 0.0141596 0.0124354 1.5942177 1.6098553 1.6008179 1.6455521 1.6019583 1.6189099 1.5989652 1.6155713 
EPI943152|HA|A/YOKOHAMA/158/2016|EPI_ISL_253067|A_/_H3N2                   0.0214435 0.0141833 0.0105760 0.0196593 0.0214408 0.0325399 0.0141421 0.0178183 0.0141755 0.0142394 0.0213950 0.0214879 0.0215449 0.0141394 0.0177944 0.0123998 0.0000000 0.0105568 0.0306909 0.0141515 0.0195620 0.0178016 0.0141970 0.0269360 0.0124136 0.0141351 0.0291188 0.0196096 0.0159811 0.0215120 0.0123693 0.0140909 0.0105828 1.5874112 1.6029874 1.5939868 1.6436809 1.5951117 1.6119901 1.5921362 1.6086636 
EPI943336|HA|A/FUKUSHIMA/131/2016|EPI_ISL_253164|A_/_H3N2                  0.0178219 0.0106093 0.0105801 0.0160418 0.0142432 0.0325525 0.0141476 0.0142168 0.0106035 0.0106511 0.0177817 0.0178587 0.0179080 0.0105766 0.0141973 0.0124046 0.0105568 0.0000000 0.0270074 0.0141570 0.0159624 0.0178085 0.0106194 0.0269464 0.0124184 0.0105732 0.0254134 0.0196172 0.0159873 0.0178786 0.0123740 0.0140963 0.0105868 1.6004034 1.6160803 1.6070192 1.6518880 1.6081743 1.6251718 1.6051679 1.6218261 
EPI2153896|HA|A/Saudi_Arabia/VRG-01/2016|EPI_ISL_14835608|A_/_H3N2         0.0124671 0.0271574 0.0270818 0.0197898 0.0196724 0.0382841 0.0307823 0.0234205 0.0234039 0.0290828 0.0196303 0.0365728 0.0330212 0.0252424 0.0272371 0.0308462 0.0306909 0.0270074 0.0000000 0.0308047 0.0327449 0.0270815 0.0289944 0.0327120 0.0308820 0.0233497 0.0199596 0.0270914 0.0327452 0.0197377 0.0307674 0.0306678 0.0307802 1.5899415 1.6002439 1.6132992 1.6357264 1.5938848 1.6145768 1.5946782 1.6112441 
EPI952531|HA|A/MIE/29/2016|EPI_ISL_254696|A_/_H3N2                         0.0215218 0.0142344 0.0106138 0.0215226 0.0215190 0.0307728 0.0141929 0.0215069 0.0142265 0.0160758 0.0197290 0.0233614 0.0216238 0.0159624 0.0178589 0.0142209 0.0141515 0.0141570 0.0308047 0.0000000 0.0214160 0.0178675 0.0160277 0.0195866 0.0105711 0.0141859 0.0292274 0.0233106 0.0160388 0.0215907 0.0141856 0.0141413 0.0141921 1.5898716 1.6054635 1.5964534 1.6410371 1.5975832 1.6144812 1.5946027 1.6111517 
EPI1133557|HA|A/Thailand/CU-B20369/2016|EPI_ISL_290129|A_/_H3N2            0.0234066 0.0178315 0.0177823 0.0196874 0.0234035 0.0363195 0.0214011 0.0215932 0.0178215 0.0160146 0.0197237 0.0232717 0.0252803 0.0159020 0.0214777 0.0177632 0.0195620 0.0159624 0.0327449 0.0214160 0.0000000 0.0252461 0.0123727 0.0326706 0.0141995 0.0141897 0.0311751 0.0270882 0.0232904 0.0234819 0.0177191 0.0213228 0.0196182 1.5809290 1.5964120 1.5874665 1.6317014 1.5883535 1.6053455 1.5856216 1.6020380 
EPI780936|HA|A/Singapore/INFGP-16-1223/2016|EPI_ISL_225952|A_/_H3N2        0.0178702 0.0215350 0.0178413 0.0160853 0.0178680 0.0289260 0.0214718 0.0142552 0.0215228 0.0216216 0.0178297 0.0290028 0.0290742 0.0178739 0.0215966 0.0197241 0.0178016 0.0178085 0.0270815 0.0178675 0.0252461 0.0000000 0.0215564 0.0233455 0.0197465 0.0214616 0.0254836 0.0160448 0.0233673 0.0179272 0.0196746 0.0213930 0.0178529 1.5864771 1.5986392 1.5930562 1.6376011 1.5904158 1.6110659 1.5912039 1.6077377 
EPI978716|HA|A/Oman/7571/2016|EPI_ISL_259580|A_/_H3N2                      0.0197293 0.0124558 0.0124213 0.0160462 0.0197269 0.0306784 0.0160168 0.0179254 0.0124489 0.0106539 0.0196845 0.0178637 0.0198240 0.0105794 0.0160737 0.0124080 0.0141970 0.0106194 0.0289944 0.0160277 0.0123727 0.0215564 0.0000000 0.0289286 0.0124218 0.0124132 0.0274042 0.0233862 0.0178770 0.0197926 0.0123774 0.0124009 0.0142377 1.5934712 1.6090855 1.6000618 1.6447234 1.6011992 1.6181244 1.5982113 1.6147908 
EPI831429|HA|A/Scotland/63440574/2016|EPI_ISL_233207|A_/_H3N2              0.0233837 0.0234011 0.0233457 0.0233848 0.0233807 0.0363917 0.0270158 0.0215177 0.0270801 0.0290166 0.0233305 0.0364897 0.0347492 0.0251852 0.0271751 0.0270712 0.0269360 0.0269464 0.0327120 0.0195866 0.0326706 0.0233455 0.0289286 0.0000000 0.0232509 0.0270033 0.0311436 0.0215087 0.0289502 0.0234589 0.0270026 0.0232652 0.0270140 1.5918135 1.6074628 1.5984185 1.6431786 1.5957660 1.6165187 1.5948489 1.6131771 
EPI1040800|HA|A/Ukraine/7733/2016|EPI_ISL_274144|A_/_H3N2                  0.0215747 0.0142689 0.0106393 0.0178716 0.0215720 0.0307331 0.0142272 0.0197651 0.0142610 0.0124589 0.0215256 0.0196969 0.0216773 0.0123715 0.0179025 0.0106279 0.0124136 0.0124184 0.0308820 0.0105711 0.0141995 0.0197465 0.0124218 0.0232509 0.0000000 0.0106449 0.0293011 0.0215726 0.0160778 0.0216441 0.0106017 0.0141754 0.0124493 1.5804714 1.5959660 1.5870139 1.6312807 1.5881207 1.6049053 1.5851672 1.6015951 
EPI881857|HA|A/Sweden/76/2016|EPI_ISL_241921|A_/_H3N2                      0.0178587 0.0106308 0.0106015 0.0178592 0.0178565 0.0344312 0.0141764 0.0178466 0.0106249 0.0124503 0.0178183 0.0196833 0.0179451 0.0123630 0.0142264 0.0142043 0.0141351 0.0105732 0.0233497 0.0141859 0.0141897 0.0214616 0.0124132 0.0270033 0.0106449 0.0000000 0.0254674 0.0232832 0.0160201 0.0179157 0.0141692 0.0141250 0.0141756 1.6042400 1.6199312 1.6108612 1.6557845 1.6120240 1.6290397 1.6090115 1.6256917 
EPI974290|HA|A/Asturias/26760/2016|EPI_ISL_258585|A_/_H3N2                 0.0107788 0.0255556 0.0254838 0.0181429 0.0180344 0.0367486 0.0292061 0.0217991 0.0255407 0.0274884 0.0179955 0.0350212 0.0332626 0.0236331 0.0256308 0.0292670 0.0291188 0.0254134 0.0199596 0.0292274 0.0311751 0.0254836 0.0274042 0.0311436 0.0293011 0.0254674 0.0000000 0.0254929 0.0311751 0.0180947 0.0291918 0.0290968 0.0292041 1.6155354 1.6313660 1.6392811 1.6675825 1.6195241 1.6405818 1.6203576 1.6372065 
EPI831645|HA|A/Sydney/171/2016|EPI_ISL_233283|A_/_H3N2                     0.0178766 0.0233629 0.0196534 0.0160911 0.0196828 0.0307775 0.0196339 0.0142411 0.0233496 0.0234571 0.0196406 0.0308596 0.0309340 0.0196894 0.0234302 0.0215480 0.0196096 0.0196172 0.0270914 0.0233106 0.0270882 0.0160448 0.0233862 0.0215087 0.0215726 0.0232832 0.0254929 0.0000000 0.0252010 0.0197482 0.0214939 0.0232086 0.0196661 1.5799224 1.5954434 1.5941097 1.6308171 1.5838480 1.6070339 1.5846259 1.6010802 
EPI2053148|HA|A/Newcastle/60/2016|EPI_ISL_13046471|A_/_H3N2                0.0234057 0.0160750 0.0124298 0.0234067 0.0234026 0.0364298 0.0160279 0.0233893 0.0160660 0.0179308 0.0233523 0.0252564 0.0235157 0.0178037 0.0197206 0.0160598 0.0159811 0.0159873 0.0327452 0.0160388 0.0232904 0.0233673 0.0178770 0.0289502 0.0160778 0.0160201 0.0311751 0.0252010 0.0000000 0.0234810 0.0160198 0.0159695 0.0160270 1.6521056 1.6683202 1.6589392 1.7055632 1.6602263 1.6778484 1.6570745 1.6743990 
EPI1021989|HA|A/Tasmania/219/2016|EPI_ISL_269291|A_/_H3N2                  0.0106559 0.0179774 0.0179273 0.0143213 0.0106547 0.0271193 0.0197528 0.0143114 0.0179672 0.0198526 0.0106320 0.0272360 0.0180232 0.0161128 0.0180283 0.0197926 0.0215120 0.0178786 0.0197377 0.0215907 0.0234819 0.0179272 0.0197926 0.0234589 0.0216441 0.0179157 0.0180947 0.0197482 0.0234810 0.0000000 0.0215648 0.0214961 0.0215743 1.6073059 1.6230761 1.6139598 1.6591226 1.6112829 1.6322379 1.6121036 1.6288728 
EPI869222|HA|A/Brisbane/224/2016|EPI_ISL_239901|A_/_H3N2                   0.0214960 0.0142176 0.0106013 0.0142189 0.0214933 0.0306196 0.0106096 0.0196931 0.0142097 0.0124142 0.0214473 0.0178655 0.0215978 0.0123274 0.0178376 0.0105900 0.0123693 0.0123740 0.0307674 0.0141856 0.0177191 0.0196746 0.0123774 0.0270026 0.0106017 0.0141692 0.0291918 0.0214939 0.0160198 0.0215648 0.0000000 0.0141247 0.0124047 1.5911988 1.6068457 1.5978035 1.6425512 1.5989396 1.6158985 1.5959473 1.6125575 
EPI919378|HA|A/South_Australia/149/2016|EPI_ISL_249233|A_/_H3N2            0.0214277 0.0141731 0.0105685 0.0214286 0.0214250 0.0324331 0.0141319 0.0214130 0.0141652 0.0160061 0.0213793 0.0232590 0.0215289 0.0158937 0.0177814 0.0141596 0.0140909 0.0140963 0.0306678 0.0141413 0.0213228 0.0213930 0.0124009 0.0232652 0.0141754 0.0141250 0.0290968 0.0232086 0.0159695 0.0214961 0.0141247 0.0000000 0.0141311 1.5921135 1.6060039 1.5987084 1.6433925 1.5998451 1.6167790 1.5968562 1.6134422 
EPI1127244|HA|A/Brisbane/66/2016|EPI_ISL_289133|A_/_H3N2                   0.0215054 0.0142240 0.0106062 0.0197160 0.0196712 0.0326347 0.0141826 0.0178697 0.0142161 0.0142804 0.0214566 0.0215500 0.0216073 0.0106253 0.0178456 0.0124354 0.0105828 0.0105868 0.0307802 0.0141921 0.0196182 0.0178529 0.0142377 0.0270140 0.0124493 0.0141756 0.0292041 0.0196661 0.0160270 0.0215743 0.0124047 0.0141311 0.0000000 1.6096965 1.6254717 1.6163520 1.6615406 1.6175307 1.6346420 1.6144974 1.6312772 
EPI814985|HA|A/Kyiv/317/2016|EPI_ISL_230435|A_/_H1N1                       1.5839638 1.5755331 1.6006732 1.5753316 1.5956925 1.5773050 1.6012894 1.5810973 1.6146732 1.5698080 1.5926463 1.6057032 1.6086530 1.5960788 1.5546722 1.5942177 1.5874112 1.6004034 1.5899415 1.5898716 1.5809290 1.5864771 1.5934712 1.5918135 1.5804714 1.6042400 1.6155354 1.5799224 1.6521056 1.6073059 1.5911988 1.5921135 1.6096965 0.0000000 0.0251031 0.0106146 0.0214935 0.0106100 0.0106564 0.0106015 0.0106037 
EPI815140|HA|A/Odessa/688/2016|EPI_ISL_230454|A_/_H1N1                     1.5995204 1.5909985 1.6163695 1.5908146 1.6014740 1.5928199 1.6170055 1.5966272 1.6304480 1.5852208 1.6082684 1.6214267 1.6222234 1.6117182 1.5699620 1.6098553 1.6029874 1.6160803 1.6002439 1.6054635 1.5964120 1.5986392 1.6090855 1.6074628 1.5959660 1.6199312 1.6313660 1.5954434 1.6683202 1.6230761 1.6068457 1.6060039 1.6254717 0.0251031 0.0000000 0.0251025 0.0251345 0.0250915 0.0252019 0.0250714 0.0250764 
EPI815205|HA|A/Odessa/697/2016|EPI_ISL_230462|A_/_H1N1                     1.6072314 1.5820642 1.6072970 1.5984708 1.6023010 1.5838566 1.6079215 1.5876546 1.6213277 1.5763181 1.5992403 1.6123377 1.6152903 1.6026795 1.5611333 1.6008179 1.5939868 1.6070192 1.6132992 1.5964534 1.5874665 1.5930562 1.6000618 1.5984185 1.5870139 1.6108612 1.6392811 1.5941097 1.6589392 1.6139598 1.5978035 1.5987084 1.6163520 0.0106146 0.0251025 0.0000000 0.0214927 0.0106092 0.0106556 0.0106007 0.0106029 
EPI2183058|HA|A/Catalonia/NSVH100373132/2016|EPI_ISL_15082352|A_/_H1N1     1.6349878 1.6262263 1.6497226 1.6260809 1.6369766 1.6260493 1.6529078 1.6320243 1.6665354 1.6203074 1.6439195 1.6573606 1.6581563 1.6474236 1.6047109 1.6455521 1.6436809 1.6518880 1.6357264 1.6410371 1.6317014 1.6376011 1.6447234 1.6431786 1.6312807 1.6557845 1.6675825 1.6308171 1.7055632 1.6591226 1.6425512 1.6433925 1.6615406 0.0214935 0.0251345 0.0214927 0.0000000 0.0214832 0.0215779 0.0214660 0.0214704 
EPI876536|HA|A/England/60260150/2016|EPI_ISL_241122|A_/_H1N1               1.5878967 1.5831603 1.6084540 1.5792496 1.5996460 1.5812301 1.6090811 1.5850246 1.6225150 1.5774003 1.5965920 1.6135055 1.6164639 1.6038242 1.5621804 1.6019583 1.5951117 1.6081743 1.5938848 1.5975832 1.5883535 1.5904158 1.6011992 1.5957660 1.5881207 1.6120240 1.6195241 1.5838480 1.6602263 1.6112829 1.5989396 1.5998451 1.6175307 0.0106100 0.0250915 0.0106092 0.0214832 0.0000000 0.0106509 0.0105961 0.0105982 
EPI878577|HA|A/England/571/2016|EPI_ISL_241405|A_/_H1N1                    1.6085035 1.5999092 1.6254731 1.5926140 1.6204194 1.6017638 1.6287923 1.6055884 1.6396299 1.5940879 1.6173099 1.6305571 1.6335268 1.6207778 1.5787233 1.6189099 1.6119901 1.6251718 1.6145768 1.6144812 1.6053455 1.6110659 1.6181244 1.6165187 1.6049053 1.6290397 1.6405818 1.6070339 1.6778484 1.6322379 1.6158985 1.6167790 1.6346420 0.0106564 0.0252019 0.0106556 0.0215779 0.0106509 0.0000000 0.0106424 0.0106446 
EPI1041347|HA|A/_London/16U426028-92_S44_L001/2016|EPI_ISL_274267|A_/_H1N1 1.5886808 1.5785103 1.6054437 1.5800209 1.6004480 1.5820049 1.6060663 1.5858043 1.6194777 1.5744725 1.5973887 1.6104856 1.6134390 1.6008280 1.5592909 1.5989652 1.5921362 1.6051679 1.5946782 1.5946027 1.5856216 1.5912039 1.5982113 1.5948489 1.5851672 1.6090115 1.6203576 1.5846259 1.6570745 1.6121036 1.5959473 1.5968562 1.6144974 0.0106015 0.0250714 0.0106007 0.0214660 0.0105961 0.0106424 0.0000000 0.0105898 
EPI729914|HA|A/Sweden/18/2016|EPI_ISL_215612|A_/_H1N1                      1.6051808 1.5966043 1.6221232 1.5964270 1.6170770 1.5984488 1.6227681 1.6022709 1.6362660 1.5907937 1.6139745 1.6272030 1.6301712 1.6174393 1.5754536 1.6155713 1.6086636 1.6218261 1.6112441 1.6111517 1.6020380 1.6077377 1.6147908 1.6131771 1.6015951 1.6256917 1.6372065 1.6010802 1.6743990 1.6288728 1.6125575 1.6134422 1.6312772 0.0106037 0.0250764 0.0106029 0.0214704 0.0105982 0.0106446 0.0105898 0.0000000 
