12
EPI1168614|HA|B/Hunan-Yuhua/11919/2017|EPI_ISL_297029|B   0.0000000 0.0158006 0.0121330 0.0138674 0.0122078 0.0121161 0.0121806 0.0121303 0.0121047 0.0192652 0.0193029 0.0121033 
EPI1168599|HA|B/Hubei-Zhangwan/36/2017|EPI_ISL_297024|B   0.0158006 0.0000000 0.0140084 0.0175763 0.0105458 0.0104455 0.0122764 0.0140050 0.0139751 0.0212322 0.0157892 0.0139735 
EPI1174863|HA|B/Bangladesh/1221/2017|EPI_ISL_298413|B     0.0121330 0.0140084 0.0000000 0.0138824 0.0104364 0.0103577 0.0104130 0.0103701 0.0103480 0.0174676 0.0175026 0.0103468 
EPI1177451|HA|B/Ankara/1110/2017|EPI_ISL_299074|B         0.0138674 0.0175763 0.0138824 0.0000000 0.0139682 0.0138630 0.0139370 0.0138791 0.0138497 0.0210395 0.0210806 0.0138481 
EPI1012786|HA|B/Kyrgyzstan/125/2017|EPI_ISL_267632|B      0.0122078 0.0105458 0.0104364 0.0139682 0.0000000 0.0104218 0.0104776 0.0104343 0.0104120 0.0175767 0.0176112 0.0104107 
EPI1057984|HA|B/NAGANO-C/39/2017|EPI_ISL_277458|B         0.0121161 0.0104455 0.0103577 0.0138630 0.0104218 0.0000000 0.0103985 0.0103556 0.0103335 0.0174440 0.0174781 0.0103323 
EPI1062871|HA|B/Zhejiang-Nanhu/1345/2017|EPI_ISL_278698|B 0.0121806 0.0122764 0.0104130 0.0139370 0.0104776 0.0103985 0.0000000 0.0104109 0.0103886 0.0175374 0.0157770 0.0103874 
EPI1062874|HA|B/Hubei-Echeng/38/2017|EPI_ISL_278699|B     0.0121303 0.0140050 0.0103701 0.0138791 0.0104343 0.0103556 0.0104109 0.0000000 0.0103459 0.0174627 0.0174978 0.0103446 
EPI1244572|HA|B/KAWASAKI/79/2017|EPI_ISL_312690|B         0.0121047 0.0139751 0.0103480 0.0138497 0.0104120 0.0103335 0.0103886 0.0103459 0.0000000 0.0161210 0.0174611 0.0103225 
EPI1106277|HA|B/Guangxi-Yuzhou/1773/2017|EPI_ISL_285912|B 0.0192652 0.0212322 0.0174676 0.0210395 0.0175767 0.0174440 0.0175374 0.0174627 0.0161210 0.0000000 0.0247568 0.0174253 
EPI1026417|HA|B/Utah/40/2017|EPI_ISL_270119|B             0.0193029 0.0157892 0.0175026 0.0210806 0.0176112 0.0174781 0.0157770 0.0174978 0.0174611 0.0247568 0.0000000 0.0174593 
EPI963806|HA|B/North_Carolina/03/2017|EPI_ISL_256857|B    0.0121033 0.0139735 0.0103468 0.0138481 0.0104107 0.0103323 0.0103874 0.0103446 0.0103225 0.0174253 0.0174593 0.0000000 
