8
EPI1604143|HA|B/Oman/4357/2019|EPI_ISL_393898|B             0.0000000 0.0158707 0.0141345 0.0177630 0.0177237 0.0213573 0.0197286 0.0140901 
EPI1478571|HA|B/HK/36/2019|EPI_ISL_362025|B                 0.0158707 0.0000000 0.0158505 0.0194759 0.0157188 0.0193539 0.0158884 0.0104504 
EPI1503880|HA|B/Guangdong-Leizhou/38/2019|EPI_ISL_367137|B  0.0141345 0.0158505 0.0000000 0.0177408 0.0105417 0.0213320 0.0197044 0.0159063 
EPI3453184|HA|B/Guangdong/1792/2019|EPI_ISL_19281473|B      0.0177630 0.0194759 0.0177408 0.0000000 0.0213564 0.0250193 0.0234119 0.0195454 
EPI1589748|HA|B/Guangdong-Chikan/1360/2019|EPI_ISL_390652|B 0.0177237 0.0157188 0.0105417 0.0213564 0.0000000 0.0249661 0.0233612 0.0195025 
EPI1618451|HA|B/Alabama/08/2019|EPI_ISL_397133|B            0.0213573 0.0193539 0.0213320 0.0250193 0.0249661 0.0000000 0.0158778 0.0194223 
EPI1558411|HA|B/Pennsylvania/12/2019|EPI_ISL_380261|B       0.0197286 0.0158884 0.0197044 0.0234119 0.0233612 0.0158778 0.0000000 0.0159445 
EPI1398320|HA|B/Sydney/1/2019|EPI_ISL_348303|B              0.0140901 0.0104504 0.0159063 0.0195454 0.0195025 0.0194223 0.0159445 0.0000000 
