41
EPI1757684|HA|A/Laos/2794/2019|EPI_ISL_491747|A_/_H1N1               0.0000000 0.0199588 0.0107101 0.0197607 0.0204457 0.0198652 0.0254518 0.0125134 0.0125857 0.0107379 0.0162998 0.0143962 0.0227504 0.0277715 0.0107372 0.0216986 0.0107289 0.0143984 0.0107211 0.0107230 0.0218032 0.0107030 0.0106995 0.0107267 0.0183660 0.0163986 0.0236002 0.0125441 0.0180255 0.0107905 0.0278031 0.0107682 0.0181754 0.0106775 0.0199672 0.0199881 0.0179918 0.0125669 0.0256132 0.0254808 0.0235817 
EPI1604762|HA|A/Lebanon/323/2019|EPI_ISL_394074|A_/_H1N1             0.0199588 0.0000000 0.0237389 0.0107590 0.0186286 0.0255204 0.0311986 0.0256026 0.0257579 0.0200751 0.0296484 0.0276203 0.0247946 0.0298068 0.0238030 0.0199205 0.0237845 0.0276198 0.0200439 0.0200584 0.0237649 0.0237263 0.0237134 0.0199124 0.0219719 0.0220704 0.0107610 0.0256624 0.0162468 0.0239210 0.0336770 0.0238708 0.0201146 0.0236662 0.0219147 0.0256790 0.0236062 0.0295777 0.0313929 0.0125894 0.0107533 
EPI1605036|HA|A/OKINAWA/64/2019|EPI_ISL_394196|A_/_H1N1              0.0107101 0.0237389 0.0000000 0.0235014 0.0242887 0.0217725 0.0292724 0.0161913 0.0162861 0.0144091 0.0200495 0.0181111 0.0266984 0.0316698 0.0144084 0.0254771 0.0143974 0.0181130 0.0143866 0.0143890 0.0255990 0.0143625 0.0107607 0.0143937 0.0221787 0.0201716 0.0274039 0.0126163 0.0217680 0.0144800 0.0297949 0.0144499 0.0219503 0.0143276 0.0237470 0.0219076 0.0217266 0.0200014 0.0275703 0.0293041 0.0255141 
EPI1478325|HA|A/Kyrgyzstan_Osh/6/2019|EPI_ISL_361909|A_/_H1N1        0.0197607 0.0107590 0.0235014 0.0000000 0.0185151 0.0291700 0.0348709 0.0253458 0.0254978 0.0198747 0.0293465 0.0273409 0.0285936 0.0335278 0.0235641 0.0198011 0.0235460 0.0273406 0.0198441 0.0198583 0.0274254 0.0234889 0.0234764 0.0235380 0.0256389 0.0257532 0.0143544 0.0254044 0.0198634 0.0236798 0.0374117 0.0236306 0.0237773 0.0234300 0.0255709 0.0293508 0.0272412 0.0292772 0.0350831 0.0161922 0.0107106 
EPI1606793|HA|A/Vietnam/018/2019|EPI_ISL_394988|A_/_H1N1             0.0204457 0.0186286 0.0242887 0.0185151 0.0000000 0.0260954 0.0291854 0.0261804 0.0263415 0.0205667 0.0302885 0.0282301 0.0253826 0.0277752 0.0243553 0.0106845 0.0243362 0.0282294 0.0205343 0.0218603 0.0243158 0.0242758 0.0242621 0.0203974 0.0224962 0.0225985 0.0223376 0.0262421 0.0166657 0.0244778 0.0343719 0.0244256 0.0206079 0.0242133 0.0224365 0.0262598 0.0241510 0.0302155 0.0320524 0.0242483 0.0223199 
EPI1608337|HA|A/IBARAKI/93/2019|EPI_ISL_395217|A_/_H1N1              0.0198652 0.0255204 0.0217725 0.0291700 0.0260954 0.0000000 0.0272882 0.0217868 0.0256350 0.0236898 0.0278828 0.0274883 0.0246912 0.0258560 0.0236901 0.0272504 0.0236718 0.0274878 0.0236535 0.0236569 0.0273799 0.0236141 0.0236014 0.0198192 0.0239821 0.0126618 0.0275729 0.0255405 0.0235401 0.0238070 0.0108668 0.0237573 0.0237370 0.0217403 0.0255281 0.0107302 0.0125296 0.0256363 0.0106417 0.0310823 0.0253368 
EPI1610319|HA|A/SAITAMA/173/2019|EPI_ISL_395546|A_/_H1N1             0.0254518 0.0311986 0.0292724 0.0348709 0.0291854 0.0272882 0.0000000 0.0274152 0.0275215 0.0256002 0.0352720 0.0293305 0.0266441 0.0127019 0.0293529 0.0291895 0.0293303 0.0332050 0.0218070 0.0273959 0.0330764 0.0292586 0.0292400 0.0253928 0.0312899 0.0276621 0.0348858 0.0312178 0.0253597 0.0294972 0.0354691 0.0294354 0.0294116 0.0291832 0.0312041 0.0296874 0.0291297 0.0313376 0.0292988 0.0368112 0.0333101 
EPI1763653|HA|A/Konya/820/2019|EPI_ISL_498330|A_/_H1N1               0.0125134 0.0256026 0.0161913 0.0253458 0.0261804 0.0217868 0.0274152 0.0000000 0.0181226 0.0162339 0.0200656 0.0181255 0.0247740 0.0297797 0.0162334 0.0273373 0.0162209 0.0181273 0.0162087 0.0162114 0.0274675 0.0161816 0.0161748 0.0162165 0.0240608 0.0183189 0.0292734 0.0180598 0.0236161 0.0163138 0.0298144 0.0162799 0.0238142 0.0161420 0.0256103 0.0219221 0.0198959 0.0200174 0.0275882 0.0300860 0.0292495 
EPI1646278|HA|A/Singapore/GP2220/2019|EPI_ISL_401475|A_/_H1N1        0.0125857 0.0257579 0.0162861 0.0254978 0.0263415 0.0256350 0.0275215 0.0181226 0.0000000 0.0163293 0.0220355 0.0200703 0.0288202 0.0259653 0.0125301 0.0275031 0.0163161 0.0200719 0.0126212 0.0163064 0.0276348 0.0162763 0.0162694 0.0163116 0.0242078 0.0221708 0.0294522 0.0181663 0.0237578 0.0145422 0.0338303 0.0163758 0.0239583 0.0162362 0.0257655 0.0241704 0.0237120 0.0219826 0.0315345 0.0313717 0.0278360 
EPI1663791|HA|A/Laos/2879/2019|EPI_ISL_404786|A_/_H1N1               0.0107379 0.0200751 0.0144091 0.0198747 0.0205667 0.0236898 0.0256002 0.0162339 0.0163293 0.0000000 0.0201031 0.0181592 0.0228881 0.0279359 0.0144463 0.0218245 0.0144352 0.0181610 0.0107828 0.0125855 0.0219303 0.0144001 0.0143945 0.0144316 0.0201354 0.0162890 0.0237376 0.0162734 0.0144949 0.0145183 0.0317947 0.0144880 0.0182815 0.0143651 0.0200836 0.0238372 0.0217844 0.0200548 0.0295359 0.0256294 0.0237189 
EPI1672598|HA|A/Philippines/34/2019|EPI_ISL_406964|A_/_H1N1          0.0162998 0.0296484 0.0200495 0.0293465 0.0302885 0.0278828 0.0352720 0.0200656 0.0220355 0.0201031 0.0000000 0.0162263 0.0328807 0.0378023 0.0163888 0.0300557 0.0200872 0.0147494 0.0200718 0.0200749 0.0296887 0.0200380 0.0181456 0.0200810 0.0267513 0.0243905 0.0294846 0.0219561 0.0276081 0.0202030 0.0335012 0.0182648 0.0264734 0.0199879 0.0283063 0.0239357 0.0259241 0.0107114 0.0332338 0.0353071 0.0333393 
EPI1679823|HA|A/KANAGAWA/AC1920/2019|EPI_ISL_408542|A_/_H1N1         0.0143962 0.0276203 0.0181111 0.0273409 0.0282301 0.0274883 0.0293305 0.0181255 0.0200703 0.0181592 0.0162263 0.0000000 0.0307564 0.0317341 0.0181587 0.0293607 0.0181447 0.0143336 0.0181309 0.0181338 0.0295005 0.0181005 0.0180923 0.0144595 0.0260896 0.0240381 0.0313175 0.0199993 0.0218100 0.0182490 0.0292607 0.0182109 0.0258223 0.0180557 0.0276273 0.0235955 0.0255562 0.0161875 0.0295146 0.0332420 0.0312914 
EPI1377837|HA|A/Karaganda_NRL/344/2019|EPI_ISL_343414|A_/_H1N1       0.0227504 0.0247946 0.0266984 0.0285936 0.0253826 0.0246912 0.0266441 0.0247740 0.0288202 0.0228881 0.0328807 0.0307564 0.0000000 0.0251424 0.0267739 0.0265981 0.0267525 0.0307545 0.0228515 0.0267344 0.0250532 0.0266846 0.0266681 0.0226956 0.0248710 0.0211027 0.0286046 0.0287070 0.0227374 0.0269111 0.0331253 0.0268525 0.0229355 0.0266138 0.0248027 0.0248504 0.0227094 0.0328000 0.0307678 0.0305811 0.0285804 
EPI1381335|HA|A/KANAGAWA/AC1823/2019|EPI_ISL_344515|A_/_H1N1         0.0277715 0.0298068 0.0316698 0.0335278 0.0277752 0.0258560 0.0127019 0.0297797 0.0259653 0.0279359 0.0378023 0.0317341 0.0251424 0.0000000 0.0317589 0.0277786 0.0317341 0.0356862 0.0240645 0.0297588 0.0317084 0.0316554 0.0316338 0.0277062 0.0277398 0.0262154 0.0335419 0.0336549 0.0239075 0.0299486 0.0341133 0.0318490 0.0258565 0.0315719 0.0276647 0.0282610 0.0277220 0.0337870 0.0278859 0.0335868 0.0319370 
EPI1852427|HA|A/Vietnam/Vnhcm-Gs394/2019|EPI_ISL_1296413|A_/_H1N1    0.0107372 0.0238030 0.0144084 0.0235641 0.0243553 0.0236901 0.0293529 0.0162334 0.0125301 0.0144463 0.0163888 0.0181587 0.0267739 0.0317589 0.0000000 0.0255460 0.0144345 0.0181606 0.0144237 0.0144262 0.0238362 0.0143994 0.0143938 0.0144309 0.0222389 0.0202257 0.0274787 0.0162728 0.0218260 0.0145176 0.0299637 0.0144873 0.0220093 0.0143644 0.0238111 0.0238375 0.0217843 0.0163493 0.0295372 0.0293848 0.0274564 
EPI1388093|HA|A/Singapore/NTF0009/2019|EPI_ISL_346413|A_/_H1N1       0.0216986 0.0199205 0.0254771 0.0198011 0.0106845 0.0272504 0.0291895 0.0273373 0.0275031 0.0218245 0.0300557 0.0293607 0.0265981 0.0277786 0.0255460 0.0000000 0.0255263 0.0274391 0.0217909 0.0236156 0.0255054 0.0254641 0.0237494 0.0216484 0.0237211 0.0238268 0.0235572 0.0274002 0.0179902 0.0256718 0.0354233 0.0256181 0.0218676 0.0253994 0.0236590 0.0274191 0.0216080 0.0313182 0.0331249 0.0254355 0.0235387 
EPI1566682|HA|A/Myanmar/19M064/2019|EPI_ISL_381708|A_/_H1N1          0.0107289 0.0237845 0.0143974 0.0235460 0.0243362 0.0236718 0.0293303 0.0162209 0.0163161 0.0144352 0.0200872 0.0181447 0.0267525 0.0317341 0.0144345 0.0255263 0.0000000 0.0181466 0.0144126 0.0144151 0.0256487 0.0143884 0.0143828 0.0144198 0.0222215 0.0202099 0.0274576 0.0162603 0.0218092 0.0145064 0.0317718 0.0144761 0.0219922 0.0143534 0.0237926 0.0238190 0.0217676 0.0200390 0.0295144 0.0293621 0.0274353 
EPI1797977|HA|A/Malaysia/RP_0718/2019|EPI_ISL_514735|A_/_H1N1        0.0143984 0.0276198 0.0181130 0.0273406 0.0282294 0.0274878 0.0332050 0.0181273 0.0200719 0.0181610 0.0147494 0.0143336 0.0307545 0.0356862 0.0181606 0.0274391 0.0181466 0.0000000 0.0181328 0.0181356 0.0294992 0.0181023 0.0163121 0.0181413 0.0221950 0.0240387 0.0313155 0.0181280 0.0256061 0.0182509 0.0330327 0.0182127 0.0219662 0.0180575 0.0237643 0.0235963 0.0236600 0.0147134 0.0334108 0.0332391 0.0312894 
EPI1584500|HA|A/Malaysia/RP2118/2019|EPI_ISL_389527|A_/_H1N1         0.0107211 0.0200439 0.0143866 0.0198441 0.0205343 0.0236535 0.0218070 0.0162087 0.0126212 0.0107828 0.0200718 0.0181309 0.0228515 0.0240645 0.0144237 0.0217909 0.0144126 0.0181328 0.0000000 0.0144043 0.0218964 0.0143776 0.0143721 0.0144090 0.0201041 0.0201943 0.0237011 0.0162480 0.0181017 0.0144954 0.0317461 0.0144653 0.0182529 0.0143427 0.0200524 0.0221699 0.0217509 0.0200236 0.0294909 0.0255902 0.0220591 
EPI1491300|HA|A/England/146/2019|EPI_ISL_364689|A_/_H1N1             0.0107230 0.0200584 0.0143890 0.0198583 0.0218603 0.0236569 0.0273959 0.0162114 0.0163064 0.0125855 0.0200749 0.0181338 0.0267344 0.0297588 0.0144262 0.0236156 0.0144151 0.0181356 0.0144043 0.0000000 0.0256322 0.0143801 0.0143745 0.0144114 0.0222074 0.0183053 0.0237181 0.0162507 0.0217956 0.0144979 0.0317498 0.0144677 0.0219784 0.0143451 0.0237775 0.0238039 0.0217541 0.0200267 0.0294946 0.0256085 0.0236994 
EPI1491298|HA|A/England/204/2019|EPI_ISL_364688|A_/_H1N1             0.0218032 0.0237649 0.0255990 0.0274254 0.0243158 0.0273799 0.0330764 0.0274675 0.0276348 0.0219303 0.0296887 0.0295005 0.0250532 0.0317084 0.0238362 0.0255054 0.0256487 0.0294992 0.0218964 0.0256322 0.0000000 0.0255859 0.0255712 0.0217525 0.0238357 0.0239423 0.0274352 0.0275309 0.0180388 0.0257955 0.0355907 0.0257414 0.0219738 0.0255207 0.0237730 0.0275500 0.0254558 0.0296179 0.0332808 0.0293384 0.0274130 
EPI1506890|HA|A/Linkoping/1/2019|EPI_ISL_367960|A_/_H1N1             0.0107030 0.0237263 0.0143625 0.0234889 0.0242758 0.0236141 0.0292586 0.0161816 0.0162763 0.0144001 0.0200380 0.0181005 0.0266846 0.0316554 0.0143994 0.0254641 0.0143884 0.0181023 0.0143776 0.0143801 0.0255859 0.0000000 0.0143480 0.0107532 0.0221665 0.0201601 0.0273904 0.0162208 0.0217561 0.0144709 0.0316928 0.0144409 0.0219382 0.0143187 0.0237344 0.0237606 0.0217147 0.0199900 0.0294418 0.0292903 0.0273683 
EPI1506986|HA|A/Ukraine/8294/2019|EPI_ISL_368008|A_/_H1N1            0.0106995 0.0237134 0.0107607 0.0234764 0.0242621 0.0236014 0.0292400 0.0161748 0.0162694 0.0143945 0.0181456 0.0180923 0.0266681 0.0316338 0.0143938 0.0237494 0.0143828 0.0163121 0.0143721 0.0143745 0.0255712 0.0143480 0.0000000 0.0143792 0.0221548 0.0201502 0.0273739 0.0126036 0.0217450 0.0144653 0.0316711 0.0107161 0.0219268 0.0143132 0.0237215 0.0237476 0.0217036 0.0199804 0.0294230 0.0292717 0.0273518 
EPI1508590|HA|A/Novi_Sad/4336/2019|EPI_ISL_368276|A_/_H1N1           0.0107267 0.0199124 0.0143937 0.0235380 0.0203974 0.0198192 0.0253928 0.0162165 0.0163116 0.0144316 0.0200810 0.0144595 0.0226956 0.0277062 0.0144309 0.0216484 0.0144198 0.0181413 0.0144090 0.0144114 0.0217525 0.0107532 0.0143792 0.0000000 0.0183228 0.0163602 0.0235455 0.0162559 0.0179838 0.0145027 0.0239573 0.0144725 0.0181330 0.0143498 0.0199208 0.0199416 0.0179502 0.0200328 0.0236368 0.0254217 0.0235270 
EPI1359897|HA|A/Barry/6142/2019|EPI_ISL_339323|A_/_H1N1              0.0183660 0.0219719 0.0221787 0.0256389 0.0224962 0.0239821 0.0312899 0.0240608 0.0242078 0.0201354 0.0267513 0.0260896 0.0248710 0.0277398 0.0222389 0.0237211 0.0222215 0.0221950 0.0201041 0.0222074 0.0238357 0.0221665 0.0221548 0.0183228 0.0000000 0.0204798 0.0256476 0.0241181 0.0200072 0.0223508 0.0321894 0.0184705 0.0125932 0.0221099 0.0143758 0.0241330 0.0220533 0.0266858 0.0298998 0.0275502 0.0256271 
EPI1369937|HA|A/England/27/2019|EPI_ISL_341280|A_/_H1N1              0.0163986 0.0220704 0.0201716 0.0257532 0.0225985 0.0126618 0.0276621 0.0183189 0.0221708 0.0162890 0.0243905 0.0240381 0.0211027 0.0262154 0.0202257 0.0238268 0.0202099 0.0240387 0.0201943 0.0183053 0.0239423 0.0201601 0.0201502 0.0163602 0.0204798 0.0000000 0.0241155 0.0182698 0.0200966 0.0203271 0.0224096 0.0202841 0.0202660 0.0201093 0.0220788 0.0146394 0.0108131 0.0259901 0.0219449 0.0276729 0.0257412 
EPI1370341|HA|A/Catalonia/NSVH100970317/2019|EPI_ISL_341417|A_/_H1N1 0.0236002 0.0107610 0.0274039 0.0143544 0.0223376 0.0275729 0.0348858 0.0292734 0.0294522 0.0237376 0.0294846 0.0313175 0.0286046 0.0335419 0.0274787 0.0235572 0.0274576 0.0313155 0.0237011 0.0237181 0.0274352 0.0273904 0.0273739 0.0235455 0.0256476 0.0241155 0.0000000 0.0293403 0.0198690 0.0276141 0.0358381 0.0275562 0.0237850 0.0256917 0.0255796 0.0277453 0.0256362 0.0332887 0.0328708 0.0161961 0.0143471 
EPI1378056|HA|A/Sweden/27/2019|EPI_ISL_343451|A_/_H1N1               0.0125441 0.0256624 0.0126163 0.0254044 0.0262421 0.0255405 0.0312178 0.0180598 0.0181663 0.0162734 0.0219561 0.0199993 0.0287070 0.0336549 0.0162728 0.0274002 0.0162603 0.0181280 0.0162480 0.0162507 0.0275309 0.0162208 0.0126036 0.0162559 0.0241181 0.0182698 0.0293403 0.0000000 0.0236715 0.0163536 0.0336955 0.0163196 0.0238705 0.0161810 0.0256700 0.0256992 0.0198431 0.0219035 0.0314122 0.0312507 0.0293162 
EPI1443858|HA|A/Catalonia/NSVH100983893/2019|EPI_ISL_356453|A_/_H1N1 0.0180255 0.0162468 0.0217680 0.0198634 0.0166657 0.0235401 0.0253597 0.0236161 0.0237578 0.0144949 0.0276081 0.0218100 0.0227374 0.0239075 0.0218260 0.0179902 0.0218092 0.0256061 0.0181017 0.0217956 0.0180388 0.0217561 0.0217450 0.0179838 0.0200072 0.0200966 0.0198690 0.0236715 0.0000000 0.0219339 0.0315903 0.0218881 0.0181650 0.0217016 0.0199560 0.0236857 0.0216470 0.0275424 0.0255200 0.0217322 0.0198538 
EPI1484058|HA|A/South_Australia/297/2019|EPI_ISL_363162|A_/_H1N1     0.0107905 0.0239210 0.0144800 0.0236798 0.0244778 0.0238070 0.0294972 0.0163138 0.0145422 0.0145183 0.0202030 0.0182490 0.0269111 0.0299486 0.0145176 0.0256718 0.0145064 0.0182509 0.0144954 0.0144979 0.0257955 0.0144709 0.0144653 0.0145027 0.0223508 0.0203271 0.0276141 0.0163536 0.0219339 0.0000000 0.0319549 0.0145597 0.0221189 0.0144355 0.0239291 0.0239558 0.0218918 0.0201542 0.0296831 0.0295293 0.0275916 
EPI1647174|HA|A/Canberra/337/2019|EPI_ISL_401775|A_/_H1N1            0.0278031 0.0336770 0.0297949 0.0374117 0.0343719 0.0108668 0.0354691 0.0298144 0.0338303 0.0317947 0.0335012 0.0292607 0.0331253 0.0341133 0.0299637 0.0354233 0.0317718 0.0330327 0.0317461 0.0317498 0.0355907 0.0316928 0.0316711 0.0239573 0.0321894 0.0224096 0.0358381 0.0336955 0.0315903 0.0319549 0.0000000 0.0318869 0.0318614 0.0297497 0.0336811 0.0161188 0.0239624 0.0311748 0.0182059 0.0393927 0.0334249 
EPI1647539|HA|A/South_Australia/477/2019|EPI_ISL_401895|A_/_H1N1     0.0107682 0.0238708 0.0144499 0.0236306 0.0244256 0.0237573 0.0294354 0.0162799 0.0163758 0.0144880 0.0182648 0.0182109 0.0268525 0.0318490 0.0144873 0.0256181 0.0144761 0.0182127 0.0144653 0.0144677 0.0257414 0.0144409 0.0107161 0.0144725 0.0184705 0.0202841 0.0275562 0.0163196 0.0218881 0.0145597 0.0318869 0.0000000 0.0220724 0.0144056 0.0238789 0.0239055 0.0218462 0.0201120 0.0296206 0.0294674 0.0275338 
EPI1435941|HA|A/Sydney/41/2019|EPI_ISL_354709|A_/_H1N1               0.0181754 0.0201146 0.0219503 0.0237773 0.0206079 0.0237370 0.0294116 0.0238142 0.0239583 0.0182815 0.0264734 0.0258223 0.0229355 0.0258565 0.0220093 0.0218676 0.0219922 0.0219662 0.0182529 0.0219784 0.0219738 0.0219382 0.0219268 0.0181330 0.0125932 0.0202660 0.0237850 0.0238705 0.0181650 0.0221189 0.0318614 0.0220724 0.0000000 0.0218828 0.0125626 0.0238850 0.0218273 0.0264091 0.0295966 0.0256810 0.0237661 
EPI1594066|HA|A/Victoria/1001/2019|EPI_ISL_391483|A_/_H1N1           0.0106775 0.0236662 0.0143276 0.0234300 0.0242133 0.0217403 0.0291832 0.0161420 0.0162362 0.0143651 0.0199879 0.0180557 0.0266138 0.0315719 0.0143644 0.0253994 0.0143534 0.0180575 0.0143427 0.0143451 0.0255207 0.0143187 0.0143132 0.0143498 0.0221099 0.0201093 0.0256917 0.0161810 0.0217016 0.0144355 0.0297497 0.0144056 0.0218828 0.0000000 0.0236743 0.0218750 0.0216604 0.0199401 0.0275290 0.0292147 0.0272983 
EPI1479960|HA|A/Montana/36/2019|EPI_ISL_362275|A_/_H1N1              0.0199672 0.0219147 0.0237470 0.0255709 0.0224365 0.0255281 0.0312041 0.0256103 0.0257655 0.0200836 0.0283063 0.0276273 0.0248027 0.0276647 0.0238111 0.0236590 0.0237926 0.0237643 0.0200524 0.0237775 0.0237730 0.0237344 0.0237215 0.0199208 0.0143758 0.0220788 0.0255796 0.0256700 0.0199560 0.0239291 0.0336811 0.0238789 0.0125626 0.0236743 0.0000000 0.0256867 0.0236142 0.0282380 0.0313983 0.0274762 0.0255591 
EPI1480139|HA|A/Iowa/12/2019|EPI_ISL_362298|A_/_H1N1                 0.0199881 0.0256790 0.0219076 0.0293508 0.0262598 0.0107302 0.0296874 0.0219221 0.0241704 0.0238372 0.0239357 0.0235955 0.0248504 0.0282610 0.0238375 0.0274191 0.0238190 0.0235963 0.0221699 0.0238039 0.0275500 0.0237606 0.0237476 0.0199416 0.0241330 0.0146394 0.0277453 0.0256992 0.0236857 0.0239558 0.0161188 0.0239055 0.0238850 0.0218750 0.0256867 0.0000000 0.0162619 0.0255103 0.0179826 0.0294012 0.0217813 
EPI1487896|HA|A/Connecticut/33/2019|EPI_ISL_364053|A_/_H1N1          0.0179918 0.0236062 0.0217266 0.0272412 0.0241510 0.0125296 0.0291297 0.0198959 0.0237120 0.0217844 0.0259241 0.0255562 0.0227094 0.0277220 0.0217843 0.0216080 0.0217676 0.0236600 0.0217509 0.0217541 0.0254558 0.0217147 0.0217036 0.0179502 0.0220533 0.0108131 0.0256362 0.0198431 0.0216470 0.0218918 0.0239624 0.0218462 0.0218273 0.0216604 0.0236142 0.0162619 0.0000000 0.0274885 0.0234734 0.0291402 0.0272290 
EPI1636779|HA|A/California/206/2019|EPI_ISL_400059|A_/_H1N1          0.0125669 0.0295777 0.0200014 0.0292772 0.0302155 0.0256363 0.0313376 0.0200174 0.0219826 0.0200548 0.0107114 0.0161875 0.0328000 0.0337870 0.0163493 0.0313182 0.0200390 0.0147134 0.0200236 0.0200267 0.0296179 0.0199900 0.0199804 0.0200328 0.0266858 0.0259901 0.0332887 0.0219035 0.0275424 0.0201542 0.0311748 0.0201120 0.0264091 0.0199401 0.0282380 0.0255103 0.0274885 0.0000000 0.0315334 0.0352239 0.0332605 
EPI1642106|HA|A/California/208/2019|EPI_ISL_400899|A_/_H1N1          0.0256132 0.0313929 0.0275703 0.0350831 0.0320524 0.0106417 0.0292988 0.0275882 0.0315345 0.0295359 0.0332338 0.0295146 0.0307678 0.0278859 0.0295372 0.0331249 0.0295144 0.0334108 0.0294909 0.0294946 0.0332808 0.0294418 0.0294230 0.0236368 0.0298998 0.0219449 0.0328708 0.0314122 0.0255200 0.0296831 0.0182059 0.0296206 0.0295966 0.0275290 0.0313983 0.0179826 0.0234734 0.0315334 0.0000000 0.0370349 0.0311618 
EPI1559650|HA|A/Michigan/295/2019|EPI_ISL_380418|A_/_H1N1            0.0254808 0.0125894 0.0293041 0.0161922 0.0242483 0.0310823 0.0368112 0.0300860 0.0313717 0.0256294 0.0353071 0.0332420 0.0305811 0.0335868 0.0293848 0.0254355 0.0293621 0.0332391 0.0255902 0.0256085 0.0293384 0.0292903 0.0292717 0.0254217 0.0275502 0.0276729 0.0161961 0.0312507 0.0217322 0.0295293 0.0393927 0.0294674 0.0256810 0.0292147 0.0274762 0.0294012 0.0291402 0.0352239 0.0370349 0.0000000 0.0161841 
EPI1396930|HA|A/Arkansas/17/2019|EPI_ISL_348098|A_/_H1N1             0.0235817 0.0107533 0.0255141 0.0107106 0.0223199 0.0253368 0.0333101 0.0292495 0.0278360 0.0237189 0.0333393 0.0312914 0.0285804 0.0319370 0.0274564 0.0235387 0.0274353 0.0312894 0.0220591 0.0236994 0.0274130 0.0273683 0.0273518 0.0235270 0.0256271 0.0257412 0.0143471 0.0293162 0.0198538 0.0275916 0.0334249 0.0275338 0.0237661 0.0272983 0.0255591 0.0217813 0.0272290 0.0332605 0.0311618 0.0161841 0.0000000 
