17
EPI827141|HA|A/AICHI/83/2016|EPI_ISL_232526|A_/_H1N1                                         0.0000000 0.0196996 0.0234966 0.0236517 0.0237069 0.0403928 0.0197161 0.0235772 0.0235465 0.0197479 0.0142686 0.0236034 0.0237103 0.0161218 0.0197479 0.0179769 0.0000010 
EPI844065|HA|A/Nepal/142/2016|EPI_ISL_235549|A_/_H1N1                                        0.0196996 0.0000000 0.0179393 0.0180563 0.0162898 0.0343838 0.0180524 0.0180009 0.0216330 0.0142535 0.0235495 0.0180203 0.0181010 0.0106664 0.0142535 0.0124886 0.0196996 
EPI1024985|HA|A/Laos/0009/2016|EPI_ISL_269932|A_/_H1N1                                       0.0234966 0.0179393 0.0000000 0.0107165 0.0107406 0.0304338 0.0143749 0.0106857 0.0254730 0.0143455 0.0311884 0.0143501 0.0144140 0.0070778 0.0143455 0.0052950 0.0234966 
EPI1025033|HA|A/Laos/4392/2016|EPI_ISL_269938|A_/_H1N1                                       0.0236517 0.0180563 0.0107165 0.0000000 0.0108102 0.0306458 0.0144684 0.0107535 0.0256425 0.0144387 0.0313987 0.0144434 0.0107589 0.0071229 0.0144387 0.0053286 0.0236517 
EPI1027159|HA|A/Laos/F4513/2016|EPI_ISL_270238|A_/_H1N1                                      0.0237069 0.0162898 0.0107406 0.0108102 0.0000000 0.0307219 0.0145015 0.0107778 0.0257031 0.0144716 0.0314742 0.0107816 0.0145413 0.0071387 0.0144716 0.0053404 0.0237069 
EPI2650432|HA|A/Saudi_Arabia/09/2016|EPI_ISL_18037984|A_/_H1N1                               0.0403928 0.0343838 0.0304338 0.0306458 0.0307219 0.0000000 0.0306424 0.0305423 0.0407405 0.0305695 0.0469039 0.0305789 0.0307248 0.0226322 0.0305695 0.0246044 0.0403928 
EPI909656|HA|A/SAPPORO/110/2016|EPI_ISL_247752|A_/_H1N1                                      0.0197161 0.0180524 0.0143749 0.0144684 0.0145015 0.0306424 0.0000000 0.0144245 0.0256387 0.0108176 0.0272891 0.0144399 0.0145045 0.0071208 0.0108176 0.0089331 0.0197161 
EPI917635|HA|A/Phuket/320/2016|EPI_ISL_248956|A_/_H1N1                                       0.0235772 0.0180009 0.0106857 0.0107535 0.0107778 0.0305423 0.0144245 0.0000000 0.0255607 0.0143949 0.0312959 0.0143996 0.0144638 0.0071021 0.0143949 0.0053132 0.0235772 
EPI770039|HA|A/Kyrgyzstan/119/2016|EPI_ISL_223769|A_/_H1N1                                   0.0235465 0.0216330 0.0254730 0.0256425 0.0257031 0.0407405 0.0256387 0.0255607 0.0000000 0.0216863 0.0312577 0.0255896 0.0257063 0.0180314 0.0216863 0.0199059 0.0235465 
EPI788973|HA|A/Singapore/INFKK-16-0532/2016|EPI_ISL_227051|A_/_H1N1                          0.0197479 0.0142535 0.0143455 0.0144387 0.0144716 0.0305695 0.0108176 0.0143949 0.0216863 0.0000000 0.0273351 0.0144102 0.0144746 0.0071070 0.0000010 0.0089155 0.0197479 
EPI980370|HA|A/Vietnam/019/2016|EPI_ISL_259863|A_/_H1N1                                      0.0142686 0.0235495 0.0311884 0.0313987 0.0314742 0.0469039 0.0272891 0.0312959 0.0312577 0.0273351 0.0000000 0.0313322 0.0275474 0.0236372 0.0273351 0.0255470 0.0142686 
EPI903892|HA|A/Brisbane/305/2016|EPI_ISL_246667|A_/_H1N1                                     0.0236034 0.0180203 0.0143501 0.0144434 0.0107816 0.0305789 0.0144399 0.0143996 0.0255896 0.0144102 0.0313322 0.0000000 0.0144793 0.0071094 0.0144102 0.0089185 0.0236034 
EPI791816|HA|A/Massachusetts/25/2016|EPI_ISL_227436|A_/_H1N1                                 0.0237103 0.0181010 0.0144140 0.0107589 0.0145413 0.0307248 0.0145045 0.0144638 0.0257063 0.0144746 0.0275474 0.0144793 0.0000000 0.0071406 0.0144746 0.0089579 0.0237103 
H1N1_2016_Consensus_Aligned                                                                  0.0161218 0.0106664 0.0070778 0.0071229 0.0071387 0.0226322 0.0071208 0.0071021 0.0180314 0.0071070 0.0236372 0.0071094 0.0071406 0.0000000 0.0071070 0.0017596 0.0161218 
H1N1_2016_Medoid_Aligned|EPI788973|HA|A/Singapore/INFKK-16-0532/2016|EPI_ISL_227051|A_/_H1N1 0.0197479 0.0142535 0.0143455 0.0144387 0.0144716 0.0305695 0.0108176 0.0143949 0.0216863 0.0000010 0.0273351 0.0144102 0.0144746 0.0071070 0.0000000 0.0089155 0.0197479 
H1N1_2016_Ancestral_Aligned_Node10                                                           0.0179769 0.0124886 0.0052950 0.0053286 0.0053404 0.0246044 0.0089331 0.0053132 0.0199059 0.0089155 0.0255470 0.0089185 0.0089579 0.0017596 0.0089155 0.0000000 0.0179769 
H1N1_2016_COBRA_Aligned                                                                      0.0000010 0.0196996 0.0234966 0.0236517 0.0237069 0.0403928 0.0197161 0.0235772 0.0235465 0.0197479 0.0142686 0.0236034 0.0237103 0.0161218 0.0197479 0.0179769 0.0000000 
