16
EPI1885077|HA|A/Dubai/DH112/2020|EPI_ISL_3376994|A_/_H1N1        0.0000000 0.0235415 0.0256665 0.0404522 0.0400367 0.0161137 0.0236387 0.0235002 0.0291431 0.0216709 0.0197162 0.0309440 0.0254262 0.0200865 0.0253769 0.0235620 
EPI2248017|HA|A/Yamaguchi/19FS198/2020|EPI_ISL_16196752|A_/_H1N1 0.0235415 0.0000000 0.0147826 0.0387197 0.0383202 0.0180285 0.0107081 0.0142911 0.0311269 0.0199581 0.0180071 0.0330521 0.0146463 0.0183499 0.0161219 0.0143274 
EPI1746185|HA|A/AKITA/15/2020|EPI_ISL_470819|A_/_H1N1            0.0256665 0.0147826 0.0000000 0.0411879 0.0407572 0.0163742 0.0148447 0.0162734 0.0359906 0.0220421 0.0200514 0.0353271 0.0107672 0.0204334 0.0181319 0.0163152 
EPI2650460|HA|A/Saudi_Arabia/39/2020|EPI_ISL_18037990|A_/_H1N1   0.0404522 0.0387197 0.0411879 0.0000000 0.0108040 0.0306268 0.0388873 0.0386433 0.0529227 0.0327529 0.0305896 0.0467689 0.0407662 0.0351199 0.0406806 0.0387547 
EPI2650473|HA|A/Saudi_Arabia/40/2020|EPI_ISL_18037993|A_/_H1N1   0.0400367 0.0383202 0.0407572 0.0108040 0.0000000 0.0341719 0.0384845 0.0382460 0.0523695 0.0363032 0.0341314 0.0502405 0.0403446 0.0347561 0.0402613 0.0383538 
EPI1814766|HA|A/Beirut/AUB_1246_N/2020|EPI_ISL_671771|A_/_H1N1   0.0161137 0.0180285 0.0163742 0.0306268 0.0341719 0.0000000 0.0181032 0.0179978 0.0310478 0.0125576 0.0106829 0.0254160 0.0162244 0.0145519 0.0198517 0.0180442 
EPI1852579|HA|A/Nonthaburi/76/2020|EPI_ISL_1296433|A_/_H1N1      0.0236387 0.0107081 0.0148447 0.0388873 0.0384845 0.0181032 0.0000000 0.0143499 0.0312559 0.0200411 0.0180816 0.0312275 0.0147079 0.0184272 0.0161883 0.0143866 
EPI1852611|HA|A/Chiang_Rai/68/2020|EPI_ISL_1296437|A_/_H1N1      0.0235002 0.0142911 0.0162734 0.0386433 0.0382460 0.0179978 0.0143499 0.0000000 0.0349555 0.0199237 0.0179765 0.0329916 0.0161254 0.0183179 0.0160948 0.0143035 
EPI1727956|HA|A/Sweden/17/2020|EPI_ISL_426280|A_/_H1N1           0.0291431 0.0311269 0.0359906 0.0529227 0.0523695 0.0310478 0.0312559 0.0349555 0.0000000 0.0330840 0.0310118 0.0386029 0.0356390 0.0296886 0.0368924 0.0332726 
EPI1750234|HA|A/England/200420376/2020|EPI_ISL_480532|A_/_H1N1   0.0216709 0.0199581 0.0220421 0.0327529 0.0363032 0.0125576 0.0200411 0.0199237 0.0330840 0.0000000 0.0125425 0.0274051 0.0218365 0.0164732 0.0199103 0.0162557 
EPI1754899|HA|A/England/46/2020|EPI_ISL_487070|A_/_H1N1          0.0197162 0.0180071 0.0200514 0.0305896 0.0341314 0.0106829 0.0180816 0.0179765 0.0310118 0.0125425 0.0000000 0.0253862 0.0162177 0.0145344 0.0198283 0.0180228 
EPI1729001|HA|A/Arizona/11480/2020|EPI_ISL_427834|A_/_H1N1       0.0309440 0.0330521 0.0353271 0.0467689 0.0502405 0.0254160 0.0312275 0.0329916 0.0386029 0.0274051 0.0253862 0.0000000 0.0349861 0.0296024 0.0349168 0.0330808 
EPI1717509|HA|A/Arkansas/15/2020|EPI_ISL_416874|A_/_H1N1         0.0254262 0.0146463 0.0107672 0.0407662 0.0403446 0.0162244 0.0147079 0.0161254 0.0356390 0.0218365 0.0162177 0.0349861 0.0000000 0.0165564 0.0179661 0.0161666 
EPI1717697|HA|A/Mississippi/13/2020|EPI_ISL_416901|A_/_H1N1      0.0200865 0.0183499 0.0204334 0.0351199 0.0347561 0.0145519 0.0184272 0.0183179 0.0296886 0.0164732 0.0145344 0.0296024 0.0165564 0.0000000 0.0202020 0.0183662 
EPI1870400|HA|A/Michigan/28/2020|EPI_ISL_2521404|A_/_H1N1        0.0253769 0.0161219 0.0181319 0.0406806 0.0402613 0.0198517 0.0161883 0.0160948 0.0368924 0.0199103 0.0198283 0.0349168 0.0179661 0.0202020 0.0000000 0.0161358 
EPI1725366|HA|A/Maryland/17/2020|EPI_ISL_424687|A_/_H1N1         0.0235620 0.0143274 0.0163152 0.0387547 0.0383538 0.0180442 0.0143866 0.0143035 0.0332726 0.0162557 0.0180228 0.0330808 0.0161666 0.0183662 0.0161358 0.0000000 
