16
EPI1604165|HA|A/Osaka/UT-A01/2013|EPI_ISL_393910|A_/_H1N1           0.0000000 0.0255757 0.0235341 0.0219706 0.0254080 0.0236921 0.0253706 0.0237297 0.0235673 0.0125034 0.0237431 0.0272764 0.0142709 0.0257348 0.0198262 0.0237766 
EPI540797|HA|A/MACAU/610435/2013|EPI_ISL_165924|A_/_H1N1            0.0255757 0.0000000 0.0125131 0.0257180 0.0107215 0.0143793 0.0143165 0.0126143 0.0125285 0.0370987 0.0237587 0.0161638 0.0275061 0.0145170 0.0124950 0.0144613 
EPI544626|HA|A/Singapore/CGH001/2013|EPI_ISL_167043|A_/_H1N1        0.0235341 0.0125131 0.0000000 0.0236641 0.0124348 0.0124714 0.0106803 0.0107171 0.0106448 0.0349163 0.0217332 0.0142410 0.0254414 0.0125895 0.0106168 0.0125416 
EPI439228|HA|A/Surat_Thani/16/2013|EPI_ISL_138660|A_/_H1N1          0.0219706 0.0257180 0.0236641 0.0000000 0.0255485 0.0256265 0.0255106 0.0238618 0.0199162 0.0334621 0.0125648 0.0274272 0.0255746 0.0258789 0.0236302 0.0257788 
EPI445794|HA|A/Kherlen/658/2013|EPI_ISL_140301|A_/_H1N1             0.0254080 0.0107215 0.0124348 0.0255485 0.0000000 0.0142885 0.0142265 0.0107091 0.0124500 0.0368462 0.0236035 0.0160617 0.0273246 0.0144245 0.0124170 0.0143695 
EPI567296|HA|A/Philippines/20/2013|EPI_ISL_173214|A_/_H1N1          0.0236921 0.0143793 0.0124714 0.0256265 0.0142885 0.0000000 0.0142684 0.0125719 0.0124866 0.0351195 0.0236751 0.0124295 0.0274080 0.0144676 0.0124534 0.0126942 
EPI450490|HA|A/MACAU/600062/2013|EPI_ISL_141597|A_/_H1N1            0.0253706 0.0143165 0.0106803 0.0255106 0.0142265 0.0142684 0.0000000 0.0125173 0.0124327 0.0367892 0.0235689 0.0160391 0.0272840 0.0144041 0.0123998 0.0143492 
EPI465498|HA|A/Vietnam/3029/2013|EPI_ISL_145106|A_/_H1N1            0.0237297 0.0126143 0.0107171 0.0238618 0.0107091 0.0125719 0.0125173 0.0000000 0.0107300 0.0352154 0.0219135 0.0143560 0.0256538 0.0126920 0.0107016 0.0126433 
EPI466559|HA|A/Jordan/30021/2013|EPI_ISL_145413|A_/_H1N1            0.0235673 0.0125285 0.0106448 0.0199162 0.0124500 0.0124866 0.0124327 0.0107300 0.0000000 0.0349723 0.0217633 0.0142588 0.0254780 0.0126051 0.0106295 0.0125570 
EPI477014|HA|A/Fukuoka-C/8/2013|EPI_ISL_148586|A_/_H1N1             0.0125034 0.0370987 0.0349163 0.0334621 0.0368462 0.0351195 0.0367892 0.0352154 0.0349723 0.0000000 0.0352320 0.0387589 0.0253510 0.0373327 0.0311072 0.0345583 
EPI490886|HA|A/Vietnam/CD13-114/2013|EPI_ISL_151419|A_/_H1N1        0.0237431 0.0237587 0.0217332 0.0125648 0.0236035 0.0236751 0.0235689 0.0219135 0.0217633 0.0352320 0.0000000 0.0254697 0.0273332 0.0200991 0.0217021 0.0238145 
EPI419975|HA|A/Malmoe/1/2013|EPI_ISL_135096|A_/_H1N1                0.0272764 0.0161638 0.0142410 0.0274272 0.0160617 0.0124295 0.0160391 0.0143560 0.0142588 0.0387589 0.0254697 0.0000000 0.0255452 0.0162620 0.0142206 0.0161999 
EPI2184453|HA|A/Catalonia/NSVH206354/2013|EPI_ISL_15083856|A_/_H1N1 0.0142709 0.0275061 0.0254414 0.0255746 0.0273246 0.0274080 0.0272840 0.0256538 0.0254780 0.0253510 0.0273332 0.0255452 0.0000000 0.0276776 0.0254052 0.0275710 
EPI460690|HA|A/Salamanca/43/2013|EPI_ISL_143634|A_/_H1N1            0.0257348 0.0145170 0.0125895 0.0258789 0.0144245 0.0144676 0.0144041 0.0126920 0.0126051 0.0373327 0.0200991 0.0162620 0.0276776 0.0000000 0.0125713 0.0145506 
EPI442699|HA|A/Colorado/03/2013|EPI_ISL_139492|A_/_H1N1             0.0198262 0.0124950 0.0106168 0.0236302 0.0124170 0.0124534 0.0123998 0.0107016 0.0106295 0.0311072 0.0217021 0.0142206 0.0254052 0.0125713 0.0000000 0.0125234 
EPI465079|HA|A/Kentucky/06/2013|EPI_ISL_144959|A_/_H1N1             0.0237766 0.0144613 0.0125416 0.0257788 0.0143695 0.0126942 0.0143492 0.0126433 0.0125570 0.0345583 0.0238145 0.0161999 0.0275710 0.0145506 0.0125234 0.0000000 
