20
EPI2667042|HA|A/Surat_Thani/P3935/2022|EPI_ISL_16613583|A_/_H1N1                          0.0000000 0.0290095 0.0346298 0.0325926 0.0363572 0.0365886 0.0327418 0.0366593 0.0310108 0.0476409 0.3043465 0.0327995 0.0364421 0.0325874 0.0457937 0.0327250 0.0252769 0.0290095 0.0289915 0.0000010 
EPI2093894|HA|A/Abu_Dhabi/4277354/2022|EPI_ISL_13894471|A_/_H1N1                          0.0290095 0.0000000 0.0106479 0.0106129 0.0105993 0.0106645 0.0106134 0.0106864 0.0106746 0.0250640 0.3096640 0.0106781 0.0106235 0.0106114 0.0195821 0.0106544 0.0035263 0.0000010 0.0035203 0.0290095 
EPI2461271|HA|A/Qatar/10-VI-22-2099096/2022|EPI_ISL_17204416|A_/_H1N1                     0.0346298 0.0106479 0.0000000 0.0160030 0.0196369 0.0197594 0.0196632 0.0197991 0.0124646 0.0305935 0.3118426 0.0124689 0.0196822 0.0160006 0.0287829 0.0124411 0.0088643 0.0106479 0.0124546 0.0346298 
EPI2318975|HA|A/Bishkek/S-58SARI/2022|EPI_ISL_16714052|A_/_H1N1                           0.0325926 0.0106129 0.0160030 0.0000000 0.0177367 0.0142191 0.0177603 0.0178824 0.0142154 0.0250124 0.3122979 0.0142203 0.0177773 0.0141313 0.0195646 0.0141887 0.0070459 0.0106129 0.0106067 0.0325926 
EPI2541975|HA|A/Palestine/8T/2022|EPI_ISL_17608695|A_/_H1N1                               0.0363572 0.0105993 0.0196369 0.0177367 0.0000000 0.0142275 0.0141591 0.0142563 0.0178399 0.0306734 0.3157791 0.0178464 0.0141727 0.0177340 0.0251202 0.0178066 0.0106110 0.0105993 0.0070465 0.0363572 
EPI2585769|HA|A/ABUDHABI/UAE/0003318/2022|EPI_ISL_17776869|A_/_H1N1                       0.0365886 0.0106645 0.0197594 0.0142191 0.0142275 0.0000000 0.0142465 0.0143449 0.0179509 0.0325128 0.3110812 0.0143070 0.0142602 0.0178438 0.0232538 0.0161081 0.0106763 0.0106645 0.0070897 0.0365886 
EPI2363642|HA|A/Pakistan/353/2022|EPI_ISL_16830554|A_/_H1N1                               0.0327418 0.0106134 0.0196632 0.0177603 0.0141591 0.0142465 0.0000000 0.0142754 0.0178637 0.0323531 0.3181727 0.0178703 0.0141915 0.0177576 0.0268108 0.0178304 0.0106251 0.0106134 0.0070559 0.0327418 
EPI2260226|HA|A/Catalonia/NSVH101974424/2022|EPI_ISL_16258264|A_/_H1N1                    0.0366593 0.0106864 0.0197991 0.0178824 0.0142563 0.0143449 0.0142754 0.0000000 0.0179872 0.0311329 0.3187277 0.0161735 0.0124782 0.0178796 0.0232729 0.0179534 0.0106982 0.0106864 0.0071044 0.0366593 
EPI2214090|HA|A/England/223840510/2022|EPI_ISL_15740756|A_/_H1N1                          0.0310108 0.0106746 0.0124646 0.0142154 0.0178399 0.0179509 0.0178637 0.0179872 0.0000000 0.0287745 0.3189219 0.0106804 0.0178809 0.0142132 0.0269658 0.0106567 0.0070867 0.0106746 0.0106683 0.0310108 
EPI2207119|HA|A/Deeside/1535/2022|EPI_ISL_15677016|A_/_H1N1                               0.0476409 0.0250640 0.0305935 0.0250124 0.0306734 0.0325128 0.0323531 0.0311329 0.0287745 0.0000000 0.3152955 0.0287866 0.0305075 0.0286031 0.0269246 0.0287220 0.0213941 0.0250640 0.0250487 0.0476409 
EPI2240803|HA|A/Navarra/4050/2022|EPI_ISL_16074739|A_/_H1N1                               0.3043465 0.3096640 0.3118426 0.3122979 0.3157791 0.3110812 0.3181727 0.3187277 0.3189219 0.3152955 0.0000000 0.3079965 0.3190091 0.3086907 0.3237256 0.3166047 0.3069496 0.3096640 0.3114737 0.3043465 
EPI2384217|HA|A/Canberra/538/2022|EPI_ISL_16864421|A_/_H1N1                               0.0327995 0.0106781 0.0124689 0.0142203 0.0178464 0.0143070 0.0178703 0.0161735 0.0106804 0.0287866 0.3079965 0.0000000 0.0178875 0.0142182 0.0269769 0.0106602 0.0070889 0.0106781 0.0106718 0.0327995 
EPI2235637|HA|A/Sydney/1325/2022|EPI_ISL_16003421|A_/_H1N1                                0.0364421 0.0106235 0.0196822 0.0177773 0.0141727 0.0142602 0.0141915 0.0124782 0.0178809 0.0305075 0.3190091 0.0178875 0.0000000 0.0177746 0.0268366 0.0160924 0.0106352 0.0106235 0.0070626 0.0364421 
EPI2249111|HA|A/Iowa/39/2022|EPI_ISL_16199375|A_/_H1N1                                    0.0325874 0.0106114 0.0160006 0.0141313 0.0177340 0.0178438 0.0177576 0.0178796 0.0142132 0.0286031 0.3086907 0.0142182 0.0177746 0.0000000 0.0268051 0.0141866 0.0070449 0.0106114 0.0106051 0.0325874 
EPI2345064|HA|A/Maine/35/2022|EPI_ISL_16764045|A_/_H1N1                                   0.0457937 0.0195821 0.0287829 0.0195646 0.0251202 0.0232538 0.0268108 0.0232729 0.0269658 0.0269246 0.3237256 0.0269769 0.0268366 0.0268051 0.0000000 0.0269163 0.0196034 0.0195821 0.0195703 0.0457937 
EPI2347151|HA|A/Florida/116/2022|EPI_ISL_16764981|A_/_H1N1                                0.0327250 0.0106544 0.0124411 0.0141887 0.0178066 0.0161081 0.0178304 0.0179534 0.0106567 0.0287220 0.3166047 0.0106602 0.0160924 0.0141866 0.0269163 0.0000000 0.0070732 0.0106544 0.0106481 0.0327250 
H1N1_2022_Consensus_Aligned                                                               0.0252769 0.0035263 0.0088643 0.0070459 0.0106110 0.0106763 0.0106251 0.0106982 0.0070867 0.0213941 0.3069496 0.0070889 0.0106352 0.0070449 0.0196034 0.0070732 0.0000000 0.0035263 0.0035243 0.0252769 
H1N1_2022_Medoid_Aligned|EPI2093894|HA|A/Abu_Dhabi/4277354/2022|EPI_ISL_13894471|A_/_H1N1 0.0290095 0.0000010 0.0106479 0.0106129 0.0105993 0.0106645 0.0106134 0.0106864 0.0106746 0.0250640 0.3096640 0.0106781 0.0106235 0.0106114 0.0195821 0.0106544 0.0035263 0.0000000 0.0035203 0.0290095 
H1N1_2022_Ancestral_Aligned_Node8                                                         0.0289915 0.0035203 0.0124546 0.0106067 0.0070465 0.0070897 0.0070559 0.0071044 0.0106683 0.0250487 0.3114737 0.0106718 0.0070626 0.0106051 0.0195703 0.0106481 0.0035243 0.0035203 0.0000000 0.0289915 
H1N1_2022_COBRA_Aligned                                                                   0.0000010 0.0290095 0.0346298 0.0325926 0.0363572 0.0365886 0.0327418 0.0366593 0.0310108 0.0476409 0.3043465 0.0327995 0.0364421 0.0325874 0.0457937 0.0327250 0.0252769 0.0290095 0.0289915 0.0000000 
