20
EPI1885077|HA|A/Dubai/DH112/2020|EPI_ISL_3376994|A_/_H1N1                               0.0000000 0.0236075 0.0257669 0.0407921 0.0403306 0.0161396 0.0237106 0.0235566 0.0292370 0.0217227 0.0197483 0.0310329 0.0254969 0.0201502 0.0254424 0.0236270 0.0124840 0.0161396 0.0180670 0.0000010 
EPI2248017|HA|A/Yamaguchi/19FS198/2020|EPI_ISL_16196752|A_/_H1N1                        0.0236075 0.0000000 0.0148448 0.0390674 0.0386229 0.0180689 0.0107237 0.0143101 0.0312469 0.0200160 0.0180455 0.0331759 0.0146925 0.0184170 0.0161471 0.0143514 0.0107549 0.0180689 0.0053113 0.0236075 
EPI1746185|HA|A/AKITA/15/2020|EPI_ISL_470819|A_/_H1N1                                   0.0257669 0.0148448 0.0000000 0.0416110 0.0411307 0.0164229 0.0149114 0.0163119 0.0362214 0.0221302 0.0201156 0.0354998 0.0107854 0.0205309 0.0181793 0.0163599 0.0127139 0.0164229 0.0092517 0.0257669 
EPI2650460|HA|A/Saudi_Arabia/39/2020|EPI_ISL_18037990|A_/_H1N1                          0.0407921 0.0390674 0.0416110 0.0000000 0.0108240 0.0308621 0.0392484 0.0389719 0.0534578 0.0330285 0.0308211 0.0472011 0.0411303 0.0354438 0.0410357 0.0391012 0.0268604 0.0308621 0.0330459 0.0407921 
EPI2650473|HA|A/Saudi_Arabia/40/2020|EPI_ISL_18037993|A_/_H1N1                          0.0403306 0.0386229 0.0411307 0.0108240 0.0000000 0.0344037 0.0388003 0.0385301 0.0528389 0.0365749 0.0343589 0.0506547 0.0406608 0.0350397 0.0405690 0.0386558 0.0265617 0.0344037 0.0326728 0.0403306 
EPI1814766|HA|A/Beirut/AUB_1246_N/2020|EPI_ISL_671771|A_/_H1N1                          0.0161396 0.0180689 0.0164229 0.0308621 0.0344037 0.0000000 0.0181484 0.0180309 0.0311518 0.0125789 0.0106931 0.0254801 0.0162557 0.0145911 0.0198928 0.0180839 0.0070988 0.0000010 0.0125844 0.0161396 
EPI1852579|HA|A/Nonthaburi/76/2020|EPI_ISL_1296433|A_/_H1N1                             0.0237106 0.0107237 0.0149114 0.0392484 0.0388003 0.0181484 0.0000000 0.0143727 0.0313848 0.0201046 0.0181249 0.0313407 0.0147582 0.0185003 0.0162179 0.0144144 0.0108025 0.0181484 0.0053346 0.0237106 
EPI1852611|HA|A/Chiang_Rai/68/2020|EPI_ISL_1296437|A_/_H1N1                             0.0235566 0.0143101 0.0163119 0.0389719 0.0385301 0.0180309 0.0143727 0.0000000 0.0350948 0.0199734 0.0180077 0.0331007 0.0161470 0.0183781 0.0161137 0.0143219 0.0107326 0.0180309 0.0088989 0.0235566 
EPI1727956|HA|A/Sweden/17/2020|EPI_ISL_426280|A_/_H1N1                                  0.0292370 0.0312469 0.0362214 0.0534578 0.0528389 0.0311518 0.0313848 0.0350948 0.0000000 0.0332172 0.0311124 0.0387510 0.0358245 0.0298253 0.0370475 0.0334269 0.0236362 0.0311518 0.0256016 0.0292370 
EPI1750234|HA|A/England/200420376/2020|EPI_ISL_480532|A_/_H1N1                          0.0217227 0.0200160 0.0221302 0.0330285 0.0365749 0.0125789 0.0201046 0.0199734 0.0332172 0.0000000 0.0125622 0.0274931 0.0218999 0.0165280 0.0199596 0.0162933 0.0089357 0.0125789 0.0144836 0.0217227 
EPI1754899|HA|A/England/46/2020|EPI_ISL_487070|A_/_H1N1                                 0.0197483 0.0180455 0.0201156 0.0308211 0.0343589 0.0106931 0.0181249 0.0180077 0.0311124 0.0125622 0.0000000 0.0254472 0.0162500 0.0145719 0.0198672 0.0180605 0.0070895 0.0106931 0.0125677 0.0197483 
EPI1729001|HA|A/Arizona/11480/2020|EPI_ISL_427834|A_/_H1N1                              0.0310329 0.0331759 0.0354998 0.0472011 0.0506547 0.0254801 0.0313407 0.0331007 0.0387510 0.0274931 0.0254472 0.0000000 0.0351158 0.0297217 0.0350398 0.0332033 0.0217211 0.0254801 0.0275055 0.0310329 
EPI1717509|HA|A/Arkansas/15/2020|EPI_ISL_416874|A_/_H1N1                                0.0254969 0.0146925 0.0107854 0.0411303 0.0406608 0.0162557 0.0147582 0.0161470 0.0358245 0.0218999 0.0162500 0.0351158 0.0000000 0.0166193 0.0179943 0.0161940 0.0125861 0.0162557 0.0091580 0.0254969 
EPI1717697|HA|A/Mississippi/13/2020|EPI_ISL_416901|A_/_H1N1                             0.0201502 0.0184170 0.0205309 0.0354438 0.0350397 0.0145911 0.0185003 0.0183781 0.0298253 0.0165280 0.0145719 0.0297217 0.0166193 0.0000000 0.0202727 0.0184333 0.0072441 0.0145911 0.0128352 0.0201502 
EPI1870400|HA|A/Michigan/28/2020|EPI_ISL_2521404|A_/_H1N1                               0.0254424 0.0161471 0.0181793 0.0410357 0.0405690 0.0198928 0.0162179 0.0161137 0.0370475 0.0199596 0.0198672 0.0350398 0.0179943 0.0202727 0.0000000 0.0161605 0.0125597 0.0198928 0.0107110 0.0254424 
EPI1725366|HA|A/Maryland/17/2020|EPI_ISL_424687|A_/_H1N1                                0.0236270 0.0143514 0.0163599 0.0391012 0.0386558 0.0180839 0.0144144 0.0143219 0.0334269 0.0162933 0.0180605 0.0332033 0.0161940 0.0184333 0.0161605 0.0000000 0.0107640 0.0180839 0.0089242 0.0236270 
H1N1_2020_Consensus_Aligned                                                             0.0124840 0.0107549 0.0127139 0.0268604 0.0265617 0.0070988 0.0108025 0.0107326 0.0236362 0.0089357 0.0070895 0.0217211 0.0125861 0.0072441 0.0125597 0.0107640 0.0000000 0.0070988 0.0053504 0.0124840 
H1N1_2020_Medoid_Aligned|EPI1814766|HA|A/Beirut/AUB_1246_N/2020|EPI_ISL_671771|A_/_H1N1 0.0161396 0.0180689 0.0164229 0.0308621 0.0344037 0.0000010 0.0181484 0.0180309 0.0311518 0.0125789 0.0106931 0.0254801 0.0162557 0.0145911 0.0198928 0.0180839 0.0070988 0.0000000 0.0125844 0.0161396 
H1N1_2020_Ancestral_Aligned_Node7                                                       0.0180670 0.0053113 0.0092517 0.0330459 0.0326728 0.0125844 0.0053346 0.0088989 0.0256016 0.0144836 0.0125677 0.0275055 0.0091580 0.0128352 0.0107110 0.0089242 0.0053504 0.0125844 0.0000000 0.0180670 
H1N1_2020_COBRA_Aligned                                                                 0.0000010 0.0236075 0.0257669 0.0407921 0.0403306 0.0161396 0.0237106 0.0235566 0.0292370 0.0217227 0.0197483 0.0310329 0.0254969 0.0201502 0.0254424 0.0236270 0.0124840 0.0161396 0.0180670 0.0000000 
