19
EPI342543|HA|A/Oman/1102/2011|EPI_ISL_99154|A_/_H1N1       0.0000000 0.0180508 0.0198369 0.0220750 0.0237491 0.0142897 0.0235612 0.0222516 0.0234896 0.0215809 0.0216768 0.0106653 0.0179885 0.0235388 0.0222030 0.0178874 0.0178597 0.0178804 0.0253348 
EPI346713|HA|A/Kazakhstan/2081/2011|EPI_ISL_99932|A_/_H1N1 0.0180508 0.0000000 0.0199042 0.0126974 0.0144126 0.0179813 0.0236439 0.0223309 0.0235717 0.0106141 0.0254620 0.0254591 0.0180499 0.0236213 0.0222820 0.0216100 0.0179192 0.0216009 0.0216613 
EPI348493|HA|A/SAITAMA/319/2011|EPI_ISL_101369|A_/_H1N1    0.0198369 0.0199042 0.0000000 0.0239750 0.0256394 0.0125204 0.0107007 0.0107520 0.0106690 0.0234356 0.0124837 0.0272478 0.0125673 0.0106911 0.0241075 0.0161217 0.0124778 0.0161156 0.0272105 
EPI349533|HA|A/Taiwan/1018/2011|EPI_ISL_101903|A_/_H1N1    0.0220750 0.0126974 0.0239750 0.0000000 0.0108650 0.0219882 0.0278053 0.0265525 0.0277184 0.0162669 0.0296581 0.0296545 0.0220745 0.0277778 0.0264933 0.0256911 0.0219105 0.0256793 0.0276748 
EPI349537|HA|A/Taiwan/552/2011|EPI_ISL_101907|A_/_H1N1     0.0237491 0.0144126 0.0256394 0.0108650 0.0000000 0.0236565 0.0294506 0.0282401 0.0293590 0.0179506 0.0312902 0.0312863 0.0237489 0.0294215 0.0281777 0.0273348 0.0235734 0.0273220 0.0293133 
EPI349536|HA|A/Taiwan/67/2011|EPI_ISL_101906|A_/_H1N1      0.0142897 0.0179813 0.0125204 0.0219882 0.0236565 0.0000000 0.0161797 0.0162584 0.0161311 0.0214982 0.0143335 0.0215911 0.0107050 0.0161648 0.0221155 0.0106461 0.0106295 0.0106425 0.0252369 
EPI349539|HA|A/Taiwan/1150/2011|EPI_ISL_101909|A_/_H1N1    0.0235612 0.0236439 0.0107007 0.0278053 0.0294506 0.0161797 0.0000000 0.0144100 0.0142977 0.0271749 0.0161324 0.0310338 0.0162411 0.0143275 0.0279474 0.0198046 0.0161240 0.0161872 0.0309913 
EPI355206|HA|A/Sapporo/163/2011|EPI_ISL_104868|A_/_H1N1    0.0222516 0.0223309 0.0107520 0.0265525 0.0282401 0.0162584 0.0144100 0.0000000 0.0143668 0.0259394 0.0162107 0.0298648 0.0163205 0.0143968 0.0266952 0.0199005 0.0162022 0.0198922 0.0298231 
EPI366346|HA|A/Vietnam/108/2011|EPI_ISL_115090|A_/_H1N1    0.0234896 0.0235717 0.0106690 0.0277184 0.0293590 0.0161311 0.0142977 0.0143668 0.0000000 0.0270919 0.0124685 0.0309379 0.0161922 0.0142848 0.0278599 0.0197450 0.0160758 0.0197369 0.0308957 
EPI612851|HA|A/Yamagata/203/2011|EPI_ISL_188961|A_/_H1N1   0.0215809 0.0106141 0.0234356 0.0162669 0.0179506 0.0214982 0.0271749 0.0259394 0.0270919 0.0000000 0.0289846 0.0289812 0.0215804 0.0271486 0.0221833 0.0251152 0.0214241 0.0251040 0.0234311 
EPI346387|HA|A/Stockholm/27/2011|EPI_ISL_99779|A_/_H1N1    0.0216768 0.0254620 0.0124837 0.0296581 0.0312902 0.0143335 0.0161324 0.0162107 0.0124685 0.0289846 0.0000000 0.0291128 0.0180451 0.0161176 0.0259187 0.0179433 0.0179144 0.0179362 0.0289928 
EPI358504|HA|A/ENG/114940161/2011|EPI_ISL_107428|A_/_H1N1  0.0106653 0.0254591 0.0272478 0.0296545 0.0312863 0.0215911 0.0310338 0.0298648 0.0309379 0.0289812 0.0291128 0.0000000 0.0253694 0.0310031 0.0297995 0.0252245 0.0251831 0.0252132 0.0328083 
EPI319615|HA|A/Ukraine/3/2011|EPI_ISL_90800|A_/_H1N1       0.0179885 0.0180499 0.0125673 0.0220745 0.0237489 0.0107050 0.0162411 0.0163205 0.0161922 0.0215804 0.0180451 0.0253694 0.0000000 0.0145866 0.0222025 0.0142951 0.0106688 0.0142898 0.0253348 
EPI334702|HA|A/Slovenia/861/2011|EPI_ISL_95550|A_/_H1N1    0.0235388 0.0236213 0.0106911 0.0277778 0.0294215 0.0161648 0.0143275 0.0143968 0.0142848 0.0271486 0.0161176 0.0310031 0.0145866 0.0000000 0.0279197 0.0197861 0.0125214 0.0197781 0.0309607 
EPI566454|HA|A/Perth/33/2011|EPI_ISL_172959|A_/_H1N1       0.0222030 0.0222820 0.0241075 0.0264933 0.0281777 0.0221155 0.0279474 0.0266952 0.0278599 0.0221833 0.0259187 0.0297995 0.0222025 0.0279197 0.0000000 0.0235124 0.0220371 0.0258156 0.0297579 
EPI349365|HA|A/Florida/36/2011|EPI_ISL_101593|A_/_H1N1     0.0178874 0.0216100 0.0161217 0.0256911 0.0273348 0.0106461 0.0198046 0.0199005 0.0197450 0.0251152 0.0179433 0.0252245 0.0142951 0.0197861 0.0235124 0.0000000 0.0106161 0.0142106 0.0252052 
EPI309803|HA|A/Arizona/01/2011|EPI_ISL_88059|A_/_H1N1      0.0178597 0.0179192 0.0124778 0.0219105 0.0235734 0.0106295 0.0161240 0.0162022 0.0160758 0.0214241 0.0179144 0.0251831 0.0106688 0.0125214 0.0220371 0.0106161 0.0000000 0.0141882 0.0214997 
EPI316342|HA|A/Delaware/06/2011|EPI_ISL_88073|A_/_H1N1     0.0178804 0.0216009 0.0161156 0.0256793 0.0273220 0.0106425 0.0161872 0.0198922 0.0197369 0.0251040 0.0179362 0.0252132 0.0142898 0.0197781 0.0258156 0.0142106 0.0141882 0.0000000 0.0250703 
EPI309946|HA|A/Maine/03/2011|EPI_ISL_88098|A_/_H1N1        0.0253348 0.0216613 0.0272105 0.0276748 0.0293133 0.0252369 0.0309913 0.0298231 0.0308957 0.0234311 0.0289928 0.0328083 0.0253348 0.0309607 0.0297579 0.0252052 0.0214997 0.0250703 0.0000000 
