42
EPI1310932|HA|A/Nakhonratchasima/84/2018|EPI_ISL_329891|A_/_H1N1                 0.0000000 0.0180195 0.0162398 0.0179774 0.0180716 0.0125489 0.0180260 0.0161009 0.0125251 0.0198633 0.0179841 0.0218879 0.0217488 0.0237435 0.0143400 0.0180332 0.0199862 0.0161346 0.0200284 0.0198430 0.0198396 0.0218576 0.0179441 0.0161699 0.0197541 0.0234729 0.0180692 0.0181440 0.0180842 0.0180500 0.0126246 0.0180832 0.0216580 0.0198298 0.0161748 0.0199012 0.0199139 0.0198523 0.0071072 0.0125489 0.0143156 0.0000010 
EPI1310924|HA|A/Bangkok/77/2018|EPI_ISL_329890|A_/_H1N1                          0.0180195 0.0000000 0.0235647 0.0252823 0.0254148 0.0198091 0.0270930 0.0214977 0.0197728 0.0272049 0.0215378 0.0331390 0.0215761 0.0292615 0.0216085 0.0253619 0.0216907 0.0178371 0.0236207 0.0215362 0.0271730 0.0160920 0.0214890 0.0197242 0.0214401 0.0308283 0.0254140 0.0255166 0.0254324 0.0253848 0.0199328 0.0254314 0.0290072 0.0271615 0.0234692 0.0272596 0.0272762 0.0215461 0.0142816 0.0198091 0.0070680 0.0180195 
EPI1610325|HA|A/IBARAKI/38/2018|EPI_ISL_395548|A_/_H1N1                          0.0162398 0.0235647 0.0000000 0.0198829 0.0199876 0.0106983 0.0216962 0.0179865 0.0143916 0.0179642 0.0198903 0.0276470 0.0236913 0.0218035 0.0162198 0.0199451 0.0219233 0.0180246 0.0219696 0.0217654 0.0179427 0.0238093 0.0198453 0.0180641 0.0216672 0.0235062 0.0199854 0.0200680 0.0181835 0.0199636 0.0181459 0.0200005 0.0235917 0.0217507 0.0180696 0.0200108 0.0218433 0.0217755 0.0089314 0.0106983 0.0161922 0.0162398 
EPI1610338|HA|A/YOKOHAMA/155/2018|EPI_ISL_395558|A_/_H1N1                        0.0179774 0.0252823 0.0198829 0.0000000 0.0107038 0.0161612 0.0234167 0.0160865 0.0161310 0.0235141 0.0216181 0.0180943 0.0217303 0.0274444 0.0179556 0.0142798 0.0199687 0.0124906 0.0237107 0.0198258 0.0234862 0.0255434 0.0215689 0.0197970 0.0197371 0.0196620 0.0143077 0.0218103 0.0217384 0.0106909 0.0198861 0.0217374 0.0142551 0.0197901 0.0198029 0.0235601 0.0198740 0.0198351 0.0106783 0.0161612 0.0179251 0.0179774 
EPI1610341|HA|A/YOKOHAMA/137/2018|EPI_ISL_395561|A_/_H1N1                        0.0180716 0.0254148 0.0199876 0.0107038 0.0000000 0.0162459 0.0235392 0.0161704 0.0162154 0.0199504 0.0180623 0.0145137 0.0218448 0.0257184 0.0180496 0.0107366 0.0200743 0.0162044 0.0238363 0.0199299 0.0199264 0.0218381 0.0216816 0.0161546 0.0198402 0.0161300 0.0107573 0.0219256 0.0218529 0.0107468 0.0199908 0.0218519 0.0107179 0.0199165 0.0199067 0.0236841 0.0200014 0.0199393 0.0107342 0.0162459 0.0180188 0.0180716 
EPI1485000|HA|A/Laos/F3512/2018|EPI_ISL_363494|A_/_H1N1                          0.0125489 0.0198091 0.0106983 0.0161612 0.0162459 0.0000000 0.0142718 0.0142959 0.0107226 0.0128920 0.0161672 0.0238003 0.0199135 0.0180494 0.0125331 0.0162112 0.0181484 0.0143255 0.0181869 0.0180186 0.0142612 0.0200140 0.0161317 0.0143569 0.0179381 0.0216433 0.0162433 0.0163109 0.0162572 0.0125337 0.0144216 0.0125567 0.0198305 0.0180067 0.0106963 0.0143580 0.0180832 0.0180271 0.0053243 0.0000010 0.0125119 0.0125489 
EPI1315937|HA|A/Qatar/10-vi-18-0040450/2018|EPI_ISL_330795|A_/_H1N1              0.0180260 0.0270930 0.0216962 0.0234167 0.0235392 0.0142718 0.0000000 0.0215095 0.0179289 0.0217005 0.0234253 0.0256036 0.0272397 0.0292792 0.0197569 0.0197464 0.0236007 0.0179027 0.0255400 0.0253041 0.0252978 0.0273723 0.0233715 0.0216023 0.0251900 0.0289430 0.0235379 0.0236334 0.0235555 0.0197582 0.0216995 0.0197943 0.0271255 0.0252867 0.0178846 0.0178867 0.0253935 0.0253155 0.0124638 0.0142718 0.0197233 0.0180260 
EPI1319054|HA|A/TOCHIGI/18139/2018|EPI_ISL_331254|A_/_H1N1                       0.0161009 0.0214977 0.0179865 0.0160865 0.0161704 0.0142959 0.0215095 0.0000000 0.0142691 0.0215989 0.0197193 0.0236887 0.0124973 0.0217457 0.0124507 0.0197732 0.0107378 0.0106454 0.0217781 0.0106627 0.0215732 0.0236014 0.0196751 0.0179092 0.0106160 0.0251965 0.0198128 0.0198939 0.0198286 0.0161511 0.0179896 0.0125273 0.0197387 0.0215630 0.0179146 0.0216404 0.0216540 0.0106679 0.0088560 0.0142959 0.0160541 0.0161009 
EPI1488183|HA|A/Laos/2581/2018|EPI_ISL_364102|A_/_H1N1                           0.0125251 0.0197728 0.0143916 0.0161310 0.0162154 0.0107226 0.0179289 0.0142691 0.0000000 0.0143550 0.0161371 0.0237568 0.0198767 0.0181477 0.0125093 0.0161808 0.0181146 0.0142986 0.0181529 0.0179852 0.0179825 0.0199769 0.0161016 0.0143299 0.0179050 0.0216039 0.0162128 0.0162802 0.0162267 0.0143709 0.0143943 0.0162258 0.0197941 0.0179733 0.0143343 0.0180379 0.0180495 0.0179937 0.0053139 0.0107226 0.0124882 0.0125251 
EPI1328963|HA|A/Oman/6053/2018|EPI_ISL_332857|A_/_H1N1                           0.0198633 0.0272049 0.0179642 0.0235141 0.0199504 0.0128920 0.0217005 0.0215989 0.0143550 0.0000000 0.0161894 0.0275913 0.0273528 0.0180598 0.0198395 0.0199081 0.0255934 0.0216452 0.0256469 0.0254092 0.0142807 0.0274865 0.0234684 0.0216925 0.0235154 0.0253672 0.0199482 0.0237326 0.0236540 0.0236096 0.0217904 0.0236530 0.0235465 0.0180313 0.0216989 0.0254835 0.0181080 0.0254207 0.0125164 0.0128920 0.0198057 0.0198633 
EPI1329687|HA|A/Abu_Dhabi/105/2018|EPI_ISL_333020|A_/_H1N1                       0.0179841 0.0215378 0.0198903 0.0216181 0.0180623 0.0161672 0.0234253 0.0197193 0.0161371 0.0161894 0.0000000 0.0256488 0.0216516 0.0237136 0.0179623 0.0180239 0.0198965 0.0160630 0.0199383 0.0197546 0.0125250 0.0217595 0.0178644 0.0160980 0.0178984 0.0234620 0.0143873 0.0218184 0.0217464 0.0217055 0.0198935 0.0217454 0.0216476 0.0125179 0.0198102 0.0219378 0.0125710 0.0197638 0.0106824 0.0161672 0.0142521 0.0179841 
EPI1334069|HA|A/Oman/4852/2018|EPI_ISL_333658|A_/_H1N1                           0.0218879 0.0331390 0.0276470 0.0180943 0.0145137 0.0238003 0.0256036 0.0236887 0.0237568 0.0275913 0.0256488 0.0000000 0.0295459 0.0354510 0.0256306 0.0144251 0.0277685 0.0237406 0.0316189 0.0275662 0.0275584 0.0334858 0.0293178 0.0275246 0.0274396 0.0236264 0.0181873 0.0296544 0.0295550 0.0181678 0.0276503 0.0295541 0.0181189 0.0257830 0.0275326 0.0275345 0.0276647 0.0275786 0.0181466 0.0238003 0.0255861 0.0218879 
EPI1190108|HA|A/KANAGAWA/AC1718/2018|EPI_ISL_301756|A_/_H1N1                     0.0217488 0.0215761 0.0236913 0.0217303 0.0218448 0.0199135 0.0272397 0.0124973 0.0198767 0.0273528 0.0216516 0.0295459 0.0000000 0.0275442 0.0180189 0.0254989 0.0126081 0.0124990 0.0237479 0.0125194 0.0273205 0.0237263 0.0216022 0.0198276 0.0124641 0.0309979 0.0255516 0.0256553 0.0255701 0.0218187 0.0236946 0.0218151 0.0254537 0.0273090 0.0235947 0.0274082 0.0274250 0.0125256 0.0143547 0.0199135 0.0161115 0.0217488 
EPI1370197|HA|A/Bursa/1874/2018|EPI_ISL_341340|A_/_H1N1                          0.0237435 0.0292615 0.0218035 0.0274444 0.0257184 0.0180494 0.0292792 0.0217457 0.0181477 0.0180598 0.0237136 0.0354510 0.0275442 0.0000000 0.0199226 0.0275322 0.0257720 0.0217927 0.0296528 0.0255852 0.0217192 0.0315136 0.0273890 0.0255987 0.0236769 0.0330729 0.0275900 0.0277019 0.0276093 0.0275572 0.0257154 0.0276083 0.0312281 0.0255990 0.0256063 0.0294618 0.0257085 0.0238270 0.0162743 0.0180494 0.0236745 0.0237435 
EPI1370195|HA|A/Istanbul/1683/2018|EPI_ISL_341339|A_/_H1N1                       0.0143400 0.0216085 0.0162198 0.0179556 0.0180496 0.0125331 0.0197569 0.0124507 0.0125093 0.0198395 0.0179623 0.0256306 0.0180189 0.0199226 0.0000000 0.0180113 0.0162572 0.0161149 0.0200042 0.0161413 0.0198158 0.0218316 0.0179224 0.0161501 0.0160696 0.0234455 0.0180472 0.0181218 0.0180622 0.0180281 0.0162228 0.0143823 0.0216324 0.0198060 0.0161550 0.0198773 0.0198900 0.0161490 0.0070980 0.0125331 0.0142979 0.0143400 
EPI1420279|HA|A/Philippines/71/2018|EPI_ISL_351747|A_/_H1N1                      0.0180332 0.0253619 0.0199451 0.0142798 0.0107366 0.0162112 0.0197464 0.0197732 0.0161808 0.0199081 0.0180239 0.0144251 0.0254989 0.0275322 0.0180113 0.0000000 0.0237360 0.0198153 0.0237859 0.0235653 0.0198842 0.0256246 0.0216361 0.0198586 0.0234589 0.0160958 0.0107340 0.0218791 0.0218067 0.0143371 0.0199483 0.0218057 0.0142988 0.0198743 0.0179799 0.0198666 0.0199589 0.0235761 0.0107109 0.0162112 0.0179806 0.0180332 
EPI1433940|HA|A/Laos/2649/2018|EPI_ISL_354342|A_/_H1N1                           0.0199862 0.0216907 0.0219233 0.0199687 0.0200743 0.0181484 0.0236007 0.0107378 0.0181146 0.0255934 0.0198965 0.0277685 0.0126081 0.0257720 0.0162572 0.0237360 0.0000000 0.0107391 0.0219762 0.0107568 0.0255629 0.0238162 0.0198515 0.0180700 0.0107091 0.0292471 0.0237850 0.0238824 0.0238029 0.0200502 0.0219266 0.0200469 0.0236939 0.0255516 0.0218339 0.0256447 0.0256606 0.0107622 0.0125916 0.0181484 0.0161975 0.0199862 
EPI1281616|HA|A/Chiang_Rai/11/2018|EPI_ISL_322757|A_/_H1N1                       0.0161346 0.0178371 0.0180246 0.0124906 0.0162044 0.0143255 0.0179027 0.0106454 0.0142986 0.0216452 0.0160630 0.0237406 0.0124990 0.0217927 0.0161149 0.0198153 0.0107391 0.0000000 0.0180684 0.0106640 0.0216195 0.0198837 0.0160279 0.0142643 0.0106173 0.0252512 0.0198550 0.0199365 0.0198710 0.0161850 0.0180277 0.0198699 0.0197807 0.0179407 0.0179524 0.0216869 0.0180167 0.0106693 0.0088739 0.0143255 0.0124313 0.0161346 
EPI1297216|HA|A/Philippines/21/2018|EPI_ISL_326761|A_/_H1N1                      0.0200284 0.0236207 0.0219696 0.0237107 0.0238363 0.0181869 0.0255400 0.0217781 0.0181529 0.0256469 0.0199383 0.0316189 0.0237479 0.0296528 0.0200042 0.0237859 0.0219762 0.0180684 0.0000000 0.0200667 0.0256164 0.0238664 0.0198931 0.0181081 0.0217190 0.0293078 0.0238351 0.0200906 0.0200240 0.0238078 0.0181663 0.0223046 0.0163072 0.0256050 0.0203196 0.0256985 0.0257145 0.0218278 0.0126175 0.0181869 0.0162318 0.0200284 
EPI1319848|HA|A/Cardiff/6185/2018|EPI_ISL_331387|A_/_H1N1                        0.0198430 0.0215362 0.0217654 0.0198258 0.0199299 0.0180186 0.0253041 0.0106627 0.0179852 0.0254092 0.0197546 0.0275662 0.0125194 0.0255852 0.0161413 0.0235653 0.0107568 0.0106640 0.0200667 0.0000000 0.0253792 0.0236444 0.0197103 0.0179412 0.0106345 0.0290369 0.0236135 0.0237096 0.0236312 0.0199061 0.0217687 0.0199029 0.0217864 0.0253680 0.0216774 0.0254597 0.0216865 0.0106857 0.0125022 0.0180186 0.0160825 0.0198430 
EPI1355904|HA|A/England/593/2018|EPI_ISL_338409|A_/_H1N1                         0.0198396 0.0271730 0.0179427 0.0234862 0.0199264 0.0142612 0.0252978 0.0215732 0.0179825 0.0142807 0.0125250 0.0275584 0.0273205 0.0217192 0.0198158 0.0198842 0.0255629 0.0216195 0.0256164 0.0253792 0.0000000 0.0274539 0.0234407 0.0216666 0.0234875 0.0253373 0.0199243 0.0237042 0.0236259 0.0235815 0.0217644 0.0236248 0.0235185 0.0143488 0.0216731 0.0238323 0.0144097 0.0253906 0.0125013 0.0142612 0.0197820 0.0198396 
EPI1215686|HA|A/Sweden/15/2018|EPI_ISL_307076|A_/_H1N1                           0.0218576 0.0160920 0.0238093 0.0255434 0.0218381 0.0200140 0.0273723 0.0236014 0.0199769 0.0274865 0.0217595 0.0334858 0.0237263 0.0315136 0.0218316 0.0256246 0.0238162 0.0198837 0.0238664 0.0236444 0.0274539 0.0000000 0.0217096 0.0161774 0.0235373 0.0311465 0.0256779 0.0257825 0.0256965 0.0256480 0.0238126 0.0256955 0.0293071 0.0274423 0.0237118 0.0275424 0.0275593 0.0236552 0.0144287 0.0200140 0.0088717 0.0218576 
EPI1538381|HA|A/England/7518/2018|EPI_ISL_376401|A_/_H1N1                        0.0179441 0.0214890 0.0198453 0.0215689 0.0216816 0.0161317 0.0233715 0.0196751 0.0161016 0.0234684 0.0178644 0.0293178 0.0216022 0.0273890 0.0179224 0.0216361 0.0198515 0.0160279 0.0198931 0.0197103 0.0234407 0.0217096 0.0000000 0.0160627 0.0196226 0.0197757 0.0216799 0.0217683 0.0216967 0.0216560 0.0198485 0.0216956 0.0236060 0.0234299 0.0197656 0.0235142 0.0235289 0.0197195 0.0106608 0.0161317 0.0142214 0.0179441 
EPI1259039|HA|A/Switzerland/6244/2018|EPI_ISL_315739|A_/_H1N1                    0.0161699 0.0197242 0.0180641 0.0197970 0.0161546 0.0143569 0.0216023 0.0179092 0.0143299 0.0216925 0.0160980 0.0275246 0.0198276 0.0255987 0.0161501 0.0198586 0.0180700 0.0142643 0.0181081 0.0179412 0.0216666 0.0161774 0.0160627 0.0000000 0.0178614 0.0253061 0.0198986 0.0199804 0.0199145 0.0198770 0.0180672 0.0181237 0.0234891 0.0216563 0.0179916 0.0217344 0.0217481 0.0179497 0.0088933 0.0143569 0.0124584 0.0161699 
EPI1242922|HA|A/Perth/14/2018|EPI_ISL_312217|A_/_H1N1                            0.0197541 0.0214401 0.0216672 0.0197371 0.0198402 0.0179381 0.0251900 0.0106160 0.0179050 0.0235154 0.0178984 0.0274396 0.0124641 0.0236769 0.0160696 0.0234589 0.0107091 0.0106173 0.0217190 0.0106345 0.0234875 0.0235373 0.0196226 0.0178614 0.0000000 0.0289051 0.0235066 0.0236019 0.0235242 0.0198167 0.0216705 0.0198134 0.0234178 0.0234768 0.0215800 0.0253442 0.0235761 0.0106398 0.0124471 0.0179381 0.0160114 0.0197541 
EPI1319381|HA|A/Victoria/22/2018|EPI_ISL_331301|A_/_H1N1                         0.0234729 0.0308283 0.0235062 0.0196620 0.0161300 0.0216433 0.0289430 0.0251965 0.0216039 0.0253672 0.0234620 0.0236264 0.0309979 0.0330729 0.0234455 0.0160958 0.0292471 0.0252512 0.0293078 0.0290369 0.0253373 0.0311465 0.0197757 0.0253061 0.0289051 0.0000000 0.0161274 0.0273814 0.0272910 0.0197409 0.0254201 0.0272900 0.0196885 0.0253261 0.0253135 0.0291213 0.0254333 0.0290496 0.0160921 0.0216433 0.0234055 0.0234729 
EPI1279569|HA|A/Townsville/11/2018|EPI_ISL_322323|A_/_H1N1                       0.0180692 0.0254140 0.0199854 0.0143077 0.0107573 0.0162433 0.0235379 0.0198128 0.0162128 0.0199482 0.0143873 0.0181873 0.0255516 0.0275900 0.0180472 0.0107340 0.0237850 0.0198550 0.0238351 0.0236135 0.0199243 0.0256779 0.0216799 0.0198986 0.0235066 0.0161274 0.0000000 0.0219239 0.0218512 0.0143652 0.0199887 0.0218502 0.0143267 0.0199144 0.0199046 0.0236829 0.0199993 0.0236243 0.0107316 0.0162433 0.0180164 0.0180692 
EPI1358907|HA|A/Newcastle/85/2018|EPI_ISL_339051|A_/_H1N1                        0.0181440 0.0255166 0.0200680 0.0218103 0.0219256 0.0163109 0.0236334 0.0198939 0.0162802 0.0237326 0.0218184 0.0296544 0.0256553 0.0277019 0.0181218 0.0218791 0.0238824 0.0199365 0.0200906 0.0237096 0.0237042 0.0257825 0.0217683 0.0199804 0.0236019 0.0273814 0.0219239 0.0000000 0.0181397 0.0218994 0.0162922 0.0219399 0.0255469 0.0236933 0.0199864 0.0237795 0.0237945 0.0237205 0.0107770 0.0163109 0.0180907 0.0181440 
EPI1359575|HA|A/Victoria/2162/2018|EPI_ISL_339231|A_/_H1N1                       0.0180842 0.0254324 0.0181835 0.0217384 0.0218529 0.0162572 0.0235555 0.0198286 0.0162267 0.0236540 0.0217464 0.0295550 0.0255701 0.0276093 0.0180622 0.0218067 0.0238029 0.0198710 0.0200240 0.0236312 0.0236259 0.0256965 0.0216967 0.0199145 0.0235242 0.0272910 0.0218512 0.0181397 0.0000000 0.0218269 0.0125062 0.0218672 0.0254624 0.0236150 0.0199205 0.0199796 0.0199326 0.0236420 0.0107416 0.0162572 0.0180313 0.0180842 
EPI1359563|HA|A/Victoria/2128/2018|EPI_ISL_339227|A_/_H1N1                       0.0180500 0.0253848 0.0199636 0.0106909 0.0107468 0.0125337 0.0197582 0.0161511 0.0143709 0.0236096 0.0217055 0.0181678 0.0218187 0.0275572 0.0180281 0.0143371 0.0200502 0.0161850 0.0238078 0.0199061 0.0235815 0.0256480 0.0216560 0.0198770 0.0198167 0.0197409 0.0143652 0.0218994 0.0218269 0.0000000 0.0199669 0.0180623 0.0143122 0.0235707 0.0161559 0.0161971 0.0236708 0.0199155 0.0107212 0.0125337 0.0179973 0.0180500 
EPI1359668|HA|A/South_Australia/221/2018|EPI_ISL_339263|A_/_H1N1                 0.0126246 0.0199328 0.0181459 0.0198861 0.0199908 0.0144216 0.0216995 0.0179896 0.0143943 0.0217904 0.0198935 0.0276503 0.0236946 0.0257154 0.0162228 0.0199483 0.0219266 0.0180277 0.0181663 0.0217687 0.0217644 0.0238126 0.0198485 0.0180672 0.0216705 0.0254201 0.0199887 0.0162922 0.0125062 0.0199669 0.0000000 0.0200037 0.0235951 0.0217540 0.0180727 0.0218327 0.0218466 0.0217788 0.0089333 0.0144216 0.0161951 0.0126246 
EPI1283244|HA|A/Brisbane/121/2018|EPI_ISL_323091|A_/_H1N1                        0.0180832 0.0254314 0.0200005 0.0217374 0.0218519 0.0125567 0.0197943 0.0125273 0.0162258 0.0236530 0.0217454 0.0295541 0.0218151 0.0276083 0.0143823 0.0218057 0.0200469 0.0198699 0.0223046 0.0199029 0.0236248 0.0256955 0.0216956 0.0181237 0.0198134 0.0272900 0.0218502 0.0219399 0.0218672 0.0180623 0.0200037 0.0000000 0.0239456 0.0236140 0.0125152 0.0199152 0.0237145 0.0199122 0.0107409 0.0125567 0.0180303 0.0180832 
EPI1297237|HA|A/Sydney/131/2018|EPI_ISL_326768|A_/_H1N1                          0.0216580 0.0290072 0.0235917 0.0142551 0.0107179 0.0198305 0.0271255 0.0197387 0.0197941 0.0235465 0.0216476 0.0181189 0.0254537 0.0312281 0.0216324 0.0142988 0.0236939 0.0197807 0.0163072 0.0217864 0.0235185 0.0293071 0.0236060 0.0234891 0.0234178 0.0196885 0.0143267 0.0255469 0.0254624 0.0143122 0.0235951 0.0239456 0.0000000 0.0235077 0.0219677 0.0272926 0.0236074 0.0235345 0.0142956 0.0198305 0.0215954 0.0216580 
EPI1324183|HA|A/Florida/103/2018|EPI_ISL_332014|A_/_H1N1                         0.0198298 0.0271615 0.0217507 0.0197901 0.0199165 0.0180067 0.0252867 0.0215630 0.0179733 0.0180313 0.0125179 0.0257830 0.0273090 0.0255990 0.0198060 0.0198743 0.0255516 0.0179407 0.0256050 0.0253680 0.0143488 0.0274423 0.0234299 0.0216563 0.0234768 0.0253261 0.0199144 0.0236933 0.0236150 0.0235707 0.0217540 0.0236140 0.0235077 0.0000000 0.0216627 0.0238213 0.0107599 0.0253794 0.0124942 0.0180067 0.0197722 0.0198298 
EPI1343776|HA|A/Iowa/73/2018|EPI_ISL_335744|A_/_H1N1                             0.0161748 0.0234692 0.0180696 0.0198029 0.0199067 0.0106963 0.0178846 0.0179146 0.0143343 0.0216989 0.0198102 0.0275326 0.0235947 0.0256063 0.0161550 0.0179799 0.0218339 0.0179524 0.0203196 0.0216774 0.0216731 0.0237118 0.0197656 0.0179916 0.0215800 0.0253135 0.0199046 0.0199864 0.0199205 0.0161559 0.0180727 0.0125152 0.0219677 0.0216627 0.0000000 0.0179931 0.0217546 0.0216874 0.0088961 0.0106963 0.0161275 0.0161748 
EPI1349486|HA|A/Florida/126/2018|EPI_ISL_336628|A_/_H1N1                         0.0199012 0.0272596 0.0200108 0.0235601 0.0236841 0.0143580 0.0178867 0.0216404 0.0180379 0.0254835 0.0219378 0.0275345 0.0274082 0.0294618 0.0198773 0.0198666 0.0256447 0.0216869 0.0256985 0.0254597 0.0238323 0.0275424 0.0235142 0.0217344 0.0253442 0.0291213 0.0236829 0.0237795 0.0199796 0.0161971 0.0218327 0.0199152 0.0272926 0.0238213 0.0179931 0.0000000 0.0239235 0.0254712 0.0125388 0.0143580 0.0198433 0.0199012 
EPI1357354|HA|A/Michigan/419/2018|EPI_ISL_338675|A_/_H1N1                        0.0199139 0.0272762 0.0218433 0.0198740 0.0200014 0.0180832 0.0253935 0.0216540 0.0180495 0.0181080 0.0125710 0.0276647 0.0274250 0.0257085 0.0198900 0.0199589 0.0256606 0.0180167 0.0257145 0.0216865 0.0144097 0.0275593 0.0235289 0.0217481 0.0235761 0.0254333 0.0199993 0.0237945 0.0199326 0.0236708 0.0218466 0.0237145 0.0236074 0.0107599 0.0217546 0.0239235 0.0000000 0.0254870 0.0125471 0.0180832 0.0198559 0.0199139 
EPI1214251|HA|A/Alaska/19/2018|EPI_ISL_306776|A_/_H1N1                           0.0198523 0.0215461 0.0217755 0.0198351 0.0199393 0.0180271 0.0253155 0.0106679 0.0179937 0.0254207 0.0197638 0.0275786 0.0125256 0.0238270 0.0161490 0.0235761 0.0107622 0.0106693 0.0218278 0.0106857 0.0253906 0.0236552 0.0197195 0.0179497 0.0106398 0.0290496 0.0236243 0.0237205 0.0236420 0.0199155 0.0217788 0.0199122 0.0235345 0.0253794 0.0216874 0.0254712 0.0254870 0.0000000 0.0125083 0.0180271 0.0160902 0.0198523 
H1N1_2018_Consensus_Aligned                                                      0.0071072 0.0142816 0.0089314 0.0106783 0.0107342 0.0053243 0.0124638 0.0088560 0.0053139 0.0125164 0.0106824 0.0181466 0.0143547 0.0162743 0.0070980 0.0107109 0.0125916 0.0088739 0.0126175 0.0125022 0.0125013 0.0144287 0.0106608 0.0088933 0.0124471 0.0160921 0.0107316 0.0107770 0.0107416 0.0107212 0.0089333 0.0107409 0.0142956 0.0124942 0.0088961 0.0125388 0.0125471 0.0125083 0.0000000 0.0053243 0.0070860 0.0071072 
H1N1_2018_Medoid_Aligned|EPI1485000|HA|A/Laos/F3512/2018|EPI_ISL_363494|A_/_H1N1 0.0125489 0.0198091 0.0106983 0.0161612 0.0162459 0.0000010 0.0142718 0.0142959 0.0107226 0.0128920 0.0161672 0.0238003 0.0199135 0.0180494 0.0125331 0.0162112 0.0181484 0.0143255 0.0181869 0.0180186 0.0142612 0.0200140 0.0161317 0.0143569 0.0179381 0.0216433 0.0162433 0.0163109 0.0162572 0.0125337 0.0144216 0.0125567 0.0198305 0.0180067 0.0106963 0.0143580 0.0180832 0.0180271 0.0053243 0.0000000 0.0125119 0.0125489 
H1N1_2018_Ancestral_Aligned_Node9                                                0.0143156 0.0070680 0.0161922 0.0179251 0.0180188 0.0125119 0.0197233 0.0160541 0.0124882 0.0198057 0.0142521 0.0255861 0.0161115 0.0236745 0.0142979 0.0179806 0.0161975 0.0124313 0.0162318 0.0160825 0.0197820 0.0088717 0.0142214 0.0124584 0.0160114 0.0234055 0.0180164 0.0180907 0.0180313 0.0179973 0.0161951 0.0180303 0.0215954 0.0197722 0.0161275 0.0198433 0.0198559 0.0160902 0.0070860 0.0125119 0.0000000 0.0143156 
H1N1_2018_COBRA_Aligned                                                          0.0000010 0.0180195 0.0162398 0.0179774 0.0180716 0.0125489 0.0180260 0.0161009 0.0125251 0.0198633 0.0179841 0.0218879 0.0217488 0.0237435 0.0143400 0.0180332 0.0199862 0.0161346 0.0200284 0.0198430 0.0198396 0.0218576 0.0179441 0.0161699 0.0197541 0.0234729 0.0180692 0.0181440 0.0180842 0.0180500 0.0126246 0.0180832 0.0216580 0.0198298 0.0161748 0.0199012 0.0199139 0.0198523 0.0071072 0.0125489 0.0143156 0.0000000 
