34
EPI994076|HA|A/Maldives/01/2017|EPI_ISL_262692|A_/_H1N1                          0.0000000 0.0124732 0.0125366 0.0143322 0.0199852 0.0161613 0.0143433 0.0161269 0.0106050 0.0106445 0.0142897 0.0128189 0.0125595 0.0276928 0.0125393 0.0160616 0.0106539 0.0124108 0.0179654 0.0143187 0.0216741 0.0142608 0.0124218 0.0178617 0.0161656 0.0180234 0.0178765 0.0106496 0.0166038 0.0161563 0.0070799 0.0124732 0.0106780 0.0000010 
EPI1160053|HA|A/Amasya/576/2017|EPI_ISL_295534|A_/_H1N1                          0.0124732 0.0000000 0.0107266 0.0107646 0.0162482 0.0107377 0.0107201 0.0107145 0.0160305 0.0160915 0.0124815 0.0184430 0.0107461 0.0182424 0.0180551 0.0142519 0.0161063 0.0178671 0.0125331 0.0125069 0.0162014 0.0197598 0.0106289 0.0124624 0.0143442 0.0125739 0.0124719 0.0160993 0.0110401 0.0217093 0.0053010 0.0000010 0.0017586 0.0124732 
EPI1160074|HA|A/Amasya/622/2017|EPI_ISL_295542|A_/_H1N1                          0.0125366 0.0107266 0.0000000 0.0126171 0.0199942 0.0144139 0.0143906 0.0143829 0.0161127 0.0161743 0.0125449 0.0185413 0.0108007 0.0259380 0.0181494 0.0143246 0.0161893 0.0179594 0.0162234 0.0125706 0.0181268 0.0198630 0.0106823 0.0161300 0.0126177 0.0144700 0.0143518 0.0143864 0.0129676 0.0200087 0.0053272 0.0107266 0.0089275 0.0125366 
EPI1160065|HA|A/Giresun/612/2017|EPI_ISL_295539|A_/_H1N1                         0.0143322 0.0107646 0.0126171 0.0000000 0.0219859 0.0163430 0.0145039 0.0163079 0.0179075 0.0179763 0.0164300 0.0203949 0.0163569 0.0260409 0.0199698 0.0198823 0.0179931 0.0197601 0.0181682 0.0181284 0.0219216 0.0216733 0.0161739 0.0180620 0.0200122 0.0182275 0.0180772 0.0179851 0.0167953 0.0236477 0.0107564 0.0107646 0.0089578 0.0143322 
EPI1319384|HA|A/Malaysia/RP0351/2017|EPI_ISL_331302|A_/_H1N1                     0.0199852 0.0162482 0.0199942 0.0219859 0.0000000 0.0200145 0.0162703 0.0199719 0.0253434 0.0254437 0.0217520 0.0280959 0.0200320 0.0318127 0.0237786 0.0198250 0.0254685 0.0272400 0.0181146 0.0217956 0.0256228 0.0272976 0.0198060 0.0199781 0.0236944 0.0219154 0.0217343 0.0254562 0.0205579 0.0312642 0.0143719 0.0162482 0.0144249 0.0199852 
EPI1175790|HA|A/Maldives/1499/2017|EPI_ISL_298530|A_/_H1N1                       0.0161613 0.0107377 0.0144139 0.0163430 0.0200145 0.0000000 0.0144053 0.0143976 0.0197428 0.0198192 0.0161722 0.0222949 0.0144405 0.0259644 0.0218356 0.0179523 0.0198379 0.0216053 0.0125426 0.0162049 0.0199564 0.0235321 0.0142807 0.0144057 0.0180690 0.0162927 0.0161594 0.0198289 0.0129275 0.0255243 0.0089043 0.0107377 0.0089367 0.0161613 
EPI1179980|HA|A/Abu_Dhabi/031/2017|EPI_ISL_299792|A_/_H1N1                       0.0143433 0.0107201 0.0143906 0.0145039 0.0162703 0.0144053 0.0000000 0.0143744 0.0179214 0.0179903 0.0161464 0.0204112 0.0144172 0.0259241 0.0199855 0.0142706 0.0180071 0.0197755 0.0162139 0.0161791 0.0199250 0.0198178 0.0142578 0.0143806 0.0180404 0.0162666 0.0161337 0.0179991 0.0148051 0.0236662 0.0088896 0.0107201 0.0089219 0.0143433 
EPI1188319|HA|A/Jordan/1975/2017|EPI_ISL_301339|A_/_H1N1                         0.0161269 0.0107145 0.0143829 0.0163079 0.0199719 0.0143976 0.0143744 0.0000000 0.0197014 0.0197775 0.0161378 0.0222470 0.0144095 0.0259093 0.0217895 0.0179144 0.0197960 0.0215601 0.0162052 0.0161704 0.0199140 0.0234830 0.0142503 0.0161120 0.0180306 0.0162578 0.0161251 0.0197871 0.0147970 0.0238048 0.0088850 0.0107145 0.0089173 0.0161269 
EPI1640769|HA|A/Vietnam/BM7/2017|EPI_ISL_400700|A_/_H1N1                         0.0106050 0.0160305 0.0161127 0.0179075 0.0253434 0.0197428 0.0179214 0.0197014 0.0000000 0.0106349 0.0178549 0.0164651 0.0161424 0.0313612 0.0161164 0.0196214 0.0142007 0.0159505 0.0215471 0.0178906 0.0216534 0.0142477 0.0159643 0.0214212 0.0197479 0.0216161 0.0214399 0.0141947 0.0202720 0.0197372 0.0106188 0.0160305 0.0142323 0.0106050 
EPI1024961|HA|A/Laos/0157/2017|EPI_ISL_269928|A_/_H1N1                           0.0106445 0.0160915 0.0161743 0.0179763 0.0254437 0.0198192 0.0179903 0.0197775 0.0106349 0.0000000 0.0179233 0.0165293 0.0162043 0.0296397 0.0161781 0.0196969 0.0106243 0.0160108 0.0216309 0.0164504 0.0217381 0.0178858 0.0160248 0.0215039 0.0198243 0.0217004 0.0215228 0.0142482 0.0203524 0.0198135 0.0106583 0.0160915 0.0142861 0.0106445 
EPI1195616|HA|A/Taiwan/1407/2017|EPI_ISL_302868|A_/_H1N1                         0.0142897 0.0124815 0.0125449 0.0164300 0.0217520 0.0161722 0.0161464 0.0161378 0.0178549 0.0179233 0.0000000 0.0203332 0.0108719 0.0277126 0.0199104 0.0124626 0.0179399 0.0197020 0.0179776 0.0107131 0.0216891 0.0216094 0.0124300 0.0178737 0.0161765 0.0180356 0.0178886 0.0179320 0.0166153 0.0235777 0.0070844 0.0124815 0.0106850 0.0142897 
EPI1039873|HA|A/Philippines/0287/2017|EPI_ISL_273799|A_/_H1N1                    0.0128189 0.0184430 0.0185413 0.0203949 0.0280959 0.0222949 0.0204112 0.0222470 0.0164651 0.0165293 0.0203332 0.0000000 0.0185768 0.0343574 0.0185458 0.0221536 0.0165449 0.0164461 0.0241581 0.0203749 0.0280122 0.0202888 0.0183642 0.0201797 0.0223006 0.0242375 0.0240336 0.0147324 0.0181118 0.0222887 0.0128360 0.0184430 0.0165827 0.0128189 
EPI1044642|HA|A/Philippines/5/2017|EPI_ISL_274907|A_/_H1N1                       0.0125595 0.0107461 0.0108007 0.0163569 0.0200320 0.0144405 0.0144172 0.0144095 0.0161424 0.0162043 0.0108719 0.0185768 0.0000000 0.0259887 0.0181836 0.0143509 0.0162193 0.0179928 0.0162535 0.0125936 0.0199738 0.0199003 0.0107017 0.0161598 0.0144446 0.0163065 0.0161729 0.0162122 0.0148422 0.0218656 0.0053368 0.0107461 0.0089436 0.0125595 
EPI2650507|HA|A/Saudi_Arabia/55/2017|EPI_ISL_18038001|A_/_H1N1                   0.0276928 0.0182424 0.0259380 0.0260409 0.0318127 0.0259644 0.0259241 0.0259093 0.0313612 0.0296397 0.0277126 0.0343574 0.0259887 0.0000000 0.0336869 0.0295285 0.0315217 0.0333148 0.0278336 0.0277681 0.0307753 0.0353586 0.0256864 0.0276617 0.0297234 0.0279247 0.0276889 0.0315054 0.0266612 0.0374987 0.0201373 0.0182424 0.0163970 0.0276928 
EPI1244278|HA|A/Malaysia/RP2210/2017|EPI_ISL_312599|A_/_H1N1                     0.0125393 0.0180551 0.0181494 0.0199698 0.0237786 0.0218356 0.0199855 0.0217895 0.0161164 0.0161781 0.0199104 0.0185458 0.0181836 0.0336869 0.0000000 0.0216996 0.0161930 0.0179636 0.0236668 0.0199506 0.0274548 0.0198678 0.0179793 0.0235255 0.0218411 0.0237434 0.0235470 0.0161860 0.0224227 0.0218296 0.0125558 0.0180551 0.0162294 0.0125393 
EPI1082188|HA|A/Oman/3205/2017|EPI_ISL_282192|A_/_H1N1                           0.0160616 0.0142519 0.0143246 0.0198823 0.0198250 0.0179523 0.0142706 0.0179144 0.0196214 0.0196969 0.0124626 0.0221536 0.0143509 0.0295285 0.0216996 0.0000000 0.0197153 0.0214721 0.0197566 0.0124880 0.0234729 0.0215176 0.0141931 0.0179207 0.0179570 0.0179415 0.0196586 0.0197064 0.0184386 0.0253654 0.0088496 0.0142519 0.0124551 0.0160616 
EPI1093966|HA|A/Laos/1448/2017|EPI_ISL_284086|A_/_H1N1                           0.0106539 0.0161063 0.0161893 0.0179931 0.0254685 0.0198379 0.0180071 0.0197960 0.0142007 0.0106243 0.0179399 0.0165449 0.0162193 0.0315217 0.0161930 0.0197153 0.0000000 0.0160254 0.0216514 0.0164658 0.0253945 0.0179024 0.0160394 0.0215242 0.0198430 0.0217211 0.0215431 0.0142612 0.0203720 0.0198322 0.0106678 0.0161063 0.0142991 0.0106539 
EPI1094014|HA|A/Laos/2197/2017|EPI_ISL_284092|A_/_H1N1                           0.0124108 0.0178671 0.0179594 0.0197601 0.0272400 0.0216053 0.0197755 0.0215601 0.0159505 0.0160108 0.0197020 0.0164461 0.0179928 0.0333148 0.0179636 0.0214721 0.0160254 0.0000000 0.0234163 0.0197413 0.0271610 0.0179200 0.0177929 0.0213976 0.0216107 0.0234913 0.0232991 0.0129068 0.0221804 0.0215993 0.0124269 0.0178671 0.0160611 0.0124108 
EPI1276369|HA|A/Singapore/KK1410/2017|EPI_ISL_321680|A_/_H1N1                    0.0179654 0.0125331 0.0162234 0.0181682 0.0181146 0.0125426 0.0162139 0.0162052 0.0215471 0.0216309 0.0179776 0.0241581 0.0162535 0.0278336 0.0236668 0.0197566 0.0216514 0.0234163 0.0000000 0.0180138 0.0217811 0.0253536 0.0160729 0.0179483 0.0198848 0.0181116 0.0179633 0.0216415 0.0166866 0.0254266 0.0106901 0.0125331 0.0107291 0.0179654 
EPI1282973|HA|A/Malaysia/RP2707/2017|EPI_ISL_322990|A_/_H1N1                     0.0143187 0.0125069 0.0125706 0.0181284 0.0217956 0.0162049 0.0161791 0.0161704 0.0178906 0.0164504 0.0107131 0.0203749 0.0125936 0.0277681 0.0199506 0.0124880 0.0164658 0.0197413 0.0180138 0.0000000 0.0217325 0.0216525 0.0124552 0.0179095 0.0162093 0.0180721 0.0179245 0.0179680 0.0166497 0.0236247 0.0070991 0.0125069 0.0107069 0.0143187 
EPI1145405|HA|A/Singapore/KK1341/2017|EPI_ISL_292426|A_/_H1N1                    0.0216741 0.0162014 0.0181268 0.0219216 0.0256228 0.0199564 0.0199250 0.0199140 0.0216534 0.0217381 0.0216891 0.0280122 0.0199738 0.0307753 0.0274548 0.0234729 0.0253945 0.0271610 0.0217811 0.0217325 0.0000000 0.0291273 0.0197491 0.0216523 0.0198516 0.0167972 0.0179338 0.0216049 0.0166586 0.0262180 0.0143307 0.0162014 0.0143833 0.0216741 
EPI1147215|HA|A/Vietnam/GHS969/2017|EPI_ISL_292684|A_/_H1N1                      0.0142608 0.0197598 0.0198630 0.0216733 0.0272976 0.0235321 0.0198178 0.0234830 0.0142477 0.0178858 0.0216094 0.0202888 0.0199003 0.0353586 0.0198678 0.0215176 0.0179024 0.0179200 0.0253536 0.0216525 0.0291273 0.0000000 0.0196773 0.0234913 0.0216412 0.0254349 0.0233472 0.0166194 0.0202778 0.0235259 0.0142794 0.0197598 0.0179422 0.0142608 
EPI982567|HA|A/Qatar/10-VI-17-0000393/2017|EPI_ISL_260165|A_/_H1N1               0.0124218 0.0106289 0.0106823 0.0161739 0.0198060 0.0142807 0.0142578 0.0142503 0.0159643 0.0160248 0.0124300 0.0183642 0.0107017 0.0256864 0.0179793 0.0141931 0.0160394 0.0177929 0.0160729 0.0124552 0.0197491 0.0196773 0.0000000 0.0159813 0.0142846 0.0161247 0.0159941 0.0160325 0.0146737 0.0179442 0.0052793 0.0106289 0.0088466 0.0124218 
EPI1152187|HA|A/England/75180460/2017|EPI_ISL_293646|A_/_H1N1                    0.0178617 0.0124624 0.0161300 0.0180620 0.0199781 0.0144057 0.0143806 0.0161120 0.0214212 0.0215039 0.0178737 0.0201797 0.0161598 0.0276617 0.0235255 0.0179207 0.0215242 0.0213976 0.0179483 0.0179095 0.0216523 0.0234913 0.0159813 0.0000000 0.0197686 0.0180061 0.0142320 0.0197598 0.0165879 0.0271945 0.0106305 0.0124624 0.0106690 0.0178617 
EPI1082687|HA|A/Victoria/570/2017|EPI_ISL_282308|A_/_H1N1                        0.0161656 0.0143442 0.0126177 0.0200122 0.0236944 0.0180690 0.0180404 0.0180306 0.0197479 0.0198243 0.0161765 0.0223006 0.0144446 0.0297234 0.0218411 0.0179570 0.0198430 0.0216107 0.0198848 0.0162093 0.0198516 0.0216412 0.0142846 0.0197686 0.0000000 0.0162086 0.0160767 0.0142626 0.0147518 0.0217302 0.0089069 0.0143442 0.0125358 0.0161656 
EPI2044033|HA|A/Brisbane/194/2017|EPI_ISL_12850483|A_/_H1N1                      0.0180234 0.0125739 0.0144700 0.0182275 0.0219154 0.0162927 0.0162666 0.0162578 0.0216161 0.0217004 0.0180356 0.0242375 0.0163065 0.0279247 0.0237434 0.0179415 0.0217211 0.0234913 0.0181116 0.0180721 0.0167972 0.0254349 0.0161247 0.0180061 0.0162086 0.0000000 0.0143168 0.0179668 0.0129351 0.0199349 0.0107248 0.0125739 0.0107640 0.0180234 
EPI1162964|HA|A/Iowa/49/2017|EPI_ISL_296019|A_/_H1N1                             0.0178765 0.0124719 0.0143518 0.0180772 0.0217343 0.0161594 0.0161337 0.0161251 0.0214399 0.0215228 0.0178886 0.0240336 0.0161729 0.0276889 0.0235470 0.0196586 0.0215431 0.0232991 0.0179633 0.0179245 0.0179338 0.0233472 0.0159941 0.0142320 0.0160767 0.0143168 0.0000000 0.0178209 0.0109604 0.0234273 0.0106383 0.0124719 0.0106769 0.0178765 
EPI1017431|HA|A/California/54/2017|EPI_ISL_268415|A_/_H1N1                       0.0106496 0.0160993 0.0143864 0.0179851 0.0254562 0.0198289 0.0179991 0.0197871 0.0141947 0.0142482 0.0179320 0.0147324 0.0162122 0.0315054 0.0161860 0.0197064 0.0142612 0.0129068 0.0216415 0.0179680 0.0216049 0.0166194 0.0160325 0.0197598 0.0142626 0.0179668 0.0178209 0.0000000 0.0165509 0.0161062 0.0106635 0.0160993 0.0142931 0.0106496 
EPI1118235|HA|A/California/121/2017|EPI_ISL_287697|A_/_H1N1                      0.0166038 0.0110401 0.0129676 0.0167953 0.0205579 0.0129275 0.0148051 0.0147970 0.0202720 0.0203524 0.0166153 0.0181118 0.0148422 0.0266612 0.0224227 0.0184386 0.0203720 0.0221804 0.0166866 0.0166497 0.0166586 0.0202778 0.0146737 0.0165879 0.0147518 0.0129351 0.0109604 0.0165509 0.0000000 0.0223059 0.0091569 0.0110401 0.0091912 0.0166038 
EPI989314|HA|A/Iowa/18/2017|EPI_ISL_261833|A_/_H1N1                              0.0161563 0.0217093 0.0200087 0.0236477 0.0312642 0.0255243 0.0236662 0.0238048 0.0197372 0.0198135 0.0235777 0.0222887 0.0218656 0.0374987 0.0218296 0.0253654 0.0198322 0.0215993 0.0254266 0.0236247 0.0262180 0.0235259 0.0179442 0.0271945 0.0217302 0.0199349 0.0234273 0.0161062 0.0223059 0.0000000 0.0161775 0.0217093 0.0198763 0.0161563 
H1N1_2017_Consensus_Aligned                                                      0.0070799 0.0053010 0.0053272 0.0107564 0.0143719 0.0089043 0.0088896 0.0088850 0.0106188 0.0106583 0.0070844 0.0128360 0.0053368 0.0201373 0.0125558 0.0088496 0.0106678 0.0124269 0.0106901 0.0070991 0.0143307 0.0142794 0.0052793 0.0106305 0.0089069 0.0107248 0.0106383 0.0106635 0.0091569 0.0161775 0.0000000 0.0053010 0.0035295 0.0070799 
H1N1_2017_Medoid_Aligned|EPI1160053|HA|A/Amasya/576/2017|EPI_ISL_295534|A_/_H1N1 0.0124732 0.0000010 0.0107266 0.0107646 0.0162482 0.0107377 0.0107201 0.0107145 0.0160305 0.0160915 0.0124815 0.0184430 0.0107461 0.0182424 0.0180551 0.0142519 0.0161063 0.0178671 0.0125331 0.0125069 0.0162014 0.0197598 0.0106289 0.0124624 0.0143442 0.0125739 0.0124719 0.0160993 0.0110401 0.0217093 0.0053010 0.0000000 0.0017586 0.0124732 
H1N1_2017_Ancestral_Aligned_Node10                                               0.0106780 0.0017586 0.0089275 0.0089578 0.0144249 0.0089367 0.0089219 0.0089173 0.0142323 0.0142861 0.0106850 0.0165827 0.0089436 0.0163970 0.0162294 0.0124551 0.0142991 0.0160611 0.0107291 0.0107069 0.0143833 0.0179422 0.0088466 0.0106690 0.0125358 0.0107640 0.0106769 0.0142931 0.0091912 0.0198763 0.0035295 0.0017586 0.0000000 0.0106780 
H1N1_2017_COBRA_Aligned                                                          0.0000010 0.0124732 0.0125366 0.0143322 0.0199852 0.0161613 0.0143433 0.0161269 0.0106050 0.0106445 0.0142897 0.0128189 0.0125595 0.0276928 0.0125393 0.0160616 0.0106539 0.0124108 0.0179654 0.0143187 0.0216741 0.0142608 0.0124218 0.0178617 0.0161656 0.0180234 0.0178765 0.0106496 0.0166038 0.0161563 0.0070799 0.0124732 0.0106780 0.0000000 
