61
EPI230121|HA|A/NIIGATA/1459/2009|EPI_ISL_65887|A_/_H1N1                              0.0000000 0.0142924 0.0143229 0.0142447 0.0142987 0.0107106 0.0106790 0.0143540 0.0160487 0.0143326 0.0142966 0.0108574 0.0106951 0.0106643 0.0181715 0.0126123 0.0220257 0.0180620 0.0219451 0.0143194 0.0161580 0.0106699 0.0161544 0.0161499 0.0145036 0.0143307 0.0106718 0.0179451 0.0145639 0.0161940 0.0124929 0.0143064 0.2876299 0.2943234 0.0106664 0.0142991 0.0215328 0.0142946 0.0217669 0.0143434 0.0218249 0.0106729 0.0142428 0.0143247 0.0142509 0.0143017 0.0142875 0.0125295 0.0125341 0.0142991 0.0143607 0.0142611 0.0219608 0.0160743 0.0143456 0.0143215 0.0179060 0.0070960 0.0106643 0.0088904 0.0142924 
EPI190831|HA|A/Taiwan/T1773/2009|EPI_ISL_33944|A_/_H1N1                              0.0142924 0.0000000 0.0142490 0.0141716 0.0142251 0.0142659 0.0142238 0.0142798 0.0123996 0.0142586 0.0142230 0.0144576 0.0142453 0.0142043 0.0180672 0.0089210 0.0181729 0.0161284 0.0181064 0.0142456 0.0160742 0.0143124 0.0160707 0.0160662 0.0181043 0.0142567 0.0142143 0.0142604 0.0108515 0.0124787 0.0124075 0.0142327 0.3041828 0.3002348 0.0142069 0.0142254 0.0178241 0.0142210 0.0216523 0.0142693 0.0217096 0.0142157 0.0106115 0.0142507 0.0141777 0.0142280 0.0142139 0.0160925 0.0160978 0.0142255 0.0142864 0.0141878 0.0181191 0.0124192 0.0142715 0.0106697 0.0178133 0.0070520 0.0142043 0.0052781 0.0000010 
EPI232996|HA|A/SAPPORO/464/2009|EPI_ISL_66729|A_/_H1N1                               0.0143229 0.0142490 0.0000000 0.0142015 0.0142552 0.0142962 0.0142540 0.0143101 0.0159998 0.0142889 0.0106084 0.0144887 0.0142755 0.0142344 0.0218283 0.0125737 0.0181550 0.0198456 0.0218756 0.0142758 0.0161084 0.0143429 0.0161049 0.0161003 0.0181432 0.0142870 0.0142444 0.0178898 0.0145188 0.0161441 0.0160516 0.0142629 0.2977950 0.2938598 0.0142370 0.0142555 0.0196843 0.0142511 0.0198553 0.0142996 0.0217561 0.0142458 0.0141997 0.0142810 0.0142077 0.0142581 0.0142440 0.0161267 0.0161321 0.0106451 0.0143168 0.0142178 0.0218912 0.0160252 0.0143018 0.0142778 0.0178510 0.0070758 0.0142344 0.0088639 0.0142490 
EPI233003|HA|A/YAMAGUCHI/184/2009|EPI_ISL_66736|A_/_H1N1                             0.0142447 0.0141716 0.0142015 0.0000000 0.0141778 0.0142183 0.0141765 0.0142321 0.0159131 0.0142111 0.0141757 0.0144088 0.0141978 0.0141571 0.0217072 0.0125049 0.0218333 0.0197364 0.0217541 0.0141981 0.0160205 0.0142645 0.0160170 0.0160125 0.0180429 0.0142092 0.0141671 0.0177922 0.0144385 0.0160558 0.0159643 0.0141853 0.3031123 0.2991760 0.0141597 0.0141781 0.0213489 0.0106021 0.0215790 0.0142217 0.0216359 0.0141685 0.0141228 0.0142033 0.0141307 0.0141807 0.0105788 0.0160386 0.0160439 0.0141781 0.0142387 0.0126566 0.0217694 0.0159382 0.0142239 0.0142001 0.0105781 0.0070377 0.0141571 0.0088160 0.0141716 
EPI240592|HA|A/HIROSHIMA-C/395/2009|EPI_ISL_69056|A_/_H1N1                           0.0142987 0.0142251 0.0142552 0.0141778 0.0000000 0.0142722 0.0142301 0.0142860 0.0159731 0.0142649 0.0142292 0.0144641 0.0125267 0.0142105 0.0199845 0.0125524 0.0219183 0.0198121 0.0218385 0.0142518 0.0160813 0.0143187 0.0160778 0.0160733 0.0181124 0.0142630 0.0142206 0.0178599 0.0144940 0.0161170 0.0160247 0.0142389 0.3009116 0.2969742 0.0142131 0.0142316 0.0214302 0.0142272 0.0216620 0.0142756 0.0217194 0.0142219 0.0141760 0.0142570 0.0141839 0.0142342 0.0142202 0.0160996 0.0161050 0.0142317 0.0142927 0.0141940 0.0218540 0.0159984 0.0142778 0.0142539 0.0178211 0.0070639 0.0142105 0.0088490 0.0142251 
EPI349527|HA|A/Taiwan/1017/2009|EPI_ISL_101897|A_/_H1N1                              0.0107106 0.0142659 0.0142962 0.0142183 0.0142722 0.0000000 0.0106593 0.0143272 0.0160189 0.0143060 0.0142701 0.0108370 0.0106754 0.0106447 0.0181370 0.0125887 0.0219833 0.0180280 0.0219030 0.0142928 0.0161278 0.0143600 0.0161242 0.0161197 0.0144763 0.0143040 0.0106522 0.0179115 0.0145363 0.0161636 0.0160708 0.0142799 0.3009299 0.3004358 0.0106467 0.0142725 0.0214923 0.0142680 0.0217255 0.0143167 0.0217832 0.0106533 0.0142165 0.0142980 0.0142245 0.0142751 0.0142610 0.0125063 0.0125108 0.0142726 0.0143339 0.0142347 0.0219186 0.0160444 0.0143189 0.0142949 0.0178725 0.0070840 0.0106447 0.0088741 0.0142659 
EPI349526|HA|A/Taiwan/11706/2009|EPI_ISL_101896|A_/_H1N1                             0.0106790 0.0142238 0.0142540 0.0141765 0.0142301 0.0106593 0.0000000 0.0124606 0.0159717 0.0142637 0.0142280 0.0108057 0.0106440 0.0106136 0.0180826 0.0125513 0.0219165 0.0179741 0.0218367 0.0142506 0.0160800 0.0143174 0.0160764 0.0160719 0.0144330 0.0142617 0.0106210 0.0178584 0.0144927 0.0161156 0.0160234 0.0142377 0.2997185 0.2957847 0.0106156 0.0142304 0.0214285 0.0142260 0.0216603 0.0142743 0.0217177 0.0106221 0.0141747 0.0142558 0.0141827 0.0142330 0.0142189 0.0124693 0.0124739 0.0142305 0.0142915 0.0141928 0.0218522 0.0159971 0.0142765 0.0142526 0.0178197 0.0070633 0.0106136 0.0088482 0.0142238 
EPI241772|HA|A/TOCHIGI/356/2009|EPI_ISL_69740|A_/_H1N1                               0.0143540 0.0142798 0.0143101 0.0142321 0.0142860 0.0143272 0.0124606 0.0000000 0.0160343 0.0143199 0.0142839 0.0145206 0.0143064 0.0142651 0.0218764 0.0107993 0.0220043 0.0198890 0.0219239 0.0143067 0.0161434 0.0143741 0.0161398 0.0143262 0.0181830 0.0143180 0.0142752 0.0179286 0.0145507 0.0161793 0.0160863 0.0142937 0.3041905 0.2984649 0.0142677 0.0142864 0.0215125 0.0142819 0.0217460 0.0143307 0.0218039 0.0142766 0.0142303 0.0143119 0.0142383 0.0142890 0.0142748 0.0161618 0.0161672 0.0142864 0.0143479 0.0142485 0.0219395 0.0160598 0.0143329 0.0143088 0.0178896 0.0070901 0.0142651 0.0088830 0.0142798 
EPI248540|HA|A/SHIZUOKA-C/172/2009|EPI_ISL_71613|A_/_H1N1                            0.0160487 0.0123996 0.0159998 0.0159131 0.0159731 0.0160189 0.0159717 0.0160343 0.0000000 0.0160107 0.0159705 0.0162312 0.0159958 0.0159499 0.0235508 0.0143122 0.0236872 0.0215621 0.0236016 0.0159960 0.0178264 0.0160708 0.0178223 0.0178175 0.0198736 0.0160083 0.0159611 0.0160127 0.0126351 0.0178657 0.0141797 0.0159816 0.2999165 0.2959885 0.0159527 0.0159733 0.0195695 0.0159685 0.0234098 0.0160227 0.0234734 0.0159626 0.0123570 0.0160018 0.0159199 0.0159762 0.0159607 0.0178467 0.0178524 0.0159735 0.0160417 0.0159312 0.0236183 0.0141668 0.0160250 0.0124246 0.0195575 0.0088098 0.0159499 0.0105944 0.0123996 
EPI254654|HA|A/Daejeon/1871/2009|EPI_ISL_74102|A_/_H1N1                              0.0143326 0.0142586 0.0142889 0.0142111 0.0142649 0.0143060 0.0142637 0.0143199 0.0160107 0.0000000 0.0142628 0.0144987 0.0142852 0.0142440 0.0218438 0.0125823 0.0219714 0.0198595 0.0218912 0.0142855 0.0161195 0.0143527 0.0161159 0.0161114 0.0181558 0.0142967 0.0142541 0.0179022 0.0145288 0.0161552 0.0160626 0.0142726 0.2999961 0.2960478 0.0142466 0.0124898 0.0214809 0.0142608 0.0217138 0.0143094 0.0217715 0.0142555 0.0142093 0.0106196 0.0142173 0.0142678 0.0142537 0.0143534 0.0124401 0.0142653 0.0143266 0.0142274 0.0219067 0.0160361 0.0143116 0.0106173 0.0178633 0.0070805 0.0142440 0.0088698 0.0142586 
EPI255807|HA|A/Thailand/THB0405/2009|EPI_ISL_74415|A_/_H1N1                          0.0142966 0.0142230 0.0106084 0.0141757 0.0142292 0.0142701 0.0142280 0.0142839 0.0159705 0.0142628 0.0000000 0.0144619 0.0142494 0.0142085 0.0217868 0.0125507 0.0181209 0.0198084 0.0218340 0.0142497 0.0160787 0.0143166 0.0160752 0.0160707 0.0181092 0.0142609 0.0142185 0.0178568 0.0144918 0.0161144 0.0160222 0.0142369 0.3017013 0.2977840 0.0142110 0.0142295 0.0214259 0.0142251 0.0216577 0.0142735 0.0200361 0.0142198 0.0141739 0.0106820 0.0106273 0.0106651 0.0142181 0.0160970 0.0161024 0.0142296 0.0142906 0.0141919 0.0218495 0.0159959 0.0142757 0.0142518 0.0178181 0.0070633 0.0142085 0.0088480 0.0142230 
EPI263419|HA|A/Singapore/GP3441/2009|EPI_ISL_75728|A_/_H1N1                          0.0108574 0.0144576 0.0144887 0.0144088 0.0144641 0.0108370 0.0108057 0.0145206 0.0162312 0.0144987 0.0144619 0.0000000 0.0108222 0.0107907 0.0183786 0.0127604 0.0222715 0.0182668 0.0221893 0.0144852 0.0163429 0.0145542 0.0163392 0.0163346 0.0146722 0.0144967 0.0107984 0.0181474 0.0147340 0.0163796 0.0162845 0.0144720 0.3050688 0.3011178 0.0107928 0.0144644 0.0217687 0.0144598 0.0220072 0.0145098 0.0220666 0.0107995 0.0144070 0.0144906 0.0144152 0.0144671 0.0126491 0.0126768 0.0126814 0.0144645 0.0145274 0.0144256 0.0222053 0.0162574 0.0145120 0.0144873 0.0181075 0.0071828 0.0107907 0.0089966 0.0144576 
EPI263429|HA|A/Singapore/GP4381/2009|EPI_ISL_75733|A_/_H1N1                          0.0106951 0.0142453 0.0142755 0.0141978 0.0125267 0.0106754 0.0106440 0.0143064 0.0159958 0.0142852 0.0142494 0.0108222 0.0000000 0.0106295 0.0181103 0.0125704 0.0219506 0.0180016 0.0218705 0.0142721 0.0124941 0.0143392 0.0124916 0.0160963 0.0144551 0.0142833 0.0106369 0.0178854 0.0145150 0.0161401 0.0160476 0.0142592 0.2957821 0.2918462 0.0106314 0.0142519 0.0214610 0.0142474 0.0216935 0.0142959 0.0217511 0.0106380 0.0141960 0.0124693 0.0142040 0.0142545 0.0142404 0.0124882 0.0124927 0.0142519 0.0143131 0.0142141 0.0218861 0.0160212 0.0142981 0.0142741 0.0178466 0.0070738 0.0106295 0.0088614 0.0142453 
EPI263435|HA|A/Singapore/GP4697/2009|EPI_ISL_75736|A_/_H1N1                          0.0106643 0.0142043 0.0142344 0.0141571 0.0142105 0.0106447 0.0106136 0.0142651 0.0159499 0.0142440 0.0142085 0.0107907 0.0106295 0.0000000 0.0180573 0.0125339 0.0218856 0.0179492 0.0218060 0.0106467 0.0160578 0.0142977 0.0160543 0.0160498 0.0144129 0.0142421 0.0106065 0.0178337 0.0144725 0.0160933 0.0160014 0.0142182 0.2997422 0.3018059 0.0106011 0.0142109 0.0213989 0.0142065 0.0216301 0.0142547 0.0198063 0.0106076 0.0141554 0.0142362 0.0141633 0.0142135 0.0141994 0.0124522 0.0124567 0.0142109 0.0142718 0.0141734 0.0218215 0.0159751 0.0142569 0.0142330 0.0177951 0.0070537 0.0000010 0.0088361 0.0142043 
EPI277593|HA|A/Amman/WR0060N/2009|EPI_ISL_78800|A_/_H1N1                             0.0181715 0.0180672 0.0218283 0.0217072 0.0199845 0.0181370 0.0180826 0.0218764 0.0235508 0.0218438 0.0217868 0.0183786 0.0181103 0.0180573 0.0000000 0.0125818 0.0107144 0.0180175 0.0106752 0.0218227 0.0237136 0.0199338 0.0237075 0.0237016 0.0220944 0.0218394 0.0180703 0.0255250 0.0221881 0.0237669 0.0236286 0.0218027 0.3171244 0.3131232 0.0180605 0.0217911 0.0291698 0.0217847 0.0294819 0.0218609 0.0295713 0.0180720 0.0217043 0.0218310 0.0217168 0.0217950 0.0217746 0.0200055 0.0200116 0.0217918 0.0218867 0.0217323 0.0106825 0.0235890 0.0218630 0.0218261 0.0254692 0.0144204 0.0180573 0.0162585 0.0180672 
EPI277609|HA|A/Taipei/WR0193T/2009|EPI_ISL_78802|A_/_H1N1                            0.0126123 0.0089210 0.0125737 0.0125049 0.0125524 0.0125887 0.0125513 0.0107993 0.0143122 0.0125823 0.0125507 0.0127604 0.0125704 0.0125339 0.0125818 0.0000000 0.0126558 0.0106972 0.0126092 0.0125708 0.0144100 0.0126302 0.0144069 0.0144027 0.0164369 0.0125808 0.0125428 0.0162037 0.0127870 0.0144422 0.0143588 0.0125593 0.3020692 0.3011962 0.0125363 0.0125528 0.0198030 0.0125488 0.0200205 0.0125918 0.0200725 0.0125441 0.0125033 0.0125753 0.0125103 0.0125551 0.0125424 0.0144263 0.0144314 0.0125528 0.0126071 0.0125194 0.0126179 0.0143350 0.0125939 0.0125725 0.0161682 0.0053396 0.0125339 0.0071349 0.0089210 
EPI277641|HA|A/Bishkek/WR0881T/2009|EPI_ISL_78806|A_/_H1N1                           0.0220257 0.0181729 0.0181550 0.0218333 0.0219183 0.0219833 0.0219165 0.0220043 0.0236872 0.0219714 0.0181209 0.0222715 0.0219506 0.0218856 0.0107144 0.0126558 0.0000000 0.0199739 0.0107377 0.0219500 0.0238519 0.0200502 0.0238456 0.0238397 0.0260303 0.0219669 0.0219016 0.0256732 0.0223194 0.0239057 0.0237659 0.0219298 0.3232724 0.3192715 0.0200475 0.0219181 0.0293377 0.0219116 0.0296531 0.0219887 0.0297438 0.0219035 0.0218303 0.0219584 0.0218430 0.0219220 0.0219014 0.0238807 0.0238874 0.0219188 0.0201183 0.0218586 0.0107451 0.0237258 0.0219908 0.0219535 0.0256167 0.0145052 0.0218856 0.0163539 0.0181729 
EPI277801|HA|A/Ankara/WR1429T/2009|EPI_ISL_78826|A_/_H1N1                            0.0180620 0.0161284 0.0198456 0.0197364 0.0198121 0.0180280 0.0179741 0.0198890 0.0215621 0.0198595 0.0198084 0.0182668 0.0180016 0.0179492 0.0180175 0.0106972 0.0199739 0.0000000 0.0199012 0.0198406 0.0217099 0.0199348 0.0217045 0.0216989 0.0219597 0.0198559 0.0179621 0.0235075 0.0180582 0.0217584 0.0216327 0.0198226 0.3110166 0.3070561 0.0179524 0.0198122 0.0271222 0.0198062 0.0274123 0.0198748 0.0274925 0.0179637 0.0197338 0.0198480 0.0161148 0.0198157 0.0197969 0.0198848 0.0198909 0.0198126 0.0198983 0.0197591 0.0199152 0.0215967 0.0198770 0.0198437 0.0234564 0.0125155 0.0179492 0.0143346 0.0161284 
EPI277833|HA|A/Taipei/WR1472T/2009|EPI_ISL_78830|A_/_H1N1                            0.0219451 0.0181064 0.0218756 0.0217541 0.0218385 0.0219030 0.0218367 0.0219239 0.0236016 0.0218912 0.0218340 0.0221893 0.0218705 0.0218060 0.0106752 0.0126092 0.0107377 0.0199012 0.0000000 0.0218700 0.0237650 0.0199770 0.0237588 0.0237529 0.0259350 0.0218868 0.0218219 0.0218286 0.0222369 0.0238185 0.0236796 0.0218499 0.3181279 0.3141171 0.0218098 0.0218383 0.0292324 0.0200144 0.0295457 0.0219084 0.0296356 0.0218238 0.0217511 0.0218783 0.0217637 0.0218422 0.0218217 0.0237937 0.0238003 0.0181185 0.0219343 0.0217792 0.0107056 0.0236399 0.0219105 0.0218735 0.0255241 0.0144518 0.0218060 0.0162939 0.0181064 
EPI297094|HA|A/Sendai/TU385/2009|EPI_ISL_84677|A_/_H1N1                              0.0143194 0.0142456 0.0142758 0.0141981 0.0142518 0.0142928 0.0142506 0.0143067 0.0159960 0.0142855 0.0142497 0.0144852 0.0142721 0.0106467 0.0218227 0.0125708 0.0219500 0.0198406 0.0218700 0.0000000 0.0161045 0.0143394 0.0124534 0.0124497 0.0181387 0.0106532 0.0142410 0.0142289 0.0145152 0.0161402 0.0160477 0.0142595 0.3094537 0.3032366 0.0142336 0.0142522 0.0214606 0.0142477 0.0216930 0.0142962 0.0217506 0.0142424 0.0141963 0.0142776 0.0142043 0.0106317 0.0124228 0.0161228 0.0161282 0.0142522 0.0143134 0.0142144 0.0218856 0.0160214 0.0142984 0.0106462 0.0178466 0.0070743 0.0106467 0.0088619 0.0142456 
EPI297101|HA|A/Sendai/TU396/2009|EPI_ISL_84684|A_/_H1N1                              0.0161580 0.0160742 0.0161084 0.0160205 0.0160813 0.0161278 0.0160800 0.0161434 0.0178264 0.0161195 0.0160787 0.0163429 0.0124941 0.0160578 0.0237136 0.0144100 0.0238519 0.0217099 0.0237650 0.0161045 0.0000000 0.0161804 0.0143193 0.0179387 0.0200104 0.0161170 0.0160692 0.0197331 0.0163769 0.0179875 0.0178843 0.0160899 0.3059126 0.3019446 0.0160607 0.0160816 0.0233191 0.0160766 0.0215201 0.0161317 0.0236351 0.0160707 0.0160184 0.0161104 0.0160275 0.0160845 0.0160688 0.0179683 0.0179741 0.0160818 0.0161509 0.0160389 0.0237820 0.0178548 0.0161339 0.0161069 0.0196902 0.0088691 0.0160578 0.0106659 0.0160742 
EPI297106|HA|A/Sendai/TU402/2009|EPI_ISL_84689|A_/_H1N1                              0.0106699 0.0143124 0.0143429 0.0142645 0.0143187 0.0143600 0.0143174 0.0143741 0.0160708 0.0143527 0.0143166 0.0145542 0.0143392 0.0142977 0.0199338 0.0126302 0.0200502 0.0199348 0.0199770 0.0143394 0.0161804 0.0000000 0.0161768 0.0161722 0.0145476 0.0143507 0.0143078 0.0179696 0.0145845 0.0162164 0.0161231 0.0143264 0.2998415 0.2959197 0.0143003 0.0143190 0.0215615 0.0143145 0.0217961 0.0143635 0.0218543 0.0143092 0.0142627 0.0143447 0.0142707 0.0143216 0.0143074 0.0161988 0.0162043 0.0143191 0.0143808 0.0142809 0.0199911 0.0160964 0.0143657 0.0143415 0.0179304 0.0071063 0.0142977 0.0089032 0.0143124 
EPI297133|HA|A/Sendai/TU447/2009|EPI_ISL_84716|A_/_H1N1                              0.0161544 0.0160707 0.0161049 0.0160170 0.0160778 0.0161242 0.0160764 0.0161398 0.0178223 0.0161159 0.0160752 0.0163392 0.0124916 0.0160543 0.0237075 0.0144069 0.0238456 0.0217045 0.0237588 0.0124534 0.0143193 0.0161768 0.0000000 0.0142678 0.0200056 0.0124632 0.0160657 0.0160519 0.0163733 0.0179834 0.0178802 0.0160864 0.2980981 0.2941637 0.0160572 0.0160781 0.0233131 0.0160731 0.0235644 0.0161281 0.0236290 0.0160672 0.0141974 0.0161069 0.0160240 0.0124381 0.0142370 0.0179642 0.0179700 0.0160782 0.0161474 0.0160354 0.0237758 0.0178507 0.0124949 0.0124551 0.0196856 0.0088675 0.0160543 0.0106638 0.0160707 
EPI297181|HA|A/Sendai/TU589/2009|EPI_ISL_84764|A_/_H1N1                              0.0161499 0.0160662 0.0161003 0.0160125 0.0160733 0.0161197 0.0160719 0.0143262 0.0178175 0.0161114 0.0160707 0.0163346 0.0160963 0.0160498 0.0237016 0.0144027 0.0238397 0.0216989 0.0237529 0.0124497 0.0179387 0.0161722 0.0142678 0.0000000 0.0163273 0.0124595 0.0160611 0.0160473 0.0163686 0.0179785 0.0178753 0.0160818 0.3129328 0.3089794 0.0160526 0.0160735 0.0233074 0.0160686 0.0198872 0.0143126 0.0236231 0.0124619 0.0160104 0.0161023 0.0160195 0.0124344 0.0142328 0.0179593 0.0179650 0.0160737 0.0161428 0.0160309 0.0237699 0.0178458 0.0161258 0.0124514 0.0196804 0.0088646 0.0160498 0.0106605 0.0160662 
EPI297185|HA|A/Sendai/TU587/2009|EPI_ISL_84768|A_/_H1N1                              0.0145036 0.0181043 0.0181432 0.0180429 0.0181124 0.0144763 0.0144330 0.0181830 0.0198736 0.0181558 0.0181092 0.0146722 0.0144551 0.0144129 0.0220944 0.0164369 0.0260303 0.0219597 0.0259350 0.0181387 0.0200104 0.0145476 0.0200056 0.0163273 0.0000000 0.0181528 0.0124238 0.0218159 0.0184463 0.0200553 0.0199389 0.0181221 0.3084064 0.3044390 0.0144156 0.0181125 0.0254432 0.0181070 0.0219977 0.0181699 0.0257918 0.0144246 0.0180406 0.0181454 0.0180509 0.0181158 0.0180983 0.0163278 0.0163333 0.0181129 0.0181916 0.0180638 0.0259537 0.0199056 0.0181721 0.0181414 0.0217681 0.0107939 0.0144129 0.0126185 0.0181043 
EPI297194|HA|A/Sendai/TU620/2009|EPI_ISL_84777|A_/_H1N1                              0.0143307 0.0142567 0.0142870 0.0142092 0.0142630 0.0143040 0.0142617 0.0143180 0.0160083 0.0142967 0.0142609 0.0144967 0.0142833 0.0142421 0.0218394 0.0125808 0.0219669 0.0198559 0.0218868 0.0106532 0.0161170 0.0143507 0.0124632 0.0124595 0.0181528 0.0000000 0.0142522 0.0142400 0.0145268 0.0161528 0.0160602 0.0142707 0.3023971 0.3021582 0.0142447 0.0142633 0.0214768 0.0142589 0.0217096 0.0143075 0.0217672 0.0142536 0.0142074 0.0142888 0.0142154 0.0106402 0.0124325 0.0161354 0.0161408 0.0142634 0.0143246 0.0142255 0.0219024 0.0160338 0.0143097 0.0106547 0.0178603 0.0070800 0.0142421 0.0088690 0.0142567 
EPI307264|HA|A/Taiwan/7949/2009|EPI_ISL_87441|A_/_H1N1                               0.0106718 0.0142143 0.0142444 0.0141671 0.0142206 0.0106522 0.0106210 0.0142752 0.0159611 0.0142541 0.0142185 0.0107984 0.0106369 0.0106065 0.0180703 0.0125428 0.0219016 0.0179621 0.0218219 0.0142410 0.0160692 0.0143078 0.0160657 0.0160611 0.0124238 0.0142522 0.0000000 0.0178464 0.0144829 0.0161048 0.0160127 0.0142282 0.2978482 0.2939104 0.0106085 0.0142209 0.0214142 0.0142165 0.0216457 0.0142648 0.0217030 0.0106150 0.0141653 0.0142462 0.0141732 0.0142235 0.0142094 0.0124610 0.0124655 0.0142209 0.0142819 0.0141833 0.0218374 0.0159864 0.0142670 0.0142431 0.0178078 0.0070586 0.0106065 0.0088422 0.0142143 
EPI210034|HA|A/FUKUOKA-C/2/2009|EPI_ISL_60011|A_/_H1N1                               0.0179451 0.0142604 0.0178898 0.0177922 0.0178599 0.0179115 0.0178584 0.0179286 0.0160127 0.0179022 0.0178568 0.0181474 0.0178854 0.0178337 0.0255250 0.0162037 0.0256732 0.0235075 0.0218286 0.0142289 0.0197331 0.0179696 0.0160519 0.0160473 0.0218159 0.0142400 0.0178464 0.0000000 0.0145307 0.0197768 0.0196634 0.0178693 0.2927905 0.2888600 0.0178369 0.0178600 0.0214835 0.0160707 0.0253692 0.0179158 0.0254406 0.0178481 0.0142111 0.0178920 0.0178000 0.0142113 0.0160128 0.0197560 0.0197620 0.0142260 0.0179370 0.0178126 0.0255985 0.0160381 0.0179180 0.0106572 0.0214700 0.0106382 0.0178337 0.0124380 0.0142604 
EPI212534|HA|A/Nagasaki/HA-14/2009|EPI_ISL_61244|A_/_H1N1                            0.0145639 0.0108515 0.0145188 0.0144385 0.0144940 0.0145363 0.0144927 0.0145507 0.0126351 0.0145288 0.0144918 0.0147340 0.0145150 0.0144725 0.0221881 0.0127870 0.0223194 0.0180582 0.0222369 0.0145152 0.0163769 0.0145845 0.0163733 0.0163686 0.0184463 0.0145268 0.0144829 0.0145307 0.0000000 0.0164138 0.0163183 0.0145019 0.3082832 0.3043045 0.0144752 0.0144943 0.0181565 0.0144897 0.0220540 0.0145399 0.0221137 0.0144843 0.0108144 0.0145206 0.0144449 0.0144970 0.0144825 0.0163959 0.0164014 0.0144944 0.0145576 0.0144553 0.0222529 0.0126554 0.0145421 0.0108739 0.0181452 0.0071974 0.0144725 0.0090150 0.0108515 
EPI213909|HA|A/Singapore/TLL52/2009|EPI_ISL_61491|A_/_H1N1                           0.0161940 0.0124787 0.0161441 0.0160558 0.0161170 0.0161636 0.0161156 0.0161793 0.0178657 0.0161552 0.0161144 0.0163796 0.0161401 0.0160933 0.0237669 0.0144422 0.0239057 0.0217584 0.0238185 0.0161402 0.0179875 0.0162164 0.0179834 0.0179785 0.0200553 0.0161528 0.0161048 0.0197768 0.0164138 0.0000000 0.0142806 0.0161256 0.3111263 0.3071634 0.0160962 0.0161172 0.0233706 0.0161123 0.0236230 0.0161675 0.0236880 0.0161063 0.0160538 0.0161462 0.0160629 0.0161201 0.0161044 0.0180083 0.0180141 0.0161174 0.0161868 0.0160743 0.0238356 0.0178942 0.0161698 0.0161426 0.0197338 0.0088887 0.0160933 0.0070964 0.0124787 
EPI213910|HA|A/Singapore/TLL53/2009|EPI_ISL_61492|A_/_H1N1                           0.0124929 0.0124075 0.0160516 0.0159643 0.0160247 0.0160708 0.0160234 0.0160863 0.0141797 0.0160626 0.0160222 0.0162845 0.0160476 0.0160014 0.0236286 0.0143588 0.0237659 0.0216327 0.0236796 0.0160477 0.0178843 0.0161231 0.0178802 0.0178753 0.0199389 0.0160602 0.0160127 0.0196634 0.0163183 0.0142806 0.0000000 0.0160333 0.3048284 0.3041842 0.0160042 0.0160250 0.0232368 0.0160201 0.0234865 0.0160747 0.0235506 0.0160142 0.0159623 0.0160536 0.0159712 0.0160279 0.0160123 0.0179048 0.0179105 0.0160252 0.0160938 0.0159826 0.0236965 0.0177920 0.0160770 0.0160501 0.0196209 0.0088380 0.0160014 0.0070569 0.0124075 
EPI230191|HA|A/Stockholm/107/2009|EPI_ISL_65945|A_/_H1N1                             0.0143064 0.0142327 0.0142629 0.0141853 0.0142389 0.0142799 0.0142377 0.0142937 0.0159816 0.0142726 0.0142369 0.0144720 0.0142592 0.0142182 0.0218027 0.0125593 0.0219298 0.0198226 0.0218499 0.0142595 0.0160899 0.0143264 0.0160864 0.0160818 0.0181221 0.0142707 0.0142282 0.0178693 0.0145019 0.0161256 0.0160333 0.0000000 0.3048175 0.3008801 0.0142208 0.0106542 0.0214412 0.0142348 0.0216733 0.0142833 0.0217307 0.0142296 0.0141835 0.0142647 0.0141915 0.0142419 0.0142278 0.0161082 0.0161136 0.0142393 0.0143004 0.0142016 0.0181778 0.0160069 0.0142855 0.0142615 0.0178305 0.0070679 0.0142182 0.0088539 0.0142327 
EPI244706|HA|A/Sweden/1/2009|EPI_ISL_70643|A_/_H1N1                                  0.2876299 0.3041828 0.2977950 0.3031123 0.3009116 0.3009299 0.2997185 0.3041905 0.2999165 0.2999961 0.3017013 0.3050688 0.2957821 0.2997422 0.3171244 0.3020692 0.3232724 0.3110166 0.3181279 0.3094537 0.3059126 0.2998415 0.2980981 0.3129328 0.3084064 0.3023971 0.2978482 0.2927905 0.3082832 0.3111263 0.3048284 0.3048175 0.0000000 0.0349110 0.3057378 0.3008147 0.3098139 0.3009075 0.3121742 0.3060770 0.3235016 0.2998208 0.2958096 0.3038812 0.3015178 0.3052848 0.3035524 0.3061052 0.2989098 0.3030268 0.3107266 0.3034450 0.3277483 0.3005426 0.3039233 0.3018299 0.3081474 0.2974298 0.2997422 0.3005744 0.3041828 
EPI245697|HA|A/Stockholm/1/2009|EPI_ISL_70809|A_/_H1N1                               0.2943234 0.3002348 0.2938598 0.2991760 0.2969742 0.3004358 0.2957847 0.2984649 0.2959885 0.2960478 0.2977840 0.3011178 0.2918462 0.3018059 0.3131232 0.3011962 0.3192715 0.3070561 0.3141171 0.3032366 0.3019446 0.2959197 0.2941637 0.3089794 0.3044390 0.3021582 0.2939104 0.2888600 0.3043045 0.3071634 0.3041842 0.3008801 0.0349110 0.0000000 0.2964221 0.2968720 0.3058538 0.2969677 0.3082111 0.3021193 0.3194892 0.2958944 0.2918658 0.2945668 0.2975803 0.3013554 0.2996229 0.2939461 0.2949711 0.2990922 0.3067686 0.2963766 0.3237249 0.2966070 0.2999840 0.2978898 0.3042157 0.2935010 0.3018059 0.2966384 0.3002348 
EPI386893|HA|A/Scotland/Aberdeen_2/2009|EPI_ISL_125732|A_/_H1N1                      0.0106664 0.0142069 0.0142370 0.0141597 0.0142131 0.0106467 0.0106156 0.0142677 0.0159527 0.0142466 0.0142110 0.0107928 0.0106314 0.0106011 0.0180605 0.0125363 0.0200475 0.0179524 0.0218098 0.0142336 0.0160607 0.0143003 0.0160572 0.0160526 0.0144156 0.0142447 0.0106085 0.0178369 0.0144752 0.0160962 0.0160042 0.0142208 0.3057378 0.2964221 0.0000000 0.0142135 0.0214025 0.0142090 0.0216338 0.0142573 0.0216910 0.0106096 0.0141579 0.0106550 0.0141659 0.0142160 0.0142020 0.0124545 0.0124590 0.0142135 0.0142744 0.0141759 0.0218252 0.0159780 0.0142595 0.0142356 0.0177983 0.0070550 0.0106011 0.0088378 0.0142069 
EPI386933|HA|A/Scotland/Aberdeen_8/2009|EPI_ISL_125760|A_/_H1N1                      0.0142991 0.0142254 0.0142555 0.0141781 0.0142316 0.0142725 0.0142304 0.0142864 0.0159733 0.0124898 0.0142295 0.0144644 0.0142519 0.0142109 0.0217911 0.0125528 0.0219181 0.0198122 0.0218383 0.0142522 0.0160816 0.0143190 0.0160781 0.0160735 0.0181125 0.0142633 0.0142209 0.0178600 0.0144943 0.0161172 0.0160250 0.0106542 0.3008147 0.2968720 0.0142135 0.0000000 0.0214301 0.0142275 0.0197931 0.0142759 0.0217192 0.0142223 0.0126890 0.0142573 0.0141843 0.0142346 0.0142205 0.0124923 0.0161052 0.0142320 0.0142930 0.0141943 0.0218538 0.0159987 0.0142781 0.0142542 0.0178213 0.0070643 0.0142109 0.0088494 0.0142254 
EPI387030|HA|A/Scotland/Perth_09V501016/2009|EPI_ISL_125774|A_/_H1N1                 0.0215328 0.0178241 0.0196843 0.0213489 0.0214302 0.0214923 0.0214285 0.0215125 0.0195695 0.0214809 0.0214259 0.0217687 0.0214610 0.0213989 0.0291698 0.0198030 0.0293377 0.0271222 0.0292324 0.0214606 0.0233191 0.0215615 0.0233131 0.0233074 0.0254432 0.0214768 0.0214142 0.0214835 0.0181565 0.0233706 0.0232368 0.0214412 0.3098139 0.3058538 0.0214025 0.0214301 0.0000000 0.0214238 0.0273276 0.0214975 0.0290734 0.0178105 0.0141637 0.0214686 0.0213582 0.0214338 0.0214140 0.0233466 0.0233530 0.0214307 0.0178770 0.0213731 0.0292533 0.0196006 0.0214996 0.0178602 0.0250467 0.0141829 0.0213989 0.0159902 0.0178241 
EPI323711|HA|A/England/H093780041/2009|EPI_ISL_93111|A_/_H1N1                        0.0142946 0.0142210 0.0142511 0.0106021 0.0142272 0.0142680 0.0142260 0.0142819 0.0159685 0.0142608 0.0142251 0.0144598 0.0142474 0.0142065 0.0217847 0.0125488 0.0219116 0.0198062 0.0200144 0.0142477 0.0160766 0.0143145 0.0160731 0.0160686 0.0181070 0.0142589 0.0142165 0.0160707 0.0144897 0.0161123 0.0160201 0.0142348 0.3009075 0.2969677 0.0142090 0.0142275 0.0214238 0.0000000 0.0216555 0.0142715 0.0217129 0.0142178 0.0141719 0.0142529 0.0141798 0.0142301 0.0142161 0.0160949 0.0161003 0.0124503 0.0142886 0.0141899 0.0218474 0.0159938 0.0142737 0.0142497 0.0142148 0.0070620 0.0142065 0.0088465 0.0142210 
EPI392060|HA|A/Scotland/Glasgow_412286/2009|EPI_ISL_127992|A_/_H1N1                  0.0217669 0.0216523 0.0198553 0.0215790 0.0216620 0.0217255 0.0216603 0.0217460 0.0234098 0.0217138 0.0216577 0.0220072 0.0216935 0.0216301 0.0294819 0.0200205 0.0296531 0.0274123 0.0295457 0.0216930 0.0215201 0.0217961 0.0235644 0.0198872 0.0219977 0.0217096 0.0216457 0.0253692 0.0220540 0.0236230 0.0234865 0.0216733 0.3121742 0.3082111 0.0216338 0.0197931 0.0273276 0.0216555 0.0000000 0.0217308 0.0239360 0.0216476 0.0215762 0.0217012 0.0215885 0.0216657 0.0216455 0.0235986 0.0236051 0.0216626 0.0217562 0.0216038 0.0295671 0.0234475 0.0217329 0.0216964 0.0253140 0.0143400 0.0216301 0.0161664 0.0216523 
EPI392087|HA|A/Scotland/EastKilbride_412770/2009|EPI_ISL_127996|A_/_H1N1             0.0143434 0.0142693 0.0142996 0.0142217 0.0142756 0.0143167 0.0142743 0.0143307 0.0160227 0.0143094 0.0142735 0.0145098 0.0142959 0.0142547 0.0218609 0.0125918 0.0219887 0.0198748 0.0219084 0.0142962 0.0161317 0.0143635 0.0161281 0.0143126 0.0181699 0.0143075 0.0142648 0.0179158 0.0145399 0.0161675 0.0160747 0.0142833 0.3060770 0.3021193 0.0142573 0.0142759 0.0214975 0.0142715 0.0217308 0.0000000 0.0217886 0.0142662 0.0142199 0.0143014 0.0142279 0.0142785 0.0142644 0.0161500 0.0161554 0.0142760 0.0143374 0.0142381 0.0219240 0.0160482 0.0143224 0.0142983 0.0178768 0.0070856 0.0142547 0.0088763 0.0142693 
EPI392129|HA|A/Scotland/Glasgow_413886/2009|EPI_ISL_128004|A_/_H1N1                  0.0218249 0.0217096 0.0217561 0.0216359 0.0217194 0.0217832 0.0217177 0.0218039 0.0234734 0.0217715 0.0200361 0.0220666 0.0217511 0.0198063 0.0295713 0.0200725 0.0297438 0.0274925 0.0296356 0.0217506 0.0236351 0.0218543 0.0236290 0.0236231 0.0257918 0.0217672 0.0217030 0.0254406 0.0221137 0.0236880 0.0235506 0.0217307 0.3235016 0.3194892 0.0216910 0.0217192 0.0290734 0.0217129 0.0239360 0.0217886 0.0000000 0.0217049 0.0216330 0.0217588 0.0216454 0.0217231 0.0217028 0.0236634 0.0236700 0.0217199 0.0218142 0.0216608 0.0296572 0.0235113 0.0217907 0.0217540 0.0253851 0.0143730 0.0198063 0.0162051 0.0217096 
EPI336133|HA|A/England/909/2009|EPI_ISL_96157|A_/_H1N1                               0.0106729 0.0142157 0.0142458 0.0141685 0.0142219 0.0106533 0.0106221 0.0142766 0.0159626 0.0142555 0.0142198 0.0107995 0.0106380 0.0106076 0.0180720 0.0125441 0.0219035 0.0179637 0.0218238 0.0142424 0.0160707 0.0143092 0.0160672 0.0124619 0.0144246 0.0142536 0.0106150 0.0178481 0.0144843 0.0161063 0.0160142 0.0142296 0.2998208 0.2958944 0.0106096 0.0142223 0.0178105 0.0142178 0.0216476 0.0142662 0.0217049 0.0000000 0.0141667 0.0142476 0.0141746 0.0142249 0.0142108 0.0124622 0.0124667 0.0142223 0.0142832 0.0141847 0.0218393 0.0159879 0.0142684 0.0142445 0.0178094 0.0070593 0.0106076 0.0088432 0.0142157 
EPI336231|HA|A/England/918/2009|EPI_ISL_96255|A_/_H1N1                               0.0142428 0.0106115 0.0141997 0.0141228 0.0141760 0.0142165 0.0141747 0.0142303 0.0123570 0.0142093 0.0141739 0.0144070 0.0141960 0.0141554 0.0217043 0.0125033 0.0218303 0.0197338 0.0217511 0.0141963 0.0160184 0.0142627 0.0141974 0.0160104 0.0180406 0.0142074 0.0141653 0.0142111 0.0108144 0.0160538 0.0159623 0.0141835 0.2958096 0.2918658 0.0141579 0.0126890 0.0141637 0.0141719 0.0215762 0.0142199 0.0216330 0.0141667 0.0000000 0.0142014 0.0141289 0.0141789 0.0141649 0.0160365 0.0160419 0.0141763 0.0106431 0.0141390 0.0217665 0.0123765 0.0142221 0.0106330 0.0177515 0.0070368 0.0141554 0.0088149 0.0106115 
EPI233074|HA|A/VICTORIA/2081/2009|EPI_ISL_66775|A_/_H1N1                             0.0143247 0.0142507 0.0142810 0.0142033 0.0142570 0.0142980 0.0142558 0.0143119 0.0160018 0.0106196 0.0106820 0.0144906 0.0124693 0.0142362 0.0218310 0.0125753 0.0219584 0.0198480 0.0218783 0.0142776 0.0161104 0.0143447 0.0161069 0.0161023 0.0181454 0.0142888 0.0142462 0.0178920 0.0145206 0.0161462 0.0160536 0.0142647 0.3038812 0.2945668 0.0106550 0.0142573 0.0214686 0.0142529 0.0217012 0.0143014 0.0217588 0.0142476 0.0142014 0.0000000 0.0106478 0.0106857 0.0142458 0.0161287 0.0124333 0.0142574 0.0143186 0.0142196 0.0218939 0.0160272 0.0143036 0.0106115 0.0178532 0.0070767 0.0142362 0.0088650 0.0142507 
EPI245079|HA|A/Australia/58/2009|EPI_ISL_70708|A_/_H1N1                              0.0142509 0.0141777 0.0142077 0.0141307 0.0141839 0.0142245 0.0141827 0.0142383 0.0159199 0.0142173 0.0106273 0.0144152 0.0142040 0.0141633 0.0217168 0.0125103 0.0218430 0.0161148 0.0217637 0.0142043 0.0160275 0.0142707 0.0160240 0.0160195 0.0180509 0.0142154 0.0141732 0.0178000 0.0144449 0.0160629 0.0159712 0.0141915 0.3015178 0.2975803 0.0141659 0.0141843 0.0213582 0.0141798 0.0215885 0.0142279 0.0216454 0.0141746 0.0141289 0.0106478 0.0000000 0.0106310 0.0141728 0.0160456 0.0160509 0.0141843 0.0142449 0.0141469 0.0217791 0.0159451 0.0142301 0.0142063 0.0159725 0.0070407 0.0141633 0.0088198 0.0141777 
EPI274977|HA|A/Guam/NHRC0027/2009|EPI_ISL_77875|A_/_H1N1                             0.0143017 0.0142280 0.0142581 0.0141807 0.0142342 0.0142751 0.0142330 0.0142890 0.0159762 0.0142678 0.0106651 0.0144671 0.0142545 0.0142135 0.0217950 0.0125551 0.0219220 0.0198157 0.0218422 0.0106317 0.0160845 0.0143216 0.0124381 0.0124344 0.0181158 0.0106402 0.0142235 0.0142113 0.0144970 0.0161201 0.0160279 0.0142419 0.3052848 0.3013554 0.0142160 0.0142346 0.0214338 0.0142301 0.0216657 0.0142785 0.0217231 0.0142249 0.0141789 0.0106857 0.0106310 0.0000000 0.0124075 0.0161027 0.0161081 0.0142346 0.0142956 0.0141969 0.0218577 0.0160016 0.0142807 0.0106332 0.0178245 0.0070657 0.0142135 0.0088510 0.0142280 
EPI2474217|HA|A/Tahiti/2032/2009|EPI_ISL_17264983|A_/_H1N1                           0.0142875 0.0142139 0.0142440 0.0105788 0.0142202 0.0142610 0.0142189 0.0142748 0.0159607 0.0142537 0.0142181 0.0126491 0.0142404 0.0141994 0.0217746 0.0125424 0.0219014 0.0197969 0.0218217 0.0124228 0.0160688 0.0143074 0.0142370 0.0142328 0.0180983 0.0124325 0.0142094 0.0160128 0.0144825 0.0161044 0.0160123 0.0142278 0.3035524 0.2996229 0.0142020 0.0142205 0.0214140 0.0142161 0.0216455 0.0142644 0.0217028 0.0142108 0.0141649 0.0142458 0.0141728 0.0124075 0.0000000 0.0160870 0.0160924 0.0142206 0.0142815 0.0141829 0.0218372 0.0159860 0.0142666 0.0124245 0.0141836 0.0070582 0.0141994 0.0088419 0.0142139 
EPI231372|HA|A/Idaho/13/2009|EPI_ISL_66276|A_/_H1N1                                  0.0125295 0.0160925 0.0161267 0.0160386 0.0160996 0.0125063 0.0124693 0.0161618 0.0178467 0.0143534 0.0160970 0.0126768 0.0124882 0.0124522 0.0200055 0.0144263 0.0238807 0.0198848 0.0237937 0.0161228 0.0179683 0.0161988 0.0179642 0.0179593 0.0163278 0.0161354 0.0124610 0.0197560 0.0163959 0.0180083 0.0179048 0.0161082 0.3061052 0.2939461 0.0124545 0.0124923 0.0233466 0.0160949 0.0235986 0.0161500 0.0236634 0.0124622 0.0160365 0.0161287 0.0160456 0.0161027 0.0160870 0.0000000 0.0143366 0.0161000 0.0161693 0.0160570 0.0238107 0.0178752 0.0161523 0.0161252 0.0197130 0.0088787 0.0124522 0.0106776 0.0160925 
EPI239613|HA|A/Minnesota/18/2009|EPI_ISL_68751|A_/_H1N1                              0.0125341 0.0160978 0.0161321 0.0160439 0.0161050 0.0125108 0.0124739 0.0161672 0.0178524 0.0124401 0.0161024 0.0126814 0.0124927 0.0124567 0.0200116 0.0144314 0.0238874 0.0198909 0.0238003 0.0161282 0.0179741 0.0162043 0.0179700 0.0179650 0.0163333 0.0161408 0.0124655 0.0197620 0.0164014 0.0180141 0.0179105 0.0161136 0.2989098 0.2949711 0.0124590 0.0161052 0.0233530 0.0161003 0.0236051 0.0161554 0.0236700 0.0124667 0.0160419 0.0124333 0.0160509 0.0161081 0.0160924 0.0143366 0.0000000 0.0161054 0.0161747 0.0160624 0.0238173 0.0178809 0.0161577 0.0124306 0.0197190 0.0088822 0.0124567 0.0106816 0.0160978 
EPI243726|HA|A/Iowa/14/2009|EPI_ISL_70261|A_/_H1N1                                   0.0142991 0.0142255 0.0106451 0.0141781 0.0142317 0.0142726 0.0142305 0.0142864 0.0159735 0.0142653 0.0142296 0.0144645 0.0142519 0.0142109 0.0217918 0.0125528 0.0219188 0.0198126 0.0181185 0.0142522 0.0160818 0.0143191 0.0160782 0.0160737 0.0181129 0.0142634 0.0142209 0.0142260 0.0144944 0.0161174 0.0160252 0.0142393 0.3030268 0.2990922 0.0142135 0.0142320 0.0214307 0.0124503 0.0216626 0.0142760 0.0217199 0.0142223 0.0141763 0.0142574 0.0141843 0.0142346 0.0142206 0.0161000 0.0161054 0.0000000 0.0142931 0.0106067 0.0218545 0.0159988 0.0142782 0.0142542 0.0178216 0.0070642 0.0142109 0.0088492 0.0142255 
EPI243737|HA|A/Montana/23/2009|EPI_ISL_70263|A_/_H1N1                                0.0143607 0.0142864 0.0143168 0.0142387 0.0142927 0.0143339 0.0142915 0.0143479 0.0160417 0.0143266 0.0142906 0.0145274 0.0143131 0.0142718 0.0218867 0.0126071 0.0201183 0.0198983 0.0219343 0.0143134 0.0161509 0.0143808 0.0161474 0.0161428 0.0181916 0.0143246 0.0142819 0.0179370 0.0145576 0.0161868 0.0160938 0.0143004 0.3107266 0.3067686 0.0142744 0.0142930 0.0178770 0.0142886 0.0217562 0.0143374 0.0218142 0.0142832 0.0106431 0.0143186 0.0142449 0.0142956 0.0142815 0.0161693 0.0161747 0.0142931 0.0000000 0.0142551 0.0219499 0.0160673 0.0143396 0.0143154 0.0178979 0.0070934 0.0142718 0.0088871 0.0142864 
EPI258550|HA|A/California/VRDL89/2009|EPI_ISL_75124|A_/_H1N1                         0.0142611 0.0141878 0.0142178 0.0126566 0.0141940 0.0142347 0.0141928 0.0142485 0.0159312 0.0142274 0.0141919 0.0144256 0.0142141 0.0141734 0.0217323 0.0125194 0.0218586 0.0197591 0.0217792 0.0142144 0.0160389 0.0142809 0.0160354 0.0160309 0.0180638 0.0142255 0.0141833 0.0178126 0.0144553 0.0160743 0.0159826 0.0142016 0.3034450 0.2963766 0.0141759 0.0141943 0.0213731 0.0141899 0.0216038 0.0142381 0.0216608 0.0141847 0.0141390 0.0142196 0.0141469 0.0141969 0.0141829 0.0160570 0.0160624 0.0106067 0.0142551 0.0000000 0.0217946 0.0159564 0.0142402 0.0142164 0.0177741 0.0070458 0.0141734 0.0088261 0.0141878 
EPI277697|HA|A/California/WR1315P/2009|EPI_ISL_78813|A_/_H1N1                        0.0219608 0.0181191 0.0218912 0.0217694 0.0218540 0.0219186 0.0218522 0.0219395 0.0236183 0.0219067 0.0218495 0.0222053 0.0218861 0.0218215 0.0106825 0.0126179 0.0107451 0.0199152 0.0107056 0.0218856 0.0237820 0.0199911 0.0237758 0.0237699 0.0259537 0.0219024 0.0218374 0.0255985 0.0222529 0.0238356 0.0236965 0.0181778 0.3277483 0.3237249 0.0218252 0.0218538 0.0292533 0.0218474 0.0295671 0.0219240 0.0296572 0.0218393 0.0217665 0.0218939 0.0217791 0.0218577 0.0218372 0.0238107 0.0238173 0.0218545 0.0219499 0.0217946 0.0000000 0.0236567 0.0182259 0.0218890 0.0255423 0.0144619 0.0218215 0.0163053 0.0181191 
EPI211398|HA|A/Alaska/30/2009|EPI_ISL_60785|A_/_H1N1                                 0.0160743 0.0124192 0.0160252 0.0159382 0.0159984 0.0160444 0.0159971 0.0160598 0.0141668 0.0160361 0.0159959 0.0162574 0.0160212 0.0159751 0.0235890 0.0143350 0.0237258 0.0215967 0.0236399 0.0160214 0.0178548 0.0160964 0.0178507 0.0178458 0.0199056 0.0160338 0.0159864 0.0160381 0.0126554 0.0178942 0.0177920 0.0160069 0.3005426 0.2966070 0.0159780 0.0159987 0.0196006 0.0159938 0.0234475 0.0160482 0.0235113 0.0159879 0.0123765 0.0160272 0.0159451 0.0160016 0.0159860 0.0178752 0.0178809 0.0159988 0.0160673 0.0159564 0.0236567 0.0000000 0.0160505 0.0124443 0.0195886 0.0088236 0.0159751 0.0106111 0.0124192 
EPI211577|HA|A/California/33/2009|EPI_ISL_60852|A_/_H1N1                             0.0143456 0.0142715 0.0143018 0.0142239 0.0142778 0.0143189 0.0142765 0.0143329 0.0160250 0.0143116 0.0142757 0.0145120 0.0142981 0.0142569 0.0218630 0.0125939 0.0219908 0.0198770 0.0219105 0.0142984 0.0161339 0.0143657 0.0124949 0.0161258 0.0181721 0.0143097 0.0142670 0.0179180 0.0145421 0.0161698 0.0160770 0.0142855 0.3039233 0.2999840 0.0142595 0.0142781 0.0214996 0.0142737 0.0217329 0.0143224 0.0217907 0.0142684 0.0142221 0.0143036 0.0142301 0.0142807 0.0142666 0.0161523 0.0161577 0.0142782 0.0143396 0.0142402 0.0182259 0.0160505 0.0000000 0.0143005 0.0178791 0.0070861 0.0142569 0.0088780 0.0142715 
EPI216866|HA|A/Idaho/08/2009|EPI_ISL_62246|A_/_H1N1                                  0.0143215 0.0106697 0.0142778 0.0142001 0.0142539 0.0142949 0.0142526 0.0143088 0.0124246 0.0106173 0.0142518 0.0144873 0.0142741 0.0142330 0.0218261 0.0125725 0.0219535 0.0198437 0.0218735 0.0106462 0.0161069 0.0143415 0.0124551 0.0124514 0.0181414 0.0106547 0.0142431 0.0106572 0.0108739 0.0161426 0.0160501 0.0142615 0.3018299 0.2978898 0.0142356 0.0142542 0.0178602 0.0142497 0.0216964 0.0142983 0.0217540 0.0142445 0.0106330 0.0106115 0.0142063 0.0106332 0.0124245 0.0161252 0.0124306 0.0142542 0.0143154 0.0142164 0.0218890 0.0124443 0.0143005 0.0000000 0.0178493 0.0070752 0.0142330 0.0088630 0.0106697 
EPI217020|HA|A/Nevada/15/2009|EPI_ISL_62284|A_/_H1N1                                 0.0179060 0.0178133 0.0178510 0.0105781 0.0178211 0.0178725 0.0178197 0.0178896 0.0195575 0.0178633 0.0178181 0.0181075 0.0178466 0.0177951 0.0254692 0.0161682 0.0256167 0.0234564 0.0255241 0.0178466 0.0196902 0.0179304 0.0196856 0.0196804 0.0217681 0.0178603 0.0178078 0.0214700 0.0181452 0.0197338 0.0196209 0.0178305 0.3081474 0.3042157 0.0177983 0.0178213 0.0250467 0.0142148 0.0253140 0.0178768 0.0253851 0.0178094 0.0177515 0.0178532 0.0159725 0.0178245 0.0141836 0.0197130 0.0197190 0.0178216 0.0178979 0.0177741 0.0255423 0.0195886 0.0178791 0.0178493 0.0000000 0.0106150 0.0177951 0.0124109 0.0178133 
