30
EPI994076|HA|A/Maldives/01/2017|EPI_ISL_262692|A_/_H1N1            0.0000000 0.0124708 0.0125331 0.0143280 0.0199752 0.0161562 0.0143390 0.0161224 0.0106041 0.0106428 0.0142860 0.0128114 0.0125556 0.0276726 0.0125351 0.0160582 0.0106522 0.0124091 0.0179595 0.0143149 0.0216665 0.0142579 0.0124201 0.0178582 0.0161607 0.0180172 0.0178726 0.0106481 0.0165926 0.0161513 
EPI1160053|HA|A/Amasya/576/2017|EPI_ISL_295534|A_/_H1N1            0.0124708 0.0000000 0.0107240 0.0107611 0.0162414 0.0107347 0.0107172 0.0107119 0.0160280 0.0160878 0.0124786 0.0184310 0.0107432 0.0182321 0.0180474 0.0142493 0.0161024 0.0178633 0.0125295 0.0125040 0.0161962 0.0197543 0.0106279 0.0124604 0.0143403 0.0125700 0.0124696 0.0160958 0.0110329 0.0217009 
EPI1160074|HA|A/Amasya/622/2017|EPI_ISL_295542|A_/_H1N1            0.0125331 0.0107240 0.0000000 0.0126122 0.0199840 0.0144086 0.0143855 0.0143781 0.0161087 0.0161691 0.0125410 0.0185275 0.0107968 0.0259175 0.0181401 0.0143207 0.0161839 0.0179540 0.0162171 0.0125665 0.0181190 0.0198556 0.0106803 0.0161260 0.0126130 0.0144640 0.0143476 0.0143818 0.0129578 0.0199988 
EPI1160065|HA|A/Giresun/612/2017|EPI_ISL_295539|A_/_H1N1           0.0143280 0.0107611 0.0126122 0.0000000 0.0219714 0.0163346 0.0144967 0.0163001 0.0179029 0.0179703 0.0164204 0.0203796 0.0163484 0.0260177 0.0199593 0.0198740 0.0179869 0.0197540 0.0181585 0.0181199 0.0219093 0.0216650 0.0161685 0.0180549 0.0200020 0.0182175 0.0180696 0.0179793 0.0167805 0.0236361 
EPI1319384|HA|A/Malaysia/RP0351/2017|EPI_ISL_331302|A_/_H1N1       0.0199752 0.0162414 0.0199840 0.0219714 0.0000000 0.0200035 0.0162623 0.0199617 0.0253330 0.0254312 0.0217413 0.0280707 0.0200210 0.0317816 0.0237633 0.0198171 0.0254556 0.0272272 0.0181057 0.0217848 0.0256077 0.0272840 0.0197988 0.0199683 0.0236817 0.0219027 0.0217245 0.0254440 0.0205393 0.0312439 
EPI1175790|HA|A/Maldives/1499/2017|EPI_ISL_298530|A_/_H1N1         0.0161562 0.0107347 0.0144086 0.0163346 0.0200035 0.0000000 0.0143996 0.0143923 0.0197373 0.0198121 0.0161665 0.0222778 0.0144347 0.0259428 0.0218236 0.0179468 0.0198305 0.0215980 0.0125387 0.0161991 0.0199474 0.0235226 0.0142775 0.0144006 0.0180618 0.0162856 0.0161544 0.0198220 0.0129183 0.0255112 
EPI1179980|HA|A/Abu_Dhabi/031/2017|EPI_ISL_299792|A_/_H1N1         0.0143390 0.0107172 0.0143855 0.0144967 0.0162623 0.0143996 0.0000000 0.0143693 0.0179166 0.0179841 0.0161409 0.0203956 0.0144115 0.0259029 0.0199747 0.0142670 0.0180007 0.0197691 0.0162073 0.0161734 0.0199162 0.0198108 0.0142548 0.0143757 0.0180334 0.0162597 0.0161289 0.0179931 0.0147938 0.0236543 
EPI1188319|HA|A/Jordan/1975/2017|EPI_ISL_301339|A_/_H1N1           0.0161224 0.0107119 0.0143781 0.0163001 0.0199617 0.0143923 0.0143693 0.0000000 0.0196966 0.0197711 0.0161326 0.0222308 0.0144041 0.0258888 0.0217783 0.0179095 0.0197895 0.0215536 0.0161990 0.0161652 0.0199058 0.0234744 0.0142476 0.0161080 0.0180241 0.0162513 0.0161207 0.0197810 0.0147861 0.0237912 
EPI1640769|HA|A/Vietnam/BM7/2017|EPI_ISL_400700|A_/_H1N1           0.0106041 0.0160280 0.0161087 0.0179029 0.0253330 0.0197373 0.0179166 0.0196966 0.0000000 0.0106334 0.0178508 0.0164562 0.0161378 0.0313398 0.0161114 0.0196179 0.0141987 0.0159488 0.0215408 0.0178864 0.0216460 0.0142450 0.0159627 0.0214179 0.0197426 0.0216095 0.0214360 0.0141931 0.0202593 0.0197318 
EPI1024961|HA|A/Laos/0157/2017|EPI_ISL_269928|A_/_H1N1             0.0106428 0.0160878 0.0161691 0.0179703 0.0254312 0.0198121 0.0179841 0.0197711 0.0106334 0.0000000 0.0179178 0.0165191 0.0161985 0.0296165 0.0161718 0.0196918 0.0106231 0.0160079 0.0216229 0.0164416 0.0217289 0.0178814 0.0160219 0.0214990 0.0198175 0.0216921 0.0215173 0.0142456 0.0203380 0.0198065 
EPI1195616|HA|A/Taiwan/1407/2017|EPI_ISL_302868|A_/_H1N1           0.0142860 0.0124786 0.0125410 0.0164204 0.0217413 0.0161665 0.0161409 0.0161326 0.0178508 0.0179178 0.0000000 0.0203186 0.0108667 0.0276913 0.0199006 0.0124599 0.0179342 0.0196964 0.0179710 0.0107102 0.0216806 0.0216018 0.0124278 0.0178696 0.0161710 0.0180287 0.0178840 0.0179267 0.0166034 0.0235669 
EPI1039873|HA|A/Philippines/0287/2017|EPI_ISL_273799|A_/_H1N1      0.0128114 0.0184310 0.0185275 0.0203796 0.0280707 0.0222778 0.0203956 0.0222308 0.0164562 0.0165191 0.0203186 0.0000000 0.0185622 0.0343170 0.0185308 0.0221390 0.0165345 0.0164373 0.0241393 0.0203601 0.0279901 0.0202755 0.0183534 0.0201688 0.0222837 0.0242183 0.0240178 0.0147228 0.0181041 0.0222717 
EPI1044642|HA|A/Philippines/5/2017|EPI_ISL_274907|A_/_H1N1         0.0125556 0.0107432 0.0107968 0.0163484 0.0200210 0.0144347 0.0144115 0.0144041 0.0161378 0.0161985 0.0108667 0.0185622 0.0000000 0.0259670 0.0181735 0.0143465 0.0162133 0.0179867 0.0162467 0.0125891 0.0199647 0.0198922 0.0106993 0.0161552 0.0144388 0.0162993 0.0161679 0.0162066 0.0148307 0.0218542 
EPI2650507|HA|A/Saudi_Arabia/55/2017|EPI_ISL_18038001|A_/_H1N1     0.0276726 0.0182321 0.0259175 0.0260177 0.0317816 0.0259428 0.0259029 0.0258888 0.0313398 0.0296165 0.0276913 0.0343170 0.0259670 0.0000000 0.0336539 0.0295074 0.0314970 0.0332901 0.0278101 0.0277465 0.0307387 0.0353299 0.0256703 0.0276426 0.0296992 0.0279006 0.0276689 0.0314816 0.0266296 0.0374636 
EPI1244278|HA|A/Malaysia/RP2210/2017|EPI_ISL_312599|A_/_H1N1       0.0125351 0.0180474 0.0181401 0.0199593 0.0237633 0.0218236 0.0199747 0.0217783 0.0161114 0.0161718 0.0199006 0.0185308 0.0181735 0.0336539 0.0000000 0.0216899 0.0161866 0.0179571 0.0236534 0.0199405 0.0274386 0.0198592 0.0179728 0.0235156 0.0218294 0.0237296 0.0235364 0.0161799 0.0224024 0.0218177 
EPI1082188|HA|A/Oman/3205/2017|EPI_ISL_282192|A_/_H1N1             0.0160582 0.0142493 0.0143207 0.0198740 0.0198171 0.0179468 0.0142670 0.0179095 0.0196179 0.0196918 0.0124599 0.0221390 0.0143465 0.0295074 0.0216899 0.0000000 0.0197100 0.0214671 0.0197503 0.0124852 0.0234649 0.0215119 0.0141913 0.0179161 0.0179517 0.0179366 0.0196545 0.0197016 0.0184264 0.0253550 
EPI1093966|HA|A/Laos/1448/2017|EPI_ISL_284086|A_/_H1N1             0.0106522 0.0161024 0.0161839 0.0179869 0.0254556 0.0198305 0.0180007 0.0197895 0.0141987 0.0106231 0.0179342 0.0165345 0.0162133 0.0314970 0.0161866 0.0197100 0.0000000 0.0160224 0.0216431 0.0164568 0.0253842 0.0178978 0.0160364 0.0215190 0.0198359 0.0217125 0.0215373 0.0142584 0.0203574 0.0198250 
EPI1094014|HA|A/Laos/2197/2017|EPI_ISL_284092|A_/_H1N1             0.0124091 0.0178633 0.0179540 0.0197540 0.0272272 0.0215980 0.0197691 0.0215536 0.0159488 0.0160079 0.0196964 0.0164373 0.0179867 0.0332901 0.0179571 0.0214671 0.0160224 0.0000000 0.0234082 0.0197356 0.0271510 0.0179151 0.0177902 0.0213944 0.0216037 0.0234828 0.0232936 0.0128987 0.0221653 0.0215922 
EPI1276369|HA|A/Singapore/KK1410/2017|EPI_ISL_321680|A_/_H1N1      0.0179595 0.0125295 0.0162171 0.0181585 0.0181057 0.0125387 0.0162073 0.0161990 0.0215408 0.0216229 0.0179710 0.0241393 0.0162467 0.0278101 0.0236534 0.0197503 0.0216431 0.0234082 0.0000000 0.0180071 0.0217709 0.0253430 0.0160691 0.0179430 0.0198767 0.0181034 0.0179575 0.0216337 0.0166736 0.0254147 
EPI1282973|HA|A/Malaysia/RP2707/2017|EPI_ISL_322990|A_/_H1N1       0.0143149 0.0125040 0.0125665 0.0181199 0.0217848 0.0161991 0.0161734 0.0161652 0.0178864 0.0164416 0.0107102 0.0203601 0.0125891 0.0277465 0.0199405 0.0124852 0.0164568 0.0197356 0.0180071 0.0000000 0.0217238 0.0216447 0.0124530 0.0179053 0.0162037 0.0180650 0.0179197 0.0179627 0.0166377 0.0236137 
EPI1145405|HA|A/Singapore/KK1341/2017|EPI_ISL_292426|A_/_H1N1      0.0216665 0.0161962 0.0181190 0.0219093 0.0256077 0.0199474 0.0199162 0.0199058 0.0216460 0.0217289 0.0216806 0.0279901 0.0199647 0.0307387 0.0274386 0.0234649 0.0253842 0.0271510 0.0217709 0.0217238 0.0000000 0.0291146 0.0197439 0.0216453 0.0198451 0.0167844 0.0179295 0.0215991 0.0166470 0.0261978 
EPI1147215|HA|A/Vietnam/GHS969/2017|EPI_ISL_292684|A_/_H1N1        0.0142579 0.0197543 0.0198556 0.0216650 0.0272840 0.0235226 0.0198108 0.0234744 0.0142450 0.0178814 0.0216018 0.0202755 0.0198922 0.0353299 0.0198592 0.0215119 0.0178978 0.0179151 0.0253430 0.0216447 0.0291146 0.0000000 0.0196729 0.0234832 0.0216338 0.0254239 0.0233412 0.0166091 0.0202649 0.0235165 
EPI982567|HA|A/Qatar/10-VI-17-0000393/2017|EPI_ISL_260165|A_/_H1N1 0.0124201 0.0106279 0.0106803 0.0161685 0.0197988 0.0142775 0.0142548 0.0142476 0.0159627 0.0160219 0.0124278 0.0183534 0.0106993 0.0256703 0.0179728 0.0141913 0.0160364 0.0177902 0.0160691 0.0124530 0.0197439 0.0196729 0.0000000 0.0159796 0.0142816 0.0161206 0.0159920 0.0160299 0.0146651 0.0179394 
EPI1152187|HA|A/England/75180460/2017|EPI_ISL_293646|A_/_H1N1      0.0178582 0.0124604 0.0161260 0.0180549 0.0199683 0.0144006 0.0143757 0.0161080 0.0214179 0.0214990 0.0178696 0.0201688 0.0161552 0.0276426 0.0235156 0.0179161 0.0215190 0.0213944 0.0179430 0.0179053 0.0216453 0.0234832 0.0159796 0.0000000 0.0197632 0.0180005 0.0142301 0.0197548 0.0165773 0.0271842 
EPI1082687|HA|A/Victoria/570/2017|EPI_ISL_282308|A_/_H1N1          0.0161607 0.0143403 0.0126130 0.0200020 0.0236817 0.0180618 0.0180334 0.0180241 0.0197426 0.0198175 0.0161710 0.0222837 0.0144388 0.0296992 0.0218294 0.0179517 0.0198359 0.0216037 0.0198767 0.0162037 0.0198451 0.0216338 0.0142816 0.0197632 0.0000000 0.0162035 0.0160737 0.0142602 0.0147423 0.0217218 
EPI2044033|HA|A/Brisbane/194/2017|EPI_ISL_12850483|A_/_H1N1        0.0180172 0.0125700 0.0144640 0.0182175 0.0219027 0.0162856 0.0162597 0.0162513 0.0216095 0.0216921 0.0180287 0.0242183 0.0162993 0.0279006 0.0237296 0.0179366 0.0217125 0.0234828 0.0181034 0.0180650 0.0167844 0.0254239 0.0161206 0.0180005 0.0162035 0.0000000 0.0143135 0.0179621 0.0129261 0.0199268 
EPI1162964|HA|A/Iowa/49/2017|EPI_ISL_296019|A_/_H1N1               0.0178726 0.0124696 0.0143476 0.0180696 0.0217245 0.0161544 0.0161289 0.0161207 0.0214360 0.0215173 0.0178840 0.0240178 0.0161679 0.0276689 0.0235364 0.0196545 0.0215373 0.0232936 0.0179575 0.0179197 0.0179295 0.0233412 0.0159920 0.0142301 0.0160737 0.0143135 0.0000000 0.0178184 0.0109547 0.0234203 
EPI1017431|HA|A/California/54/2017|EPI_ISL_268415|A_/_H1N1         0.0106481 0.0160958 0.0143818 0.0179793 0.0254440 0.0198220 0.0179931 0.0197810 0.0141931 0.0142456 0.0179267 0.0147228 0.0162066 0.0314816 0.0161799 0.0197016 0.0142584 0.0128987 0.0216337 0.0179627 0.0215991 0.0166091 0.0160299 0.0197548 0.0142602 0.0179621 0.0178184 0.0000000 0.0165411 0.0161025 
EPI1118235|HA|A/California/121/2017|EPI_ISL_287697|A_/_H1N1        0.0165926 0.0110329 0.0129578 0.0167805 0.0205393 0.0129183 0.0147938 0.0147861 0.0202593 0.0203380 0.0166034 0.0181041 0.0148307 0.0266296 0.0224024 0.0184264 0.0203574 0.0221653 0.0166736 0.0166377 0.0166470 0.0202649 0.0146651 0.0165773 0.0147423 0.0129261 0.0109547 0.0165411 0.0000000 0.0222892 
EPI989314|HA|A/Iowa/18/2017|EPI_ISL_261833|A_/_H1N1                0.0161513 0.0217009 0.0199988 0.0236361 0.0312439 0.0255112 0.0236543 0.0237912 0.0197318 0.0198065 0.0235669 0.0222717 0.0218542 0.0374636 0.0218177 0.0253550 0.0198250 0.0215922 0.0254147 0.0236137 0.0261978 0.0235165 0.0179394 0.0271842 0.0217218 0.0199268 0.0234203 0.0161025 0.0222892 0.0000000 
