23
EPI342543|HA|A/Oman/1102/2011|EPI_ISL_99154|A_/_H1N1                           0.0000000 0.0180363 0.0198223 0.0220449 0.0237219 0.0142831 0.0235409 0.0222191 0.0234719 0.0215675 0.0216597 0.0106610 0.0179762 0.0235196 0.0221719 0.0178784 0.0178523 0.0178721 0.0253139 0.0124584 0.0142831 0.0143531 0.0000010 
EPI346713|HA|A/Kazakhstan/2081/2011|EPI_ISL_99932|A_/_H1N1                     0.0180363 0.0000000 0.0198875 0.0126854 0.0144019 0.0179695 0.0236209 0.0222959 0.0235515 0.0106124 0.0254369 0.0254332 0.0180357 0.0235995 0.0222483 0.0215950 0.0179100 0.0215869 0.0216450 0.0124982 0.0179695 0.0035302 0.0180363 
EPI348493|HA|A/SAITAMA/319/2011|EPI_ISL_101369|A_/_H1N1                        0.0198223 0.0198875 0.0000000 0.0239414 0.0256091 0.0125137 0.0106958 0.0107459 0.0106653 0.0234203 0.0124779 0.0272221 0.0125590 0.0106867 0.0240730 0.0161124 0.0124728 0.0161070 0.0271871 0.0071045 0.0125137 0.0161857 0.0198223 
EPI349533|HA|A/Taiwan/1018/2011|EPI_ISL_101903|A_/_H1N1                        0.0220449 0.0126854 0.0239414 0.0000000 0.0108558 0.0219616 0.0277625 0.0264955 0.0276790 0.0162541 0.0296120 0.0296074 0.0220447 0.0277364 0.0264381 0.0256591 0.0218882 0.0256485 0.0276359 0.0163650 0.0219616 0.0090125 0.0220449 
EPI349537|HA|A/Taiwan/552/2011|EPI_ISL_101907|A_/_H1N1                         0.0237219 0.0144019 0.0256091 0.0108558 0.0000000 0.0236331 0.0294119 0.0281863 0.0293240 0.0179402 0.0312488 0.0312438 0.0237220 0.0293843 0.0281257 0.0273068 0.0235535 0.0272953 0.0292787 0.0180623 0.0236331 0.0107441 0.0237219 
EPI349536|HA|A/Taiwan/67/2011|EPI_ISL_101906|A_/_H1N1                          0.0142831 0.0179695 0.0125137 0.0219616 0.0236331 0.0000000 0.0161688 0.0162455 0.0161221 0.0214880 0.0143251 0.0215766 0.0106999 0.0161547 0.0220879 0.0106428 0.0106272 0.0106397 0.0252199 0.0052967 0.0000010 0.0143004 0.0142831 
EPI349539|HA|A/Taiwan/1150/2011|EPI_ISL_101909|A_/_H1N1                        0.0235409 0.0236209 0.0106958 0.0277625 0.0294119 0.0161688 0.0000000 0.0143997 0.0142908 0.0271537 0.0161226 0.0310007 0.0162281 0.0143197 0.0279043 0.0197906 0.0161154 0.0161760 0.0309609 0.0107102 0.0161688 0.0198802 0.0235409 
EPI355206|HA|A/Sapporo/163/2011|EPI_ISL_104868|A_/_H1N1                        0.0222191 0.0222959 0.0107459 0.0264955 0.0281863 0.0162455 0.0143997 0.0000000 0.0143581 0.0259042 0.0161989 0.0298158 0.0163054 0.0143872 0.0266376 0.0198838 0.0161916 0.0198765 0.0297767 0.0107604 0.0162455 0.0184875 0.0222191 
EPI366346|HA|A/Vietnam/108/2011|EPI_ISL_115090|A_/_H1N1                        0.0234719 0.0235515 0.0106653 0.0276790 0.0293240 0.0161221 0.0142908 0.0143581 0.0000000 0.0270740 0.0124635 0.0309086 0.0161810 0.0142785 0.0278202 0.0197332 0.0160690 0.0197260 0.0308690 0.0106796 0.0161221 0.0198232 0.0234719 
EPI612851|HA|A/Yamagata/203/2011|EPI_ISL_188961|A_/_H1N1                       0.0215675 0.0106124 0.0234203 0.0162541 0.0179402 0.0214880 0.0271537 0.0259042 0.0270740 0.0000000 0.0289619 0.0289575 0.0215673 0.0271288 0.0221533 0.0251026 0.0214170 0.0250926 0.0234161 0.0160146 0.0214880 0.0070384 0.0215675 
EPI346387|HA|A/Stockholm/27/2011|EPI_ISL_99779|A_/_H1N1                        0.0216597 0.0254369 0.0124779 0.0296120 0.0312488 0.0143251 0.0161226 0.0161989 0.0124635 0.0289619 0.0000000 0.0290839 0.0180303 0.0161086 0.0258834 0.0179319 0.0179047 0.0179256 0.0289693 0.0124946 0.0143251 0.0216875 0.0216597 
EPI358504|HA|A/ENG/114940161/2011|EPI_ISL_107428|A_/_H1N1                      0.0106610 0.0254332 0.0272221 0.0296074 0.0312438 0.0215766 0.0310007 0.0298158 0.0309086 0.0289575 0.0290839 0.0000000 0.0253468 0.0309716 0.0297524 0.0252068 0.0251677 0.0251966 0.0327747 0.0197166 0.0215766 0.0216845 0.0106610 
EPI319615|HA|A/Ukraine/3/2011|EPI_ISL_90800|A_/_H1N1                           0.0179762 0.0180357 0.0125590 0.0220447 0.0237220 0.0106999 0.0162281 0.0163054 0.0161810 0.0215673 0.0180303 0.0253468 0.0000000 0.0145715 0.0221718 0.0142875 0.0106651 0.0142829 0.0253142 0.0053153 0.0106999 0.0143523 0.0179762 
EPI334702|HA|A/Slovenia/861/2011|EPI_ISL_95550|A_/_H1N1                        0.0235196 0.0235995 0.0106867 0.0277364 0.0293843 0.0161547 0.0143197 0.0143872 0.0142785 0.0271288 0.0161086 0.0309716 0.0145715 0.0000000 0.0278779 0.0197730 0.0125151 0.0197658 0.0309318 0.0107011 0.0161547 0.0198634 0.0235196 
EPI566454|HA|A/Perth/33/2011|EPI_ISL_172959|A_/_H1N1                           0.0221719 0.0222483 0.0240730 0.0264381 0.0281257 0.0220879 0.0279043 0.0266376 0.0278202 0.0221533 0.0258834 0.0297524 0.0221718 0.0278779 0.0000000 0.0234936 0.0220129 0.0257844 0.0297134 0.0164704 0.0220879 0.0184483 0.0221719 
EPI349365|HA|A/Florida/36/2011|EPI_ISL_101593|A_/_H1N1                         0.0178784 0.0215950 0.0161124 0.0256591 0.0273068 0.0106428 0.0197906 0.0198838 0.0197332 0.0251026 0.0179319 0.0252068 0.0142875 0.0197730 0.0234936 0.0000000 0.0106138 0.0142062 0.0251883 0.0088410 0.0106428 0.0179006 0.0178784 
EPI309803|HA|A/Arizona/01/2011|EPI_ISL_88059|A_/_H1N1                          0.0178523 0.0179100 0.0124728 0.0218882 0.0235535 0.0106272 0.0161154 0.0161916 0.0160690 0.0214170 0.0179047 0.0251677 0.0106651 0.0125151 0.0220129 0.0106138 0.0000000 0.0141851 0.0214890 0.0052797 0.0106272 0.0142535 0.0178523 
EPI316342|HA|A/Delaware/06/2011|EPI_ISL_88073|A_/_H1N1                         0.0178721 0.0215869 0.0161070 0.0256485 0.0272953 0.0106397 0.0161760 0.0198765 0.0197260 0.0250926 0.0179256 0.0251966 0.0142829 0.0197658 0.0257844 0.0142062 0.0141851 0.0000000 0.0250587 0.0088385 0.0106397 0.0178944 0.0178721 
EPI309946|HA|A/Maine/03/2011|EPI_ISL_88098|A_/_H1N1                            0.0253139 0.0216450 0.0271871 0.0276359 0.0292787 0.0252199 0.0309609 0.0297767 0.0308690 0.0234161 0.0289693 0.0327747 0.0253142 0.0309318 0.0297134 0.0251883 0.0214890 0.0250587 0.0000000 0.0196914 0.0252199 0.0179419 0.0253139 
H1N1_2011_Consensus_Aligned                                                    0.0124584 0.0124982 0.0071045 0.0163650 0.0180623 0.0052967 0.0107102 0.0107604 0.0106796 0.0160146 0.0124946 0.0197166 0.0053153 0.0107011 0.0164704 0.0088410 0.0052797 0.0088385 0.0196914 0.0000000 0.0052967 0.0088805 0.0124584 
H1N1_2011_Medoid_Aligned|EPI349536|HA|A/Taiwan/67/2011|EPI_ISL_101906|A_/_H1N1 0.0142831 0.0179695 0.0125137 0.0219616 0.0236331 0.0000010 0.0161688 0.0162455 0.0161221 0.0214880 0.0143251 0.0215766 0.0106999 0.0161547 0.0220879 0.0106428 0.0106272 0.0106397 0.0252199 0.0052967 0.0000000 0.0143004 0.0142831 
H1N1_2011_Ancestral_Aligned_Node6                                              0.0143531 0.0035302 0.0161857 0.0090125 0.0107441 0.0143004 0.0198802 0.0184875 0.0198232 0.0070384 0.0216875 0.0216845 0.0143523 0.0198634 0.0184483 0.0179006 0.0142535 0.0178944 0.0179419 0.0088805 0.0143004 0.0000000 0.0143531 
H1N1_2011_COBRA_Aligned                                                        0.0000010 0.0180363 0.0198223 0.0220449 0.0237219 0.0142831 0.0235409 0.0222191 0.0234719 0.0215675 0.0216597 0.0106610 0.0179762 0.0235196 0.0221719 0.0178784 0.0178523 0.0178721 0.0253139 0.0124584 0.0142831 0.0143531 0.0000000 
