20
EPI1604165|HA|A/Osaka/UT-A01/2013|EPI_ISL_393910|A_/_H1N1                        0.0000000 0.0255745 0.0235333 0.0219696 0.0254071 0.0236911 0.0253697 0.0237286 0.0235664 0.0125032 0.0237420 0.0272754 0.0142707 0.0257335 0.0198256 0.0237755 0.0180071 0.0198256 0.0198318 0.0000010 
EPI540797|HA|A/MACAU/610435/2013|EPI_ISL_165924|A_/_H1N1                         0.0255745 0.0000000 0.0125128 0.0257167 0.0107213 0.0143789 0.0143162 0.0126139 0.0125282 0.0370964 0.0237576 0.0161634 0.0275048 0.0145165 0.0124948 0.0144608 0.0071113 0.0124948 0.0053244 0.0255745 
EPI544626|HA|A/Singapore/CGH001/2013|EPI_ISL_167043|A_/_H1N1                     0.0235333 0.0125128 0.0000000 0.0236631 0.0124347 0.0124711 0.0106801 0.0107169 0.0106446 0.0349145 0.0217325 0.0142408 0.0254405 0.0125892 0.0106167 0.0125413 0.0052875 0.0106167 0.0070588 0.0235333 
EPI439228|HA|A/Surat_Thani/16/2013|EPI_ISL_138660|A_/_H1N1                       0.0219696 0.0257167 0.0236631 0.0000000 0.0255473 0.0256252 0.0255095 0.0238605 0.0199155 0.0334598 0.0125645 0.0274260 0.0255735 0.0258774 0.0236292 0.0257774 0.0181063 0.0236292 0.0199410 0.0219696 
EPI445794|HA|A/Kherlen/658/2013|EPI_ISL_140301|A_/_H1N1                          0.0254071 0.0107213 0.0124347 0.0255473 0.0000000 0.0142882 0.0142263 0.0107089 0.0124498 0.0368442 0.0236026 0.0160614 0.0273236 0.0144241 0.0124168 0.0143691 0.0070677 0.0124168 0.0052920 0.0254071 
EPI567296|HA|A/Philippines/20/2013|EPI_ISL_173214|A_/_H1N1                       0.0236911 0.0143789 0.0124711 0.0256252 0.0142882 0.0000000 0.0142682 0.0125716 0.0124864 0.0351175 0.0236741 0.0124293 0.0274068 0.0144671 0.0124532 0.0126937 0.0070881 0.0124532 0.0088712 0.0236911 
EPI450490|HA|A/MACAU/600062/2013|EPI_ISL_141597|A_/_H1N1                         0.0253697 0.0143162 0.0106801 0.0255095 0.0142263 0.0142682 0.0000000 0.0125170 0.0124326 0.0367873 0.0235681 0.0160388 0.0272831 0.0144037 0.0123997 0.0143488 0.0070581 0.0123997 0.0088334 0.0253697 
EPI465498|HA|A/Vietnam/3029/2013|EPI_ISL_145106|A_/_H1N1                         0.0237286 0.0126139 0.0107169 0.0238605 0.0107089 0.0125716 0.0125170 0.0000000 0.0107297 0.0352131 0.0219124 0.0143557 0.0256527 0.0126915 0.0107014 0.0126428 0.0053292 0.0107014 0.0071146 0.0237286 
EPI466559|HA|A/Jordan/30021/2013|EPI_ISL_145413|A_/_H1N1                         0.0235664 0.0125282 0.0106446 0.0199155 0.0124498 0.0124864 0.0124326 0.0107297 0.0000000 0.0349703 0.0217624 0.0142585 0.0254770 0.0126047 0.0106293 0.0125567 0.0052934 0.0106293 0.0070668 0.0235664 
EPI477014|HA|A/Fukuoka-C/8/2013|EPI_ISL_148586|A_/_H1N1                          0.0125032 0.0370964 0.0349145 0.0334598 0.0368442 0.0351175 0.0367873 0.0352131 0.0349703 0.0000000 0.0352298 0.0387568 0.0253502 0.0373301 0.0311057 0.0345551 0.0292502 0.0311057 0.0311148 0.0125032 
EPI490886|HA|A/Vietnam/CD13-114/2013|EPI_ISL_151419|A_/_H1N1                     0.0237420 0.0237576 0.0217325 0.0125645 0.0236026 0.0236741 0.0235681 0.0219124 0.0217624 0.0352298 0.0000000 0.0254687 0.0273321 0.0200982 0.0217014 0.0238133 0.0162120 0.0217014 0.0180364 0.0237420 
EPI419975|HA|A/Malmoe/1/2013|EPI_ISL_135096|A_/_H1N1                             0.0272754 0.0161634 0.0142408 0.0274260 0.0160614 0.0124293 0.0160388 0.0143557 0.0142585 0.0387568 0.0254687 0.0000000 0.0255442 0.0162615 0.0142204 0.0161994 0.0088538 0.0142204 0.0106374 0.0272754 
EPI2184453|HA|A/Catalonia/NSVH206354/2013|EPI_ISL_15083856|A_/_H1N1              0.0142707 0.0275048 0.0254405 0.0255735 0.0273236 0.0274068 0.0272831 0.0256527 0.0254770 0.0253502 0.0273321 0.0255442 0.0000000 0.0276761 0.0254043 0.0275697 0.0198891 0.0254043 0.0217215 0.0142707 
EPI460690|HA|A/Salamanca/43/2013|EPI_ISL_143634|A_/_H1N1                         0.0257335 0.0145165 0.0125892 0.0258774 0.0144241 0.0144671 0.0144037 0.0126915 0.0126047 0.0373301 0.0200982 0.0162615 0.0276761 0.0000000 0.0125709 0.0145500 0.0071544 0.0125709 0.0089544 0.0257335 
EPI442699|HA|A/Colorado/03/2013|EPI_ISL_139492|A_/_H1N1                          0.0198256 0.0124948 0.0106167 0.0236292 0.0124168 0.0124532 0.0123997 0.0107014 0.0106293 0.0311057 0.0217014 0.0142204 0.0254043 0.0125709 0.0000000 0.0125231 0.0052799 0.0000010 0.0070486 0.0198256 
EPI465079|HA|A/Kentucky/06/2013|EPI_ISL_144959|A_/_H1N1                          0.0237755 0.0144608 0.0125413 0.0257774 0.0143691 0.0126937 0.0143488 0.0126428 0.0125567 0.0345551 0.0238133 0.0161994 0.0275697 0.0145500 0.0125231 0.0000000 0.0071273 0.0125231 0.0089204 0.0237755 
H1N1_2013_Consensus_Aligned                                                      0.0180071 0.0071113 0.0052875 0.0181063 0.0070677 0.0070881 0.0070581 0.0053292 0.0052934 0.0292502 0.0162120 0.0088538 0.0198891 0.0071544 0.0052799 0.0071273 0.0000000 0.0052799 0.0017551 0.0180071 
H1N1_2013_Medoid_Aligned|EPI442699|HA|A/Colorado/03/2013|EPI_ISL_139492|A_/_H1N1 0.0198256 0.0124948 0.0106167 0.0236292 0.0124168 0.0124532 0.0123997 0.0107014 0.0106293 0.0311057 0.0217014 0.0142204 0.0254043 0.0125709 0.0000010 0.0125231 0.0052799 0.0000000 0.0070486 0.0198256 
H1N1_2013_Ancestral_Aligned_Node8                                                0.0198318 0.0053244 0.0070588 0.0199410 0.0052920 0.0088712 0.0088334 0.0071146 0.0070668 0.0311148 0.0180364 0.0106374 0.0217215 0.0089544 0.0070486 0.0089204 0.0017551 0.0070486 0.0000000 0.0198318 
H1N1_2013_COBRA_Aligned                                                          0.0000010 0.0255745 0.0235333 0.0219696 0.0254071 0.0236911 0.0253697 0.0237286 0.0235664 0.0125032 0.0237420 0.0272754 0.0142707 0.0257335 0.0198256 0.0237755 0.0180071 0.0198256 0.0198318 0.0000000 
