57
EPI230121|HA|A/NIIGATA/1459/2009|EPI_ISL_65887|A_/_H1N1                  0.0000000 0.0142940 0.0143248 0.0142461 0.0143004 0.0107118 0.0106800 0.0143560 0.0160505 0.0143346 0.0142982 0.0108593 0.0106962 0.0106653 0.0181753 0.0126142 0.0220314 0.0180649 0.0219502 0.0143213 0.0161602 0.0106708 0.0161567 0.0161521 0.0145064 0.0143325 0.0106727 0.0179474 0.0145670 0.0161966 0.0124943 0.0143081 0.2880998 0.2948407 0.0106672 0.0143007 0.0215360 0.0142961 0.0217715 0.0143454 0.0218297 0.0106739 0.0142441 0.0143264 0.0142522 0.0143034 0.0142892 0.0125311 0.0125358 0.0143008 0.0143628 0.0142624 0.0219663 0.0160761 0.0143477 0.0143234 0.0179084 
EPI190831|HA|A/Taiwan/T1773/2009|EPI_ISL_33944|A_/_H1N1                  0.0142940 0.0000000 0.0142503 0.0141724 0.0142262 0.0142673 0.0142249 0.0142812 0.0124004 0.0142600 0.0142240 0.0144599 0.0142465 0.0142054 0.0180701 0.0089217 0.0181761 0.0161301 0.0181092 0.0142468 0.0160758 0.0143139 0.0160723 0.0160678 0.0181075 0.0142579 0.0142153 0.0142617 0.0108534 0.0124799 0.0124083 0.0142338 0.3047273 0.3007682 0.0142079 0.0142265 0.0178259 0.0142219 0.0216560 0.0142707 0.0217135 0.0142168 0.0106120 0.0142519 0.0141784 0.0142291 0.0142151 0.0160943 0.0160998 0.0142265 0.0142879 0.0141885 0.0181223 0.0124200 0.0142730 0.0106706 0.0178149 
EPI232996|HA|A/SAPPORO/464/2009|EPI_ISL_66729|A_/_H1N1                   0.0143248 0.0142503 0.0000000 0.0142026 0.0142567 0.0142980 0.0142554 0.0143119 0.0160013 0.0142906 0.0106089 0.0144914 0.0142771 0.0142358 0.0218330 0.0125755 0.0181586 0.0198487 0.0218803 0.0142774 0.0161103 0.0143448 0.0161068 0.0161023 0.0181469 0.0142885 0.0142458 0.0178918 0.0145216 0.0161465 0.0160534 0.0142643 0.2983275 0.2943810 0.0142383 0.0142569 0.0196869 0.0142524 0.0198589 0.0143014 0.0217605 0.0142472 0.0142007 0.0142825 0.0142087 0.0142596 0.0142455 0.0161289 0.0161345 0.0106459 0.0143187 0.0142188 0.0218962 0.0160267 0.0143037 0.0142795 0.0178531 
EPI233003|HA|A/YAMAGUCHI/184/2009|EPI_ISL_66736|A_/_H1N1                 0.0142461 0.0141724 0.0142026 0.0000000 0.0141787 0.0142196 0.0141774 0.0142333 0.0159140 0.0142122 0.0141765 0.0144109 0.0141989 0.0141581 0.0217111 0.0125061 0.0218376 0.0197388 0.0217578 0.0141992 0.0160218 0.0142658 0.0160183 0.0160139 0.0180459 0.0142102 0.0141679 0.0177936 0.0144408 0.0160576 0.0159655 0.0141862 0.3036504 0.2997029 0.0141605 0.0141790 0.0213508 0.0106025 0.0215824 0.0142229 0.0216394 0.0141693 0.0141233 0.0142042 0.0141313 0.0141816 0.0105792 0.0160402 0.0160457 0.0141790 0.0142400 0.0126585 0.0217736 0.0159391 0.0142252 0.0142013 0.0105785 
EPI240592|HA|A/HIROSHIMA-C/395/2009|EPI_ISL_69056|A_/_H1N1               0.0143004 0.0142262 0.0142567 0.0141787 0.0000000 0.0142737 0.0142313 0.0142876 0.0159743 0.0142663 0.0142303 0.0144665 0.0125282 0.0142118 0.0199884 0.0125540 0.0219232 0.0198149 0.0218428 0.0142532 0.0160830 0.0143203 0.0160795 0.0160750 0.0181158 0.0142643 0.0142217 0.0178616 0.0144967 0.0161191 0.0160263 0.0142401 0.3014435 0.2974950 0.0142142 0.0142328 0.0214326 0.0142283 0.0216659 0.0142771 0.0217235 0.0142231 0.0141768 0.0142583 0.0141848 0.0142355 0.0142214 0.0161016 0.0161071 0.0142329 0.0142943 0.0141948 0.0218587 0.0159997 0.0142794 0.0142553 0.0178230 
EPI349527|HA|A/Taiwan/1017/2009|EPI_ISL_101897|A_/_H1N1                  0.0107118 0.0142673 0.0142980 0.0142196 0.0142737 0.0000000 0.0106602 0.0143291 0.0160205 0.0143077 0.0142715 0.0108388 0.0106763 0.0106456 0.0181406 0.0125905 0.0219887 0.0180307 0.0219078 0.0142945 0.0161298 0.0143620 0.0161263 0.0161218 0.0144789 0.0143057 0.0106530 0.0179136 0.0145393 0.0161661 0.0160727 0.0142814 0.3014668 0.3009717 0.0106475 0.0142740 0.0214952 0.0142694 0.0217298 0.0143185 0.0217878 0.0106541 0.0142176 0.0142996 0.0142257 0.0142767 0.0142625 0.0125077 0.0125124 0.0142741 0.0143359 0.0142358 0.0219238 0.0160460 0.0143208 0.0142966 0.0178748 
EPI349526|HA|A/Taiwan/11706/2009|EPI_ISL_101896|A_/_H1N1                 0.0106800 0.0142249 0.0142554 0.0141774 0.0142313 0.0106602 0.0000000 0.0124618 0.0159729 0.0142651 0.0142291 0.0108072 0.0106447 0.0106142 0.0180856 0.0125528 0.0219213 0.0179764 0.0218410 0.0142519 0.0160816 0.0143191 0.0160781 0.0160736 0.0144353 0.0142630 0.0106215 0.0178601 0.0144953 0.0161176 0.0160249 0.0142389 0.3002500 0.2963052 0.0106161 0.0142315 0.0214308 0.0142270 0.0216641 0.0142758 0.0217217 0.0106226 0.0141755 0.0142570 0.0141835 0.0142342 0.0142201 0.0124705 0.0124751 0.0142316 0.0142930 0.0141936 0.0218569 0.0159983 0.0142781 0.0142540 0.0178214 
EPI241772|HA|A/TOCHIGI/356/2009|EPI_ISL_69740|A_/_H1N1                   0.0143560 0.0142812 0.0143119 0.0142333 0.0142876 0.0143291 0.0124618 0.0000000 0.0160359 0.0143217 0.0142854 0.0145233 0.0143081 0.0142667 0.0218812 0.0108008 0.0220097 0.0198922 0.0219287 0.0143084 0.0161454 0.0143761 0.0161419 0.0143280 0.0181869 0.0143196 0.0142767 0.0179308 0.0145537 0.0161817 0.0160882 0.0142953 0.3047295 0.2989776 0.0142691 0.0142879 0.0215154 0.0142833 0.0217504 0.0143325 0.0218085 0.0142781 0.0142314 0.0143136 0.0142395 0.0142905 0.0142764 0.0161641 0.0161697 0.0142879 0.0143499 0.0142496 0.0219448 0.0160614 0.0143348 0.0143105 0.0178918 
EPI248540|HA|A/SHIZUOKA-C/172/2009|EPI_ISL_71613|A_/_H1N1                0.0160505 0.0124004 0.0160013 0.0159140 0.0159743 0.0160205 0.0159729 0.0160359 0.0000000 0.0160122 0.0159716 0.0162337 0.0159971 0.0159511 0.0235553 0.0143138 0.0236922 0.0215649 0.0236059 0.0159973 0.0178281 0.0160725 0.0178240 0.0178192 0.0198771 0.0160096 0.0159622 0.0160140 0.0126373 0.0178679 0.0141808 0.0159827 0.3004440 0.2965050 0.0159538 0.0159745 0.0195715 0.0159695 0.0234137 0.0160243 0.0234775 0.0159638 0.0123576 0.0160031 0.0159207 0.0159774 0.0159620 0.0178487 0.0178546 0.0159747 0.0160434 0.0159320 0.0236231 0.0141678 0.0160266 0.0124257 0.0195593 
EPI254654|HA|A/Daejeon/1871/2009|EPI_ISL_74102|A_/_H1N1                  0.0143346 0.0142600 0.0142906 0.0142122 0.0142663 0.0143077 0.0142651 0.0143217 0.0160122 0.0000000 0.0142641 0.0145013 0.0142868 0.0142455 0.0218484 0.0125840 0.0219765 0.0198625 0.0218958 0.0142871 0.0161214 0.0143545 0.0161178 0.0161133 0.0181595 0.0142982 0.0142554 0.0179041 0.0145317 0.0161576 0.0160643 0.0142740 0.3005400 0.2965805 0.0142479 0.0124910 0.0214836 0.0142620 0.0217180 0.0143111 0.0217759 0.0142569 0.0142103 0.0106200 0.0142183 0.0142693 0.0142551 0.0143555 0.0124412 0.0142667 0.0143284 0.0142284 0.0219118 0.0160376 0.0143134 0.0106178 0.0178653 
EPI255807|HA|A/Thailand/THB0405/2009|EPI_ISL_74415|A_/_H1N1              0.0142982 0.0142240 0.0106089 0.0141765 0.0142303 0.0142715 0.0142291 0.0142854 0.0159716 0.0142641 0.0000000 0.0144641 0.0142506 0.0142095 0.0217910 0.0125521 0.0181240 0.0198110 0.0218380 0.0142509 0.0160803 0.0143181 0.0160768 0.0160722 0.0181124 0.0142621 0.0142195 0.0178583 0.0144943 0.0161163 0.0160235 0.0142379 0.3022191 0.2982909 0.0142120 0.0142306 0.0214281 0.0142260 0.0216613 0.0142748 0.0200404 0.0142209 0.0141746 0.0106829 0.0106279 0.0106659 0.0142192 0.0160988 0.0161043 0.0142306 0.0142921 0.0141926 0.0218540 0.0159970 0.0142771 0.0142531 0.0178197 
EPI263419|HA|A/Singapore/GP3441/2009|EPI_ISL_75728|A_/_H1N1              0.0108593 0.0144599 0.0144914 0.0144109 0.0144665 0.0108388 0.0108072 0.0145233 0.0162337 0.0145013 0.0144641 0.0000000 0.0108238 0.0107922 0.0183831 0.0127630 0.0222781 0.0182705 0.0221953 0.0144877 0.0163458 0.0145570 0.0163422 0.0163375 0.0146758 0.0144992 0.0107998 0.0181505 0.0147379 0.0163830 0.0162873 0.0144743 0.3056163 0.3016543 0.0107942 0.0144667 0.0217727 0.0144620 0.0220127 0.0145124 0.0220724 0.0108010 0.0144089 0.0144930 0.0144171 0.0144694 0.0126513 0.0126790 0.0126837 0.0144668 0.0145302 0.0144275 0.0222117 0.0162599 0.0145148 0.0144899 0.0181107 
EPI263429|HA|A/Singapore/GP4381/2009|EPI_ISL_75733|A_/_H1N1              0.0106962 0.0142465 0.0142771 0.0141989 0.0125282 0.0106763 0.0106447 0.0143081 0.0159971 0.0142868 0.0142506 0.0108238 0.0000000 0.0106302 0.0181136 0.0125720 0.0219556 0.0180040 0.0218750 0.0142736 0.0124953 0.0143409 0.0124928 0.0160981 0.0144575 0.0142847 0.0106375 0.0178873 0.0145177 0.0161423 0.0160492 0.0142605 0.2963076 0.2923604 0.0106321 0.0142531 0.0214636 0.0142486 0.0216976 0.0142976 0.0217553 0.0106387 0.0141970 0.0124704 0.0142050 0.0142558 0.0142417 0.0124895 0.0124941 0.0142532 0.0143148 0.0142151 0.0218910 0.0160226 0.0142999 0.0142757 0.0178486 
EPI263435|HA|A/Singapore/GP4697/2009|EPI_ISL_75736|A_/_H1N1              0.0106653 0.0142054 0.0142358 0.0141581 0.0142118 0.0106456 0.0106142 0.0142667 0.0159511 0.0142455 0.0142095 0.0107922 0.0106302 0.0000000 0.0180604 0.0125355 0.0218904 0.0179515 0.0218102 0.0106475 0.0160595 0.0142993 0.0160559 0.0160514 0.0144153 0.0142434 0.0106070 0.0178354 0.0144751 0.0160954 0.0160029 0.0142193 0.3002643 0.3023346 0.0106016 0.0142120 0.0214013 0.0142075 0.0216339 0.0142562 0.0198095 0.0106082 0.0141562 0.0142374 0.0141641 0.0142147 0.0142006 0.0124534 0.0124580 0.0142121 0.0142734 0.0141742 0.0218261 0.0159763 0.0142585 0.0142344 0.0177969 
EPI277593|HA|A/Amman/WR0060N/2009|EPI_ISL_78800|A_/_H1N1                 0.0181753 0.0180701 0.0218330 0.0217111 0.0199884 0.0181406 0.0180856 0.0218812 0.0235553 0.0218484 0.0217910 0.0183831 0.0181136 0.0180604 0.0000000 0.0125835 0.0107153 0.0180201 0.0106758 0.0218272 0.0237188 0.0199374 0.0237126 0.0237068 0.0221004 0.0218439 0.0180733 0.0255304 0.0221946 0.0237727 0.0236335 0.0218070 0.3177231 0.3137108 0.0180634 0.0217954 0.0291763 0.0217888 0.0294905 0.0218657 0.0295803 0.0180750 0.0217080 0.0218354 0.0217205 0.0217993 0.0217790 0.0200096 0.0200159 0.0217961 0.0218917 0.0217359 0.0106833 0.0235935 0.0218679 0.0218308 0.0254747 
EPI277609|HA|A/Taipei/WR0193T/2009|EPI_ISL_78802|A_/_H1N1                0.0126142 0.0089217 0.0125755 0.0125061 0.0125540 0.0125905 0.0125528 0.0108008 0.0143138 0.0125840 0.0125521 0.0127630 0.0125720 0.0125355 0.0125835 0.0000000 0.0126578 0.0106980 0.0126109 0.0125724 0.0144120 0.0126321 0.0144089 0.0144047 0.0164406 0.0125824 0.0125443 0.0162058 0.0127898 0.0144446 0.0143607 0.0125608 0.3026052 0.3017305 0.0125377 0.0125543 0.0198059 0.0125502 0.0200248 0.0125935 0.0200769 0.0125456 0.0125044 0.0125769 0.0125115 0.0125567 0.0125439 0.0144286 0.0144337 0.0125542 0.0126089 0.0125205 0.0126199 0.0143367 0.0125957 0.0125742 0.0161704 
EPI277641|HA|A/Bishkek/WR0881T/2009|EPI_ISL_78806|A_/_H1N1               0.0220314 0.0181761 0.0181586 0.0218376 0.0219232 0.0219887 0.0219213 0.0220097 0.0236922 0.0219765 0.0181240 0.0222781 0.0219556 0.0218904 0.0107153 0.0126578 0.0000000 0.0199774 0.0107385 0.0219551 0.0238576 0.0200543 0.0238513 0.0238454 0.0260387 0.0219719 0.0219063 0.0256791 0.0223265 0.0239121 0.0237713 0.0219346 0.3238815 0.3198698 0.0200516 0.0219228 0.0293449 0.0219162 0.0296624 0.0219940 0.0297534 0.0219083 0.0218345 0.0219634 0.0218472 0.0219268 0.0219063 0.0238869 0.0238937 0.0219236 0.0201228 0.0218627 0.0107461 0.0237309 0.0219963 0.0219587 0.0256227 
EPI277801|HA|A/Ankara/WR1429T/2009|EPI_ISL_78826|A_/_H1N1                0.0180649 0.0161301 0.0198487 0.0197388 0.0198149 0.0180307 0.0179764 0.0198922 0.0215649 0.0198625 0.0198110 0.0182705 0.0180040 0.0179515 0.0180201 0.0106980 0.0199774 0.0000000 0.0199043 0.0198436 0.0217134 0.0199381 0.0217080 0.0217024 0.0219646 0.0198587 0.0179642 0.0235111 0.0180611 0.0217624 0.0216359 0.0198252 0.3115671 0.3075959 0.0179545 0.0198148 0.0271267 0.0198088 0.0274187 0.0198780 0.0274992 0.0179659 0.0197360 0.0198509 0.0161164 0.0198184 0.0197997 0.0198880 0.0198943 0.0198153 0.0199016 0.0197613 0.0199187 0.0215996 0.0198803 0.0198467 0.0234600 
EPI277833|HA|A/Taipei/WR1472T/2009|EPI_ISL_78830|A_/_H1N1                0.0219502 0.0181092 0.0218803 0.0217578 0.0218428 0.0219078 0.0218410 0.0219287 0.0236059 0.0218958 0.0218380 0.0221953 0.0218750 0.0218102 0.0106758 0.0126109 0.0107385 0.0199043 0.0000000 0.0218745 0.0237701 0.0199806 0.0237639 0.0237580 0.0259426 0.0218912 0.0218260 0.0218324 0.0222433 0.0238242 0.0236845 0.0218541 0.3187313 0.3147094 0.0218138 0.0218425 0.0292388 0.0200182 0.0295542 0.0219131 0.0296445 0.0218280 0.0217547 0.0218827 0.0217673 0.0218464 0.0218260 0.0237992 0.0238060 0.0181214 0.0219392 0.0217828 0.0107064 0.0236443 0.0219154 0.0218781 0.0255295 
EPI297094|HA|A/Sendai/TU385/2009|EPI_ISL_84677|A_/_H1N1                  0.0143213 0.0142468 0.0142774 0.0141992 0.0142532 0.0142945 0.0142519 0.0143084 0.0159973 0.0142871 0.0142509 0.0144877 0.0142736 0.0106475 0.0218272 0.0125724 0.0219551 0.0198436 0.0218745 0.0000000 0.0161063 0.0143412 0.0124544 0.0124507 0.0181422 0.0106540 0.0142423 0.0142299 0.0145180 0.0161425 0.0160494 0.0142608 0.3100183 0.3037817 0.0142348 0.0142534 0.0214632 0.0142489 0.0216971 0.0142978 0.0217548 0.0142437 0.0141973 0.0142790 0.0142053 0.0106324 0.0124237 0.0161249 0.0161304 0.0142535 0.0143151 0.0142154 0.0218904 0.0160227 0.0143002 0.0106471 0.0178486 
EPI297101|HA|A/Sendai/TU396/2009|EPI_ISL_84684|A_/_H1N1                  0.0161602 0.0160758 0.0161103 0.0160218 0.0160830 0.0161298 0.0160816 0.0161454 0.0178281 0.0161214 0.0160803 0.0163458 0.0124953 0.0160595 0.0237188 0.0144120 0.0238576 0.0217134 0.0237701 0.0161063 0.0000000 0.0161825 0.0143208 0.0179409 0.0200145 0.0161188 0.0160707 0.0197353 0.0163802 0.0179902 0.0178863 0.0160915 0.3064734 0.3024940 0.0160622 0.0160832 0.0233221 0.0160781 0.0215231 0.0161336 0.0236399 0.0160723 0.0160196 0.0161122 0.0160287 0.0160862 0.0160705 0.0179709 0.0179768 0.0160834 0.0161530 0.0160401 0.0237876 0.0178565 0.0161360 0.0161088 0.0196926 
EPI297106|HA|A/Sendai/TU402/2009|EPI_ISL_84689|A_/_H1N1                  0.0106708 0.0143139 0.0143448 0.0142658 0.0143203 0.0143620 0.0143191 0.0143761 0.0160725 0.0143545 0.0143181 0.0145570 0.0143409 0.0142993 0.0199374 0.0126321 0.0200543 0.0199381 0.0199806 0.0143412 0.0161825 0.0000000 0.0161789 0.0161744 0.0145505 0.0143525 0.0143093 0.0179719 0.0145876 0.0162190 0.0161251 0.0143280 0.3003602 0.2964274 0.0143018 0.0143206 0.0215645 0.0143160 0.0218006 0.0143654 0.0218590 0.0143108 0.0142639 0.0143464 0.0142720 0.0143233 0.0143091 0.0162013 0.0162068 0.0143206 0.0143829 0.0142821 0.0199951 0.0160981 0.0143677 0.0143434 0.0179327 
EPI297133|HA|A/Sendai/TU447/2009|EPI_ISL_84716|A_/_H1N1                  0.0161567 0.0160723 0.0161068 0.0160183 0.0160795 0.0161263 0.0160781 0.0161419 0.0178240 0.0161178 0.0160768 0.0163422 0.0124928 0.0160559 0.0237126 0.0144089 0.0238513 0.0217080 0.0237639 0.0124544 0.0143208 0.0161789 0.0000000 0.0142691 0.0200097 0.0124642 0.0160672 0.0160532 0.0163765 0.0179861 0.0178822 0.0160880 0.2986215 0.2946760 0.0160587 0.0160797 0.0233162 0.0160746 0.0235690 0.0161301 0.0236338 0.0160688 0.0141983 0.0161086 0.0160252 0.0124390 0.0142382 0.0179667 0.0179726 0.0160799 0.0161495 0.0160366 0.0237813 0.0178524 0.0124962 0.0124562 0.0196879 
EPI297181|HA|A/Sendai/TU589/2009|EPI_ISL_84764|A_/_H1N1                  0.0161521 0.0160678 0.0161023 0.0160139 0.0160750 0.0161218 0.0160736 0.0143280 0.0178192 0.0161133 0.0160722 0.0163375 0.0160981 0.0160514 0.0237068 0.0144047 0.0238454 0.0217024 0.0237580 0.0124507 0.0179409 0.0161744 0.0142691 0.0000000 0.0163304 0.0124605 0.0160627 0.0160487 0.0163719 0.0179812 0.0178774 0.0160835 0.3134922 0.3095281 0.0160542 0.0160752 0.0233105 0.0160701 0.0198908 0.0143143 0.0236280 0.0124630 0.0160117 0.0161041 0.0160207 0.0124353 0.0142341 0.0179619 0.0179677 0.0160753 0.0161449 0.0160321 0.0237755 0.0178476 0.0161279 0.0124525 0.0196827 
EPI297185|HA|A/Sendai/TU587/2009|EPI_ISL_84768|A_/_H1N1                  0.0145064 0.0181075 0.0181469 0.0180459 0.0181158 0.0144789 0.0144353 0.0181869 0.0198771 0.0181595 0.0181124 0.0146758 0.0144575 0.0144153 0.0221004 0.0164406 0.0260387 0.0219646 0.0259426 0.0181422 0.0200145 0.0145505 0.0200097 0.0163304 0.0000000 0.0181563 0.0124247 0.0218201 0.0184515 0.0200599 0.0199428 0.0181254 0.3089743 0.3049958 0.0144178 0.0181158 0.0254485 0.0181102 0.0220035 0.0181736 0.0257992 0.0144269 0.0180434 0.0181489 0.0180538 0.0181192 0.0181017 0.0163311 0.0163367 0.0181162 0.0181955 0.0180667 0.0259619 0.0199092 0.0181760 0.0181451 0.0217725 
EPI297194|HA|A/Sendai/TU620/2009|EPI_ISL_84777|A_/_H1N1                  0.0143325 0.0142579 0.0142885 0.0142102 0.0142643 0.0143057 0.0142630 0.0143196 0.0160096 0.0142982 0.0142621 0.0144992 0.0142847 0.0142434 0.0218439 0.0125824 0.0219719 0.0198587 0.0218912 0.0106540 0.0161188 0.0143525 0.0124642 0.0124605 0.0181563 0.0000000 0.0142534 0.0142410 0.0145295 0.0161550 0.0160618 0.0142719 0.3029277 0.3027006 0.0142459 0.0142646 0.0214793 0.0142600 0.0217135 0.0143090 0.0217714 0.0142548 0.0142083 0.0142902 0.0142163 0.0106408 0.0124335 0.0161374 0.0161429 0.0142646 0.0143263 0.0142264 0.0219072 0.0160351 0.0143113 0.0106555 0.0178622 
EPI307264|HA|A/Taiwan/7949/2009|EPI_ISL_87441|A_/_H1N1                   0.0106727 0.0142153 0.0142458 0.0141679 0.0142217 0.0106530 0.0106215 0.0142767 0.0159622 0.0142554 0.0142195 0.0107998 0.0106375 0.0106070 0.0180733 0.0125443 0.0219063 0.0179642 0.0218260 0.0142423 0.0160707 0.0143093 0.0160672 0.0160627 0.0124247 0.0142534 0.0000000 0.0178480 0.0144854 0.0161067 0.0160141 0.0142293 0.2983773 0.2944281 0.0106089 0.0142220 0.0214164 0.0142174 0.0216494 0.0142662 0.0217069 0.0106155 0.0141660 0.0142474 0.0141740 0.0142246 0.0142106 0.0124621 0.0124667 0.0142220 0.0142834 0.0141840 0.0218419 0.0159875 0.0142685 0.0142444 0.0178094 
EPI210034|HA|A/FUKUOKA-C/2/2009|EPI_ISL_60011|A_/_H1N1                   0.0179474 0.0142617 0.0178918 0.0177936 0.0178616 0.0179136 0.0178601 0.0179308 0.0160140 0.0179041 0.0178583 0.0181505 0.0178873 0.0178354 0.0255304 0.0162058 0.0256791 0.0235111 0.0218324 0.0142299 0.0197353 0.0179719 0.0160532 0.0160487 0.0218201 0.0142410 0.0178480 0.0000000 0.0145334 0.0197796 0.0196655 0.0178709 0.2933057 0.2893638 0.0178384 0.0178616 0.0214860 0.0160721 0.0253739 0.0179179 0.0254456 0.0178497 0.0142120 0.0178938 0.0178012 0.0142123 0.0160140 0.0197586 0.0197648 0.0142269 0.0179392 0.0178138 0.0256042 0.0160395 0.0179202 0.0106580 0.0214724 
EPI212534|HA|A/Nagasaki/HA-14/2009|EPI_ISL_61244|A_/_H1N1                0.0145670 0.0108534 0.0145216 0.0144408 0.0144967 0.0145393 0.0144953 0.0145537 0.0126373 0.0145317 0.0144943 0.0147379 0.0145177 0.0144751 0.0221946 0.0127898 0.0223265 0.0180611 0.0222433 0.0145180 0.0163802 0.0145876 0.0163765 0.0163719 0.0184515 0.0145295 0.0144854 0.0145334 0.0000000 0.0164175 0.0163214 0.0145045 0.3088631 0.3048732 0.0144777 0.0144969 0.0181602 0.0144922 0.0220600 0.0145428 0.0221199 0.0144869 0.0108161 0.0145233 0.0144471 0.0144996 0.0144851 0.0163994 0.0164051 0.0144970 0.0145606 0.0144576 0.0222598 0.0126576 0.0145452 0.0108761 0.0181488 
EPI213909|HA|A/Singapore/TLL52/2009|EPI_ISL_61491|A_/_H1N1               0.0161966 0.0124799 0.0161465 0.0160576 0.0161191 0.0161661 0.0161176 0.0161817 0.0178679 0.0161576 0.0161163 0.0163830 0.0161423 0.0160954 0.0237727 0.0144446 0.0239121 0.0217624 0.0238242 0.0161425 0.0179902 0.0162190 0.0179861 0.0179812 0.0200599 0.0161550 0.0161067 0.0197796 0.0164175 0.0000000 0.0142821 0.0161276 0.3116946 0.3077208 0.0160981 0.0161192 0.0233742 0.0161142 0.0236283 0.0161699 0.0236935 0.0161083 0.0160554 0.0161483 0.0160645 0.0161222 0.0161065 0.0180113 0.0180172 0.0161194 0.0161894 0.0160759 0.0238418 0.0178964 0.0161723 0.0161449 0.0197366 
EPI213910|HA|A/Singapore/TLL53/2009|EPI_ISL_61492|A_/_H1N1               0.0124943 0.0124083 0.0160534 0.0159655 0.0160263 0.0160727 0.0160249 0.0160882 0.0141808 0.0160643 0.0160235 0.0162873 0.0160492 0.0160029 0.0236335 0.0143607 0.0237713 0.0216359 0.0236845 0.0160494 0.0178863 0.0161251 0.0178822 0.0178774 0.0199428 0.0160618 0.0160141 0.0196655 0.0163214 0.0142821 0.0000000 0.0160347 0.3053620 0.3047310 0.0160056 0.0160264 0.0232396 0.0160214 0.0234909 0.0160765 0.0235552 0.0160156 0.0159633 0.0160552 0.0159723 0.0160294 0.0160138 0.0179071 0.0179130 0.0160266 0.0160958 0.0159836 0.0237018 0.0177936 0.0160789 0.0160518 0.0196230 
EPI230191|HA|A/Stockholm/107/2009|EPI_ISL_65945|A_/_H1N1                 0.0143081 0.0142338 0.0142643 0.0141862 0.0142401 0.0142814 0.0142389 0.0142953 0.0159827 0.0142740 0.0142379 0.0144743 0.0142605 0.0142193 0.0218070 0.0125608 0.0219346 0.0198252 0.0218541 0.0142608 0.0160915 0.0143280 0.0160880 0.0160835 0.0181254 0.0142719 0.0142293 0.0178709 0.0145045 0.0161276 0.0160347 0.0000000 0.3053579 0.3014095 0.0142218 0.0106549 0.0214435 0.0142359 0.0216771 0.0142847 0.0217347 0.0142307 0.0141843 0.0142659 0.0141923 0.0142430 0.0142290 0.0161101 0.0161156 0.0142404 0.0143020 0.0142024 0.0181813 0.0160081 0.0142870 0.0142629 0.0178322 
EPI244706|HA|A/Sweden/1/2009|EPI_ISL_70643|A_/_H1N1                      0.2880998 0.3047273 0.2983275 0.3036504 0.3014435 0.3014668 0.3002500 0.3047295 0.3004440 0.3005400 0.3022191 0.3056163 0.2963076 0.3002643 0.3177231 0.3026052 0.3238815 0.3115671 0.3187313 0.3100183 0.3064734 0.3003602 0.2986215 0.3134922 0.3089743 0.3029277 0.2983773 0.2933057 0.3088631 0.3116946 0.3053620 0.3053579 0.0000000 0.0349187 0.3062736 0.3013494 0.3103779 0.3014444 0.3127482 0.3066296 0.3241270 0.3003422 0.2963442 0.3044160 0.3020520 0.3058170 0.3040823 0.3066742 0.2994417 0.3035579 0.3112898 0.3039808 0.3283857 0.3010731 0.3044646 0.3023700 0.3086857 
EPI245697|HA|A/Stockholm/1/2009|EPI_ISL_70809|A_/_H1N1                   0.2948407 0.3007682 0.2943810 0.2997029 0.2974950 0.3009717 0.2963052 0.2989776 0.2965050 0.2965805 0.2982909 0.3016543 0.2923604 0.3023346 0.3137108 0.3017305 0.3198698 0.3075959 0.3147094 0.3037817 0.3024940 0.2964274 0.2946760 0.3095281 0.3049958 0.3027006 0.2944281 0.2893638 0.3048732 0.3077208 0.3047310 0.3014095 0.0349187 0.0000000 0.2969405 0.2973955 0.3064066 0.2974934 0.3087741 0.3026607 0.3201036 0.2964047 0.2923888 0.2950842 0.2981035 0.3018767 0.3001418 0.2944620 0.2954918 0.2996123 0.3073209 0.2968816 0.3243513 0.2971265 0.3005143 0.2984188 0.3047432 
EPI386893|HA|A/Scotland/Aberdeen_2/2009|EPI_ISL_125732|A_/_H1N1          0.0106672 0.0142079 0.0142383 0.0141605 0.0142142 0.0106475 0.0106161 0.0142691 0.0159538 0.0142479 0.0142120 0.0107942 0.0106321 0.0106016 0.0180634 0.0125377 0.0200516 0.0179545 0.0218138 0.0142348 0.0160622 0.0143018 0.0160587 0.0160542 0.0144178 0.0142459 0.0106089 0.0178384 0.0144777 0.0160981 0.0160056 0.0142218 0.3062736 0.2969405 0.0000000 0.0142145 0.0214047 0.0142100 0.0216375 0.0142586 0.0216948 0.0106100 0.0141586 0.0106557 0.0141666 0.0142171 0.0142031 0.0124556 0.0124602 0.0142145 0.0142758 0.0141766 0.0218297 0.0159791 0.0142609 0.0142369 0.0177999 
EPI386933|HA|A/Scotland/Aberdeen_8/2009|EPI_ISL_125760|A_/_H1N1          0.0143007 0.0142265 0.0142569 0.0141790 0.0142328 0.0142740 0.0142315 0.0142879 0.0159745 0.0124910 0.0142306 0.0144667 0.0142531 0.0142120 0.0217954 0.0125543 0.0219228 0.0198148 0.0218425 0.0142534 0.0160832 0.0143206 0.0160797 0.0160752 0.0181158 0.0142646 0.0142220 0.0178616 0.0144969 0.0161192 0.0160264 0.0106549 0.3013494 0.2973955 0.0142145 0.0000000 0.0214323 0.0142285 0.0197961 0.0142773 0.0217232 0.0142234 0.0126911 0.0142586 0.0141850 0.0142357 0.0142217 0.0124936 0.0161072 0.0142331 0.0142946 0.0141951 0.0218584 0.0159999 0.0142796 0.0142556 0.0178230 
EPI387030|HA|A/Scotland/Perth_09V501016/2009|EPI_ISL_125774|A_/_H1N1     0.0215360 0.0178259 0.0196869 0.0213508 0.0214326 0.0214952 0.0214308 0.0215154 0.0195715 0.0214836 0.0214281 0.0217727 0.0214636 0.0214013 0.0291763 0.0198059 0.0293449 0.0271267 0.0292388 0.0214632 0.0233221 0.0215645 0.0233162 0.0233105 0.0254485 0.0214793 0.0214164 0.0214860 0.0181602 0.0233742 0.0232396 0.0214435 0.3103779 0.3064066 0.0214047 0.0214323 0.0000000 0.0214260 0.0273339 0.0215003 0.0290795 0.0178123 0.0141646 0.0214711 0.0213600 0.0214362 0.0214164 0.0233500 0.0233567 0.0214330 0.0178791 0.0213749 0.0292604 0.0196026 0.0215025 0.0178623 0.0250498 
EPI323711|HA|A/England/H093780041/2009|EPI_ISL_93111|A_/_H1N1            0.0142961 0.0142219 0.0142524 0.0106025 0.0142283 0.0142694 0.0142270 0.0142833 0.0159695 0.0142620 0.0142260 0.0144620 0.0142486 0.0142075 0.0217888 0.0125502 0.0219162 0.0198088 0.0200182 0.0142489 0.0160781 0.0143160 0.0160746 0.0160701 0.0181102 0.0142600 0.0142174 0.0160721 0.0144922 0.0161142 0.0160214 0.0142359 0.3014444 0.2974934 0.0142100 0.0142285 0.0214260 0.0000000 0.0216592 0.0142728 0.0217166 0.0142188 0.0141725 0.0142540 0.0141805 0.0142312 0.0142171 0.0160967 0.0161022 0.0124512 0.0142900 0.0141906 0.0218518 0.0159948 0.0142751 0.0142510 0.0142158 
EPI392060|HA|A/Scotland/Glasgow_412286/2009|EPI_ISL_127992|A_/_H1N1      0.0217715 0.0216560 0.0198589 0.0215824 0.0216659 0.0217298 0.0216641 0.0217504 0.0234137 0.0217180 0.0216613 0.0220127 0.0216976 0.0216339 0.0294905 0.0200248 0.0296624 0.0274187 0.0295542 0.0216971 0.0215231 0.0218006 0.0235690 0.0198908 0.0220035 0.0217135 0.0216494 0.0253739 0.0220600 0.0236283 0.0234909 0.0216771 0.3127482 0.3087741 0.0216375 0.0197961 0.0273339 0.0216592 0.0000000 0.0217350 0.0239428 0.0216514 0.0215794 0.0217052 0.0215917 0.0216695 0.0216494 0.0236037 0.0236104 0.0216663 0.0217607 0.0216070 0.0295762 0.0234514 0.0217373 0.0217006 0.0253189 
EPI392087|HA|A/Scotland/EastKilbride_412770/2009|EPI_ISL_127996|A_/_H1N1 0.0143454 0.0142707 0.0143014 0.0142229 0.0142771 0.0143185 0.0142758 0.0143325 0.0160243 0.0143111 0.0142748 0.0145124 0.0142976 0.0142562 0.0218657 0.0125935 0.0219940 0.0198780 0.0219131 0.0142978 0.0161336 0.0143654 0.0161301 0.0143143 0.0181736 0.0143090 0.0142662 0.0179179 0.0145428 0.0161699 0.0160765 0.0142847 0.3066296 0.3026607 0.0142586 0.0142773 0.0215003 0.0142728 0.0217350 0.0000000 0.0217930 0.0142676 0.0142210 0.0143030 0.0142290 0.0142800 0.0142659 0.0161523 0.0161578 0.0142774 0.0143392 0.0142391 0.0219291 0.0160498 0.0143242 0.0143000 0.0178790 
EPI392129|HA|A/Scotland/Glasgow_413886/2009|EPI_ISL_128004|A_/_H1N1      0.0218297 0.0217135 0.0217605 0.0216394 0.0217235 0.0217878 0.0217217 0.0218085 0.0234775 0.0217759 0.0200404 0.0220724 0.0217553 0.0198095 0.0295803 0.0200769 0.0297534 0.0274992 0.0296445 0.0217548 0.0236399 0.0218590 0.0236338 0.0236280 0.0257992 0.0217714 0.0217069 0.0254456 0.0221199 0.0236935 0.0235552 0.0217347 0.3241270 0.3201036 0.0216948 0.0217232 0.0290795 0.0217166 0.0239428 0.0217930 0.0000000 0.0217088 0.0216363 0.0217630 0.0216488 0.0217271 0.0217068 0.0236687 0.0236754 0.0217239 0.0218188 0.0216641 0.0296666 0.0235155 0.0217953 0.0217584 0.0253902 
EPI336133|HA|A/England/909/2009|EPI_ISL_96157|A_/_H1N1                   0.0106739 0.0142168 0.0142472 0.0141693 0.0142231 0.0106541 0.0106226 0.0142781 0.0159638 0.0142569 0.0142209 0.0108010 0.0106387 0.0106082 0.0180750 0.0125456 0.0219083 0.0179659 0.0218280 0.0142437 0.0160723 0.0143108 0.0160688 0.0124630 0.0144269 0.0142548 0.0106155 0.0178497 0.0144869 0.0161083 0.0160156 0.0142307 0.3003422 0.2964047 0.0106100 0.0142234 0.0178123 0.0142188 0.0216514 0.0142676 0.0217088 0.0000000 0.0141674 0.0142488 0.0141754 0.0142260 0.0142120 0.0124634 0.0124680 0.0142234 0.0142848 0.0141854 0.0218439 0.0159891 0.0142699 0.0142458 0.0178111 
EPI336231|HA|A/England/918/2009|EPI_ISL_96255|A_/_H1N1                   0.0142441 0.0106120 0.0142007 0.0141233 0.0141768 0.0142176 0.0141755 0.0142314 0.0123576 0.0142103 0.0141746 0.0144089 0.0141970 0.0141562 0.0217080 0.0125044 0.0218345 0.0197360 0.0217547 0.0141973 0.0160196 0.0142639 0.0141983 0.0160117 0.0180434 0.0142083 0.0141660 0.0142120 0.0108161 0.0160554 0.0159633 0.0141843 0.2963442 0.2923888 0.0141586 0.0126911 0.0141646 0.0141725 0.0215794 0.0142210 0.0216363 0.0141674 0.0000000 0.0142023 0.0141294 0.0141797 0.0141657 0.0160380 0.0160435 0.0141771 0.0106438 0.0141394 0.0217705 0.0123771 0.0142232 0.0106337 0.0177528 
EPI233074|HA|A/VICTORIA/2081/2009|EPI_ISL_66775|A_/_H1N1                 0.0143264 0.0142519 0.0142825 0.0142042 0.0142583 0.0142996 0.0142570 0.0143136 0.0160031 0.0106200 0.0106829 0.0144930 0.0124704 0.0142374 0.0218354 0.0125769 0.0219634 0.0198509 0.0218827 0.0142790 0.0161122 0.0143464 0.0161086 0.0161041 0.0181489 0.0142902 0.0142474 0.0178938 0.0145233 0.0161483 0.0160552 0.0142659 0.3044160 0.2950842 0.0106557 0.0142586 0.0214711 0.0142540 0.0217052 0.0143030 0.0217630 0.0142488 0.0142023 0.0000000 0.0106485 0.0106867 0.0142471 0.0161308 0.0124342 0.0142586 0.0143203 0.0142204 0.0218987 0.0160285 0.0143053 0.0106120 0.0178551 
EPI245079|HA|A/Australia/58/2009|EPI_ISL_70708|A_/_H1N1                  0.0142522 0.0141784 0.0142087 0.0141313 0.0141848 0.0142257 0.0141835 0.0142395 0.0159207 0.0142183 0.0106279 0.0144171 0.0142050 0.0141641 0.0217205 0.0125115 0.0218472 0.0161164 0.0217673 0.0142053 0.0160287 0.0142720 0.0160252 0.0160207 0.0180538 0.0142163 0.0141740 0.0178012 0.0144471 0.0160645 0.0159723 0.0141923 0.3020520 0.2981035 0.0141666 0.0141850 0.0213600 0.0141805 0.0215917 0.0142290 0.0216488 0.0141754 0.0141294 0.0106485 0.0000000 0.0106316 0.0141737 0.0160471 0.0160526 0.0141851 0.0142461 0.0141473 0.0217831 0.0159459 0.0142313 0.0142074 0.0159736 
EPI274977|HA|A/Guam/NHRC0027/2009|EPI_ISL_77875|A_/_H1N1                 0.0143034 0.0142291 0.0142596 0.0141816 0.0142355 0.0142767 0.0142342 0.0142905 0.0159774 0.0142693 0.0106659 0.0144694 0.0142558 0.0142147 0.0217993 0.0125567 0.0219268 0.0198184 0.0218464 0.0106324 0.0160862 0.0143233 0.0124390 0.0124353 0.0181192 0.0106408 0.0142246 0.0142123 0.0144996 0.0161222 0.0160294 0.0142430 0.3058170 0.3018767 0.0142171 0.0142357 0.0214362 0.0142312 0.0216695 0.0142800 0.0217271 0.0142260 0.0141797 0.0106867 0.0106316 0.0000000 0.0124084 0.0161047 0.0161102 0.0142358 0.0142972 0.0141977 0.0218623 0.0160028 0.0142823 0.0106339 0.0178262 
EPI2474217|HA|A/Tahiti/2032/2009|EPI_ISL_17264983|A_/_H1N1               0.0142892 0.0142151 0.0142455 0.0105792 0.0142214 0.0142625 0.0142201 0.0142764 0.0159620 0.0142551 0.0142192 0.0126513 0.0142417 0.0142006 0.0217790 0.0125439 0.0219063 0.0197997 0.0218260 0.0124237 0.0160705 0.0143091 0.0142382 0.0142341 0.0181017 0.0124335 0.0142106 0.0160140 0.0144851 0.0161065 0.0160138 0.0142290 0.3040823 0.3001418 0.0142031 0.0142217 0.0214164 0.0142171 0.0216494 0.0142659 0.0217068 0.0142120 0.0141657 0.0142471 0.0141737 0.0124084 0.0000000 0.0160890 0.0160945 0.0142217 0.0142831 0.0141837 0.0218419 0.0159873 0.0142682 0.0124255 0.0141847 
EPI231372|HA|A/Idaho/13/2009|EPI_ISL_66276|A_/_H1N1                      0.0125311 0.0160943 0.0161289 0.0160402 0.0161016 0.0125077 0.0124705 0.0161641 0.0178487 0.0143555 0.0160988 0.0126790 0.0124895 0.0124534 0.0200096 0.0144286 0.0238869 0.0198880 0.0237992 0.0161249 0.0179709 0.0162013 0.0179667 0.0179619 0.0163311 0.0161374 0.0124621 0.0197586 0.0163994 0.0180113 0.0179071 0.0161101 0.3066742 0.2944620 0.0124556 0.0124936 0.0233500 0.0160967 0.0236037 0.0161523 0.0236687 0.0124634 0.0160380 0.0161308 0.0160471 0.0161047 0.0160890 0.0000000 0.0143386 0.0161019 0.0161717 0.0160585 0.0238167 0.0178772 0.0161547 0.0161274 0.0197157 
EPI239613|HA|A/Minnesota/18/2009|EPI_ISL_68751|A_/_H1N1                  0.0125358 0.0160998 0.0161345 0.0160457 0.0161071 0.0125124 0.0124751 0.0161697 0.0178546 0.0124412 0.0161043 0.0126837 0.0124941 0.0124580 0.0200159 0.0144337 0.0238937 0.0198943 0.0238060 0.0161304 0.0179768 0.0162068 0.0179726 0.0179677 0.0163367 0.0161429 0.0124667 0.0197648 0.0164051 0.0180172 0.0179130 0.0161156 0.2994417 0.2954918 0.0124602 0.0161072 0.0233567 0.0161022 0.0236104 0.0161578 0.0236754 0.0124680 0.0160435 0.0124342 0.0160526 0.0161102 0.0160945 0.0143386 0.0000000 0.0161074 0.0161773 0.0160640 0.0238235 0.0178831 0.0161602 0.0124316 0.0197219 
EPI243726|HA|A/Iowa/14/2009|EPI_ISL_70261|A_/_H1N1                       0.0143008 0.0142265 0.0106459 0.0141790 0.0142329 0.0142741 0.0142316 0.0142879 0.0159747 0.0142667 0.0142306 0.0144668 0.0142532 0.0142121 0.0217961 0.0125542 0.0219236 0.0198153 0.0181214 0.0142535 0.0160834 0.0143206 0.0160799 0.0160753 0.0181162 0.0142646 0.0142220 0.0142269 0.0144970 0.0161194 0.0160266 0.0142404 0.3035579 0.2996123 0.0142145 0.0142331 0.0214330 0.0124512 0.0216663 0.0142774 0.0217239 0.0142234 0.0141771 0.0142586 0.0141851 0.0142358 0.0142217 0.0161019 0.0161074 0.0000000 0.0142946 0.0106071 0.0218591 0.0160000 0.0142797 0.0142556 0.0178233 
EPI243737|HA|A/Montana/23/2009|EPI_ISL_70263|A_/_H1N1                    0.0143628 0.0142879 0.0143187 0.0142400 0.0142943 0.0143359 0.0142930 0.0143499 0.0160434 0.0143284 0.0142921 0.0145302 0.0143148 0.0142734 0.0218917 0.0126089 0.0201228 0.0199016 0.0219392 0.0143151 0.0161530 0.0143829 0.0161495 0.0161449 0.0181955 0.0143263 0.0142834 0.0179392 0.0145606 0.0161894 0.0160958 0.0143020 0.3112898 0.3073209 0.0142758 0.0142946 0.0178791 0.0142900 0.0217607 0.0143392 0.0218188 0.0142848 0.0106438 0.0143203 0.0142461 0.0142972 0.0142831 0.0161717 0.0161773 0.0142946 0.0000000 0.0142563 0.0219552 0.0160690 0.0143416 0.0143173 0.0179002 
EPI258550|HA|A/California/VRDL89/2009|EPI_ISL_75124|A_/_H1N1             0.0142624 0.0141885 0.0142188 0.0126585 0.0141948 0.0142358 0.0141936 0.0142496 0.0159320 0.0142284 0.0141926 0.0144275 0.0142151 0.0141742 0.0217359 0.0125205 0.0218627 0.0197613 0.0217828 0.0142154 0.0160401 0.0142821 0.0160366 0.0160321 0.0180667 0.0142264 0.0141840 0.0178138 0.0144576 0.0160759 0.0159836 0.0142024 0.3039808 0.2968816 0.0141766 0.0141951 0.0213749 0.0141906 0.0216070 0.0142391 0.0216641 0.0141854 0.0141394 0.0142204 0.0141473 0.0141977 0.0141837 0.0160585 0.0160640 0.0106071 0.0142563 0.0000000 0.0217986 0.0159572 0.0142414 0.0142175 0.0177753 
EPI277697|HA|A/California/WR1315P/2009|EPI_ISL_78813|A_/_H1N1            0.0219663 0.0181223 0.0218962 0.0217736 0.0218587 0.0219238 0.0218569 0.0219448 0.0236231 0.0219118 0.0218540 0.0222117 0.0218910 0.0218261 0.0106833 0.0126199 0.0107461 0.0199187 0.0107064 0.0218904 0.0237876 0.0199951 0.0237813 0.0237755 0.0259619 0.0219072 0.0218419 0.0256042 0.0222598 0.0238418 0.0237018 0.0181813 0.3283857 0.3243513 0.0218297 0.0218584 0.0292604 0.0218518 0.0295762 0.0219291 0.0296666 0.0218439 0.0217705 0.0218987 0.0217831 0.0218623 0.0218419 0.0238167 0.0238235 0.0218591 0.0219552 0.0217986 0.0000000 0.0236616 0.0182299 0.0218940 0.0255482 
EPI211398|HA|A/Alaska/30/2009|EPI_ISL_60785|A_/_H1N1                     0.0160761 0.0124200 0.0160267 0.0159391 0.0159997 0.0160460 0.0159983 0.0160614 0.0141678 0.0160376 0.0159970 0.0162599 0.0160226 0.0159763 0.0235935 0.0143367 0.0237309 0.0215996 0.0236443 0.0160227 0.0178565 0.0160981 0.0178524 0.0178476 0.0199092 0.0160351 0.0159875 0.0160395 0.0126576 0.0178964 0.0177936 0.0160081 0.3010731 0.2971265 0.0159791 0.0159999 0.0196026 0.0159948 0.0234514 0.0160498 0.0235155 0.0159891 0.0123771 0.0160285 0.0159459 0.0160028 0.0159873 0.0178772 0.0178831 0.0160000 0.0160690 0.0159572 0.0236616 0.0000000 0.0160521 0.0124454 0.0195904 
EPI211577|HA|A/California/33/2009|EPI_ISL_60852|A_/_H1N1                 0.0143477 0.0142730 0.0143037 0.0142252 0.0142794 0.0143208 0.0142781 0.0143348 0.0160266 0.0143134 0.0142771 0.0145148 0.0142999 0.0142585 0.0218679 0.0125957 0.0219963 0.0198803 0.0219154 0.0143002 0.0161360 0.0143677 0.0124962 0.0161279 0.0181760 0.0143113 0.0142685 0.0179202 0.0145452 0.0161723 0.0160789 0.0142870 0.3044646 0.3005143 0.0142609 0.0142796 0.0215025 0.0142751 0.0217373 0.0143242 0.0217953 0.0142699 0.0142232 0.0143053 0.0142313 0.0142823 0.0142682 0.0161547 0.0161602 0.0142797 0.0143416 0.0142414 0.0182299 0.0160521 0.0000000 0.0143023 0.0178813 
EPI216866|HA|A/Idaho/08/2009|EPI_ISL_62246|A_/_H1N1                      0.0143234 0.0106706 0.0142795 0.0142013 0.0142553 0.0142966 0.0142540 0.0143105 0.0124257 0.0106178 0.0142531 0.0144899 0.0142757 0.0142344 0.0218308 0.0125742 0.0219587 0.0198467 0.0218781 0.0106471 0.0161088 0.0143434 0.0124562 0.0124525 0.0181451 0.0106555 0.0142444 0.0106580 0.0108761 0.0161449 0.0160518 0.0142629 0.3023700 0.2984188 0.0142369 0.0142556 0.0178623 0.0142510 0.0217006 0.0143000 0.0217584 0.0142458 0.0106337 0.0106120 0.0142074 0.0106339 0.0124255 0.0161274 0.0124316 0.0142556 0.0143173 0.0142175 0.0218940 0.0124454 0.0143023 0.0000000 0.0178513 
EPI217020|HA|A/Nevada/15/2009|EPI_ISL_62284|A_/_H1N1                     0.0179084 0.0178149 0.0178531 0.0105785 0.0178230 0.0178748 0.0178214 0.0178918 0.0195593 0.0178653 0.0178197 0.0181107 0.0178486 0.0177969 0.0254747 0.0161704 0.0256227 0.0234600 0.0255295 0.0178486 0.0196926 0.0179327 0.0196879 0.0196827 0.0217725 0.0178622 0.0178094 0.0214724 0.0181488 0.0197366 0.0196230 0.0178322 0.3086857 0.3047432 0.0177999 0.0178230 0.0250498 0.0142158 0.0253189 0.0178790 0.0253902 0.0178111 0.0177528 0.0178551 0.0159736 0.0178262 0.0141847 0.0197157 0.0197219 0.0178233 0.0179002 0.0177753 0.0255482 0.0195904 0.0178813 0.0178513 0.0000000 
