20
EPI1604164|HA|A/Yokohama/UT-K101/2012|EPI_ISL_393909|A_/_H1N1                      0.0000000 0.0108526 0.0163580 0.0145370 0.0259088 0.0200429 0.0201685 0.0203903 0.0163548 0.0202003 0.0294125 0.0143657 0.0182326 0.0202507 0.0181587 0.0161576 0.0071220 0.0108526 0.0125332 0.0000010 
EPI406032|HA|A/Ayutthaya/283/2012|EPI_ISL_132102|A_/_H1N1                          0.0108526 0.0000000 0.0165549 0.0109342 0.0220217 0.0164503 0.0165541 0.0165419 0.0127594 0.0204479 0.0297794 0.0183310 0.0184536 0.0204996 0.0183779 0.0163495 0.0072044 0.0000010 0.0126806 0.0108526 
EPI406035|HA|A/Chiang_Rai/312/2012|EPI_ISL_132103|A_/_H1N1                         0.0163580 0.0165549 0.0000000 0.0203276 0.0279204 0.0182407 0.0222695 0.0108633 0.0145533 0.0107677 0.0314271 0.0239382 0.0240990 0.0107912 0.0240013 0.0143785 0.0089538 0.0165549 0.0181999 0.0163580 
EPI413167|HA|A/YOKOHAMA/154/2012|EPI_ISL_133539|A_/_H1N1                           0.0145370 0.0109342 0.0203276 0.0000000 0.0301199 0.0201977 0.0164714 0.0245132 0.0164804 0.0242776 0.0336509 0.0182396 0.0183610 0.0203956 0.0182861 0.0200727 0.0108567 0.0109342 0.0126183 0.0145370 
EPI413170|HA|A/SAITAMA/88/2012|EPI_ISL_133540|A_/_H1N1                             0.0259088 0.0220217 0.0279204 0.0301199 0.0000000 0.0317172 0.0319252 0.0278925 0.0279159 0.0319657 0.0337414 0.0299029 0.0301070 0.0320579 0.0299851 0.0275603 0.0182338 0.0220217 0.0240116 0.0259088 
EPI450759|HA|A/Jericho/18/2012|EPI_ISL_141724|A_/_H1N1                             0.0200429 0.0164503 0.0182407 0.0201977 0.0317172 0.0000000 0.0221264 0.0223259 0.0144627 0.0221168 0.0351985 0.0276857 0.0278723 0.0221733 0.0277602 0.0180162 0.0125672 0.0164503 0.0218927 0.0200429 
EPI378229|HA|A/HIROSHIMA/17/2012|EPI_ISL_122175|A_/_H1N1                           0.0201685 0.0165541 0.0222695 0.0164714 0.0319252 0.0221264 0.0000000 0.0265095 0.0183894 0.0262520 0.0395702 0.0201471 0.0202819 0.0145912 0.0201992 0.0202670 0.0164348 0.0165541 0.0144825 0.0201685 
EPI379995|HA|A/Stockholm/25/2012|EPI_ISL_122761|A_/_H1N1                           0.0203903 0.0165419 0.0108633 0.0245132 0.0278925 0.0223259 0.0265095 0.0000000 0.0166238 0.0109745 0.0358265 0.0281755 0.0283688 0.0146722 0.0282528 0.0183243 0.0127811 0.0165419 0.0222737 0.0203903 
EPI383002|HA|A/Boras/1/2012|EPI_ISL_123787|A_/_H1N1                                0.0163548 0.0127594 0.0145533 0.0164804 0.0279159 0.0144627 0.0183894 0.0166238 0.0000000 0.0164720 0.0300821 0.0239340 0.0240948 0.0184272 0.0239971 0.0143757 0.0089519 0.0127594 0.0181964 0.0163548 
EPI397599|HA|A/Stockholm/16/2012|EPI_ISL_129669|A_/_H1N1                           0.0202003 0.0204479 0.0107677 0.0242776 0.0319657 0.0221168 0.0262520 0.0109745 0.0164720 0.0000000 0.0342307 0.0279025 0.0280919 0.0145397 0.0240880 0.0181568 0.0126670 0.0204479 0.0220648 0.0202003 
EPI417288|HA|A/SOUTH_AUSTRALIA/162/2012|EPI_ISL_134468|A_/_H1N1                    0.0294125 0.0297794 0.0314271 0.0336509 0.0337414 0.0351985 0.0395702 0.0358265 0.0300821 0.0342307 0.0000000 0.0334744 0.0319014 0.0355742 0.0335675 0.0310215 0.0217472 0.0297794 0.0275758 0.0294125 
EPI379559|HA|A/BRISBANE/19/2012|EPI_ISL_122593|A_/_H1N1                            0.0143657 0.0183310 0.0239382 0.0182396 0.0299029 0.0276857 0.0201471 0.0281755 0.0239340 0.0279025 0.0334744 0.0000000 0.0108736 0.0240176 0.0108290 0.0219401 0.0144326 0.0183310 0.0053384 0.0143657 
EPI394212|HA|A/BRISBANE/57/2012|EPI_ISL_128664|A_/_H1N1                            0.0182326 0.0184536 0.0240990 0.0183610 0.0301070 0.0278723 0.0202819 0.0283688 0.0240948 0.0280919 0.0319014 0.0108736 0.0000000 0.0241795 0.0109002 0.0220863 0.0145274 0.0184536 0.0053729 0.0182326 
EPI394286|HA|A/VICTORIA/637/2012|EPI_ISL_128689|A_/_H1N1                           0.0202507 0.0204996 0.0107912 0.0203956 0.0320579 0.0221733 0.0145912 0.0146722 0.0184272 0.0145397 0.0355742 0.0240176 0.0241795 0.0000000 0.0240812 0.0182005 0.0126955 0.0204996 0.0182599 0.0202507 
EPI370386|HA|A/California/21/2012|EPI_ISL_118684|A_/_H1N1                          0.0181587 0.0183779 0.0240013 0.0182861 0.0299851 0.0277602 0.0201992 0.0282528 0.0239971 0.0240880 0.0335675 0.0108290 0.0109002 0.0240812 0.0000000 0.0219970 0.0144683 0.0183779 0.0053508 0.0181587 
EPI394869|HA|A/Nebraska/10/2012|EPI_ISL_129013|A_/_H1N1                            0.0161576 0.0163495 0.0143785 0.0200727 0.0275603 0.0180162 0.0202670 0.0183243 0.0143757 0.0181568 0.0310215 0.0219401 0.0220863 0.0182005 0.0219970 0.0000000 0.0088477 0.0163495 0.0162676 0.0161576 
H1N1_2012_Consensus_Aligned                                                        0.0071220 0.0072044 0.0089538 0.0108567 0.0182338 0.0125672 0.0164348 0.0127811 0.0089519 0.0126670 0.0217472 0.0144326 0.0145274 0.0126955 0.0144683 0.0088477 0.0000000 0.0072044 0.0089163 0.0071220 
H1N1_2012_Medoid_Aligned|EPI406032|HA|A/Ayutthaya/283/2012|EPI_ISL_132102|A_/_H1N1 0.0108526 0.0000010 0.0165549 0.0109342 0.0220217 0.0164503 0.0165541 0.0165419 0.0127594 0.0204479 0.0297794 0.0183310 0.0184536 0.0204996 0.0183779 0.0163495 0.0072044 0.0000000 0.0126806 0.0108526 
H1N1_2012_Ancestral_Aligned_Node6                                                  0.0125332 0.0126806 0.0181999 0.0126183 0.0240116 0.0218927 0.0144825 0.0222737 0.0181964 0.0220648 0.0275758 0.0053384 0.0053729 0.0182599 0.0053508 0.0162676 0.0089163 0.0126806 0.0000000 0.0125332 
H1N1_2012_COBRA_Aligned                                                            0.0000010 0.0108526 0.0163580 0.0145370 0.0259088 0.0200429 0.0201685 0.0203903 0.0163548 0.0202003 0.0294125 0.0143657 0.0182326 0.0202507 0.0181587 0.0161576 0.0071220 0.0108526 0.0125332 0.0000000 
