16
EPI1604164|HA|A/Yokohama/UT-K101/2012|EPI_ISL_393909|A_/_H1N1   0.0000000 0.0108481 0.0163507 0.0145299 0.0258914 0.0200334 0.0201569 0.0203752 0.0163474 0.0201887 0.0293977 0.0143619 0.0182241 0.0202380 0.0181510 0.0161534 
EPI406032|HA|A/Ayutthaya/283/2012|EPI_ISL_132102|A_/_H1N1       0.0108481 0.0000000 0.0165443 0.0109283 0.0220094 0.0164414 0.0165435 0.0165315 0.0127529 0.0204321 0.0297580 0.0183205 0.0184414 0.0204828 0.0183666 0.0163423 
EPI406035|HA|A/Chiang_Rai/312/2012|EPI_ISL_132103|A_/_H1N1      0.0163507 0.0165443 0.0000000 0.0203130 0.0278994 0.0182316 0.0222529 0.0108587 0.0145464 0.0107648 0.0314088 0.0239239 0.0240824 0.0107879 0.0239859 0.0143745 
EPI413167|HA|A/YOKOHAMA/154/2012|EPI_ISL_133539|A_/_H1N1        0.0145299 0.0109283 0.0203130 0.0000000 0.0300911 0.0201852 0.0164618 0.0244879 0.0164707 0.0242569 0.0336245 0.0182302 0.0183500 0.0203801 0.0182759 0.0200624 
EPI413170|HA|A/SAITAMA/88/2012|EPI_ISL_133540|A_/_H1N1          0.0258914 0.0220094 0.0278994 0.0300911 0.0000000 0.0316929 0.0318971 0.0278721 0.0278948 0.0319379 0.0337139 0.0298791 0.0300802 0.0320280 0.0299598 0.0275456 
EPI450759|HA|A/Jericho/18/2012|EPI_ISL_141724|A_/_H1N1          0.0200334 0.0164414 0.0182316 0.0201852 0.0316929 0.0000000 0.0221123 0.0223081 0.0144572 0.0221030 0.0351779 0.0276687 0.0278525 0.0221583 0.0277417 0.0180107 
EPI378229|HA|A/HIROSHIMA/17/2012|EPI_ISL_122175|A_/_H1N1        0.0201569 0.0165435 0.0222529 0.0164618 0.0318971 0.0221123 0.0000000 0.0264815 0.0183780 0.0262291 0.0395377 0.0201363 0.0202692 0.0145838 0.0201874 0.0202544 
EPI379995|HA|A/Stockholm/25/2012|EPI_ISL_122761|A_/_H1N1        0.0203752 0.0165315 0.0108587 0.0244879 0.0278721 0.0223081 0.0264815 0.0000000 0.0166121 0.0109682 0.0357950 0.0281502 0.0283406 0.0146634 0.0282260 0.0183140 
EPI383002|HA|A/Boras/1/2012|EPI_ISL_123787|A_/_H1N1             0.0163474 0.0127529 0.0145464 0.0164707 0.0278948 0.0144572 0.0183780 0.0166121 0.0000000 0.0164630 0.0300576 0.0239197 0.0240781 0.0184152 0.0239816 0.0143716 
EPI397599|HA|A/Stockholm/16/2012|EPI_ISL_129669|A_/_H1N1        0.0201887 0.0204321 0.0107648 0.0242569 0.0319379 0.0221030 0.0262291 0.0109682 0.0164630 0.0000000 0.0342004 0.0278826 0.0280692 0.0145333 0.0240716 0.0181495 
EPI417288|HA|A/SOUTH_AUSTRALIA/162/2012|EPI_ISL_134468|A_/_H1N1 0.0293977 0.0297580 0.0314088 0.0336245 0.0337139 0.0351779 0.0395377 0.0357950 0.0300576 0.0342004 0.0000000 0.0334523 0.0318753 0.0355476 0.0335435 0.0310104 
EPI379559|HA|A/BRISBANE/19/2012|EPI_ISL_122593|A_/_H1N1         0.0143619 0.0183205 0.0239239 0.0182302 0.0298791 0.0276687 0.0201363 0.0281502 0.0239197 0.0278826 0.0334523 0.0000000 0.0108693 0.0240023 0.0108252 0.0219296 
EPI394212|HA|A/BRISBANE/57/2012|EPI_ISL_128664|A_/_H1N1         0.0182241 0.0184414 0.0240824 0.0183500 0.0300802 0.0278525 0.0202692 0.0283406 0.0240781 0.0280692 0.0318753 0.0108693 0.0000000 0.0241619 0.0108954 0.0220737 
EPI394286|HA|A/VICTORIA/637/2012|EPI_ISL_128689|A_/_H1N1        0.0202380 0.0204828 0.0107879 0.0203801 0.0320280 0.0221583 0.0145838 0.0146634 0.0184152 0.0145333 0.0355476 0.0240023 0.0241619 0.0000000 0.0240647 0.0181924 
EPI370386|HA|A/California/21/2012|EPI_ISL_118684|A_/_H1N1       0.0181510 0.0183666 0.0239859 0.0182759 0.0299598 0.0277417 0.0201874 0.0282260 0.0239816 0.0240716 0.0335435 0.0108252 0.0108954 0.0240647 0.0000000 0.0219855 
EPI394869|HA|A/Nebraska/10/2012|EPI_ISL_129013|A_/_H1N1         0.0161534 0.0163423 0.0143745 0.0200624 0.0275456 0.0180107 0.0202544 0.0183140 0.0143716 0.0181495 0.0310104 0.0219296 0.0220737 0.0181924 0.0219855 0.0000000 
