28
EPI349529|HA|A/Taiwan/3994/2010|EPI_ISL_101899|A_/_H1N1                          0.0000000 0.0178844 0.0142315 0.0106412 0.0106173 0.0105934 0.0124060 0.0105928 0.0142247 0.0124095 0.0105828 0.0159700 0.0178061 0.0141536 0.0123885 0.2780194 0.0124104 0.0105931 0.0177242 0.0142487 0.0106075 0.0105901 0.0123838 0.0160009 0.0052818 0.0000010 0.0123750 0.0105928 
EPI349528|HA|A/Taiwan/1164/2010|EPI_ISL_101898|A_/_H1N1                          0.0178844 0.0000000 0.0179328 0.0179366 0.0178954 0.0178548 0.0233403 0.0142388 0.0179241 0.0197202 0.0214425 0.0196748 0.0215369 0.0178340 0.0182238 0.2793005 0.0197473 0.0232840 0.0106606 0.0197793 0.0178786 0.0214573 0.0196789 0.0233702 0.0124652 0.0178844 0.0053174 0.0142388 
EPI249899|HA|A/Nagasaki/HA-10-5/2010|EPI_ISL_71903|A_/_H1N1                      0.0142315 0.0179328 0.0000000 0.0142727 0.0142403 0.0142081 0.0178296 0.0106214 0.0142631 0.0160497 0.0177758 0.0160129 0.0178541 0.0141916 0.0160224 0.2760352 0.0160716 0.0196002 0.0177717 0.0160975 0.0142270 0.0177881 0.0160162 0.0196726 0.0088551 0.0142315 0.0124083 0.0106214 
EPI272412|HA|A/NIIGATA/194/2010|EPI_ISL_77265|A_/_H1N1                           0.0106412 0.0179366 0.0142727 0.0000000 0.0106478 0.0106238 0.0160270 0.0106232 0.0142659 0.0124452 0.0141778 0.0160162 0.0178579 0.0141943 0.0124242 0.2695153 0.0160749 0.0159883 0.0177754 0.0142900 0.0106379 0.0141876 0.0124194 0.0160473 0.0052968 0.0106412 0.0124106 0.0106232 
EPI598887|HA|A/Bangkok/SIMI510/2010|EPI_ISL_181410|A_/_H1N1                      0.0106173 0.0178954 0.0142403 0.0106478 0.0000000 0.0106000 0.0159905 0.0105993 0.0142335 0.0124171 0.0141458 0.0159797 0.0178170 0.0141623 0.0123962 0.2801805 0.0160382 0.0159520 0.0177350 0.0142575 0.0106140 0.0141555 0.0123914 0.0160108 0.0052851 0.0106173 0.0123826 0.0105993 
EPI598885|HA|A/Bangkok/SIMI508/2010|EPI_ISL_181408|A_/_H1N1                      0.0105934 0.0178548 0.0142081 0.0106238 0.0106000 0.0000000 0.0159544 0.0105756 0.0142013 0.0123892 0.0141140 0.0159437 0.0177767 0.0141304 0.0123683 0.2746182 0.0160019 0.0159161 0.0176950 0.0142252 0.0105902 0.0141237 0.0123636 0.0159746 0.0052732 0.0105934 0.0123548 0.0105756 
EPI302108|HA|A/Taiwan/733/2010|EPI_ISL_86017|A_/_H1N1                            0.0124060 0.0233403 0.0178296 0.0160270 0.0159905 0.0159544 0.0000000 0.0159536 0.0196381 0.0177998 0.0159385 0.0213794 0.0232410 0.0159729 0.0177695 0.2843005 0.0196901 0.0177517 0.0231348 0.0196717 0.0159755 0.0159494 0.0177627 0.0214208 0.0106065 0.0124060 0.0177501 0.0159536 
EPI324760|HA|A/Thailand/CU-MV6/2010|EPI_ISL_93119|A_/_H1N1                       0.0105928 0.0142388 0.0106214 0.0106232 0.0105993 0.0105756 0.0159536 0.0000000 0.0106163 0.0123884 0.0141133 0.0123603 0.0141753 0.0105635 0.0123676 0.2703215 0.0124052 0.0159153 0.0141102 0.0124251 0.0105895 0.0141229 0.0123629 0.0159737 0.0051887 0.0105928 0.0086556 0.0000010 
EPI334839|HA|A/Aichi/118/2010|EPI_ISL_95637|A_/_H1N1                             0.0142247 0.0179241 0.0142631 0.0142659 0.0142335 0.0142013 0.0196381 0.0106163 0.0000000 0.0160420 0.0177673 0.0160053 0.0178455 0.0141849 0.0160147 0.2755913 0.0160639 0.0195908 0.0177632 0.0160898 0.0142202 0.0177795 0.0160086 0.0160140 0.0088509 0.0142247 0.0124024 0.0106163 
EPI403823|HA|A/England/03220137/2010|EPI_ISL_131599|A_/_H1N1                     0.0124095 0.0197202 0.0160497 0.0124452 0.0124171 0.0123892 0.0177998 0.0123884 0.0160420 0.0000000 0.0159431 0.0177879 0.0196347 0.0159616 0.0141929 0.2806765 0.0178531 0.0177569 0.0195441 0.0160692 0.0124056 0.0159541 0.0106222 0.0178224 0.0070595 0.0124095 0.0141774 0.0123884 
EPI403839|HA|A/Northern_Ireland/04380108/2010|EPI_ISL_131604|A_/_H1N1            0.0105828 0.0214425 0.0177758 0.0141778 0.0141458 0.0141140 0.0159385 0.0141133 0.0177673 0.0159431 0.0000000 0.0195041 0.0213507 0.0141163 0.0159162 0.2841209 0.0195754 0.0159003 0.0212525 0.0177975 0.0141327 0.0105623 0.0159101 0.0195418 0.0087965 0.0105828 0.0158988 0.0141133 
EPI273891|HA|A/Dnipropetrovsk/445/2010|EPI_ISL_77716|A_/_H1N1                    0.0159700 0.0196748 0.0160129 0.0160162 0.0159797 0.0159437 0.0213794 0.0123603 0.0160053 0.0177879 0.0195041 0.0000000 0.0195896 0.0159253 0.0177576 0.2767512 0.0178121 0.0213280 0.0194994 0.0178408 0.0159648 0.0195174 0.0177508 0.0214065 0.0105992 0.0159700 0.0141451 0.0123603 
EPI278514|HA|A/Ukraine/123/2010|EPI_ISL_79191|A_/_H1N1                           0.0178061 0.0215369 0.0178541 0.0178579 0.0178170 0.0177767 0.0232410 0.0141753 0.0178455 0.0196347 0.0213507 0.0195896 0.0000000 0.0141924 0.0196011 0.2686046 0.0196615 0.0231850 0.0213454 0.0196932 0.0178003 0.0213653 0.0195936 0.0232706 0.0124090 0.0178061 0.0159686 0.0141753 
EPI295619|HA|A/Slovakia/1623/2010|EPI_ISL_84236|A_/_H1N1                         0.0141536 0.0178340 0.0141916 0.0141943 0.0141623 0.0141304 0.0159729 0.0105635 0.0141849 0.0159616 0.0141163 0.0159253 0.0141924 0.0000000 0.0159346 0.2772409 0.0159833 0.0194927 0.0176745 0.0160090 0.0141491 0.0141260 0.0159285 0.0195644 0.0088068 0.0141536 0.0123406 0.0105635 
EPI295631|HA|A/Switzerland/3628824/2010|EPI_ISL_84242|A_/_H1N1                   0.0123885 0.0182238 0.0160224 0.0124242 0.0123962 0.0123683 0.0177695 0.0123676 0.0160147 0.0141929 0.0159162 0.0177576 0.0196011 0.0159346 0.0000000 0.2754572 0.0178226 0.0177268 0.0159320 0.0160418 0.0123847 0.0159271 0.0141635 0.0177920 0.0070477 0.0123885 0.0141535 0.0123676 
EPI299615|HA|A/Switzerland/5165/2010|EPI_ISL_85201|A_/_H1N1                      0.2780194 0.2793005 0.2760352 0.2695153 0.2801805 0.2746182 0.2843005 0.2703215 0.2755913 0.2806765 0.2841209 0.2767512 0.2686046 0.2772409 0.2754572 0.0000000 0.2791556 0.2774536 0.2769076 0.2800227 0.2728092 0.2823961 0.2799286 0.2807617 0.2722215 0.2780194 0.2747370 0.2703215 
EPI492960|HA|A/Extremadura/6530/2010|EPI_ISL_151911|A_/_H1N1                     0.0124104 0.0197473 0.0160716 0.0160749 0.0160382 0.0160019 0.0196901 0.0124052 0.0160639 0.0178531 0.0195754 0.0178121 0.0196615 0.0159833 0.0178226 0.2791556 0.0000000 0.0195946 0.0195708 0.0179063 0.0160231 0.0195889 0.0178158 0.0214853 0.0106377 0.0124104 0.0141966 0.0124052 
EPI280341|HA|A/Christchurch/16/2010|EPI_ISL_79721|A_/_H1N1                       0.0105931 0.0232840 0.0196002 0.0159883 0.0159520 0.0159161 0.0177517 0.0159153 0.0195908 0.0177569 0.0159003 0.0213280 0.0231850 0.0194927 0.0177268 0.2774536 0.0195946 0.0000000 0.0230795 0.0196242 0.0159372 0.0159111 0.0177200 0.0213692 0.0105810 0.0105931 0.0177075 0.0159153 
EPI250026|HA|A/Maryland/04/2010|EPI_ISL_71959|A_/_H1N1                           0.0177242 0.0106606 0.0177717 0.0177754 0.0177350 0.0176950 0.0231348 0.0141102 0.0177632 0.0195441 0.0212525 0.0194994 0.0213454 0.0176745 0.0159320 0.2769076 0.0195708 0.0230795 0.0000000 0.0196022 0.0177184 0.0212670 0.0195034 0.0231632 0.0123520 0.0177242 0.0052681 0.0141102 
EPI252143|HA|A/Minnesota/02/2010|EPI_ISL_73406|A_/_H1N1                          0.0142487 0.0197793 0.0160975 0.0142900 0.0142575 0.0142252 0.0196717 0.0124251 0.0160898 0.0160692 0.0177975 0.0178408 0.0196932 0.0160090 0.0160418 0.2800227 0.0179063 0.0196242 0.0196022 0.0000000 0.0142441 0.0178097 0.0160357 0.0196968 0.0088656 0.0142487 0.0142194 0.0124251 
EPI273717|HA|A/Minnesota/03/2010|EPI_ISL_77664|A_/_H1N1                          0.0106075 0.0178786 0.0142270 0.0106379 0.0106140 0.0105902 0.0159755 0.0105895 0.0142202 0.0124056 0.0141327 0.0159648 0.0178003 0.0141491 0.0123847 0.2728092 0.0160231 0.0159372 0.0177184 0.0142441 0.0000000 0.0141424 0.0123799 0.0159958 0.0052802 0.0106075 0.0123711 0.0105895 
EPI278832|HA|A/California/11/2010|EPI_ISL_79343|A_/_H1N1                         0.0105901 0.0214573 0.0177881 0.0141876 0.0141555 0.0141237 0.0159494 0.0141229 0.0177795 0.0159541 0.0105623 0.0195174 0.0213653 0.0141260 0.0159271 0.2823961 0.0195889 0.0159111 0.0212670 0.0178097 0.0141424 0.0000000 0.0123583 0.0195551 0.0088025 0.0105901 0.0159097 0.0141229 
EPI300969|HA|A/Indiana/06/2010|EPI_ISL_85569|A_/_H1N1                            0.0123838 0.0196789 0.0160162 0.0124194 0.0123914 0.0123636 0.0177627 0.0123629 0.0160086 0.0106222 0.0159101 0.0177508 0.0195936 0.0159285 0.0141635 0.2799286 0.0178158 0.0177200 0.0195034 0.0160357 0.0123799 0.0123583 0.0000000 0.0177852 0.0070451 0.0123838 0.0141481 0.0123629 
EPI301713|HA|A/Hawaii/16/2010|EPI_ISL_85813|A_/_H1N1                             0.0160009 0.0233702 0.0196726 0.0160473 0.0160108 0.0159746 0.0214208 0.0159737 0.0160140 0.0178224 0.0195418 0.0214065 0.0232706 0.0195644 0.0177920 0.2807617 0.0214853 0.0213692 0.0231632 0.0196968 0.0159958 0.0195551 0.0177852 0.0000000 0.0106198 0.0160009 0.0177726 0.0159737 
H1N1_2010_Consensus_Aligned                                                      0.0052818 0.0124652 0.0088551 0.0052968 0.0052851 0.0052732 0.0106065 0.0051887 0.0088509 0.0070595 0.0087965 0.0105992 0.0124090 0.0088068 0.0070477 0.2722215 0.0106377 0.0105810 0.0123520 0.0088656 0.0052802 0.0088025 0.0070451 0.0106198 0.0000000 0.0052818 0.0069275 0.0051887 
H1N1_2010_Medoid_Aligned|EPI349529|HA|A/Taiwan/3994/2010|EPI_ISL_101899|A_/_H1N1 0.0000010 0.0178844 0.0142315 0.0106412 0.0106173 0.0105934 0.0124060 0.0105928 0.0142247 0.0124095 0.0105828 0.0159700 0.0178061 0.0141536 0.0123885 0.2780194 0.0124104 0.0105931 0.0177242 0.0142487 0.0106075 0.0105901 0.0123838 0.0160009 0.0052818 0.0000000 0.0123750 0.0105928 
H1N1_2010_Ancestral_Aligned_Node10                                               0.0123750 0.0053174 0.0124083 0.0124106 0.0123826 0.0123548 0.0177501 0.0086556 0.0124024 0.0141774 0.0158988 0.0141451 0.0159686 0.0123406 0.0141535 0.2747370 0.0141966 0.0177075 0.0052681 0.0142194 0.0123711 0.0159097 0.0141481 0.0177726 0.0069275 0.0123750 0.0000000 0.0086556 
H1N1_2010_COBRA_Aligned                                                          0.0105928 0.0142388 0.0106214 0.0106232 0.0105993 0.0105756 0.0159536 0.0000010 0.0106163 0.0123884 0.0141133 0.0123603 0.0141753 0.0105635 0.0123676 0.2703215 0.0124052 0.0159153 0.0141102 0.0124251 0.0105895 0.0141229 0.0123629 0.0159737 0.0051887 0.0105928 0.0086556 0.0000000 
