16
EPI2667042|HA|A/Surat_Thani/P3935/2022|EPI_ISL_16613583|A_/_H1N1       0.0000000 0.0290206 0.0346453 0.0326047 0.0363725 0.0366071 0.0327558 0.0366783 0.0310251 0.0476639 0.3054132 0.0328141 0.0364584 0.0325991 0.0458171 0.0327387 
EPI2093894|HA|A/Abu_Dhabi/4277354/2022|EPI_ISL_13894471|A_/_H1N1       0.0290206 0.0000000 0.0106492 0.0106139 0.0106001 0.0106662 0.0106142 0.0106882 0.0106762 0.0250693 0.3107134 0.0106798 0.0106246 0.0106122 0.0195855 0.0106558 
EPI2461271|HA|A/Qatar/10-VI-22-2099096/2022|EPI_ISL_17204416|A_/_H1N1  0.0346453 0.0106492 0.0000000 0.0160055 0.0196411 0.0197650 0.0196673 0.0198050 0.0124665 0.0306019 0.3128923 0.0124708 0.0196868 0.0160029 0.0287916 0.0124427 
EPI2318975|HA|A/Bishkek/S-58SARI/2022|EPI_ISL_16714052|A_/_H1N1        0.0326047 0.0106139 0.0160055 0.0000000 0.0177391 0.0142213 0.0177627 0.0178865 0.0142175 0.0250177 0.3133668 0.0142225 0.0177802 0.0141324 0.0195680 0.0141906 
EPI2541975|HA|A/Palestine/8T/2022|EPI_ISL_17608695|A_/_H1N1            0.0363725 0.0106001 0.0196411 0.0177391 0.0000000 0.0142300 0.0141605 0.0142590 0.0178434 0.0306830 0.3168552 0.0178501 0.0141744 0.0177363 0.0251272 0.0178098 
EPI2585769|HA|A/ABUDHABI/UAE/0003318/2022|EPI_ISL_17776869|A_/_H1N1    0.0366071 0.0106662 0.0197650 0.0142213 0.0142300 0.0000000 0.0142489 0.0143487 0.0179559 0.0325236 0.3121837 0.0143102 0.0142630 0.0178474 0.0232593 0.0161122 
EPI2363642|HA|A/Pakistan/353/2022|EPI_ISL_16830554|A_/_H1N1            0.0327558 0.0106142 0.0196673 0.0177627 0.0141605 0.0142489 0.0000000 0.0142780 0.0178673 0.0323613 0.3192927 0.0178739 0.0141932 0.0177598 0.0268166 0.0178336 
EPI2260226|HA|A/Catalonia/NSVH101974424/2022|EPI_ISL_16258264|A_/_H1N1 0.0366783 0.0106882 0.0198050 0.0178865 0.0142590 0.0143487 0.0142780 0.0000000 0.0179924 0.0311480 0.3198534 0.0161782 0.0124806 0.0178835 0.0232786 0.0179583 
EPI2214090|HA|A/England/223840510/2022|EPI_ISL_15740756|A_/_H1N1       0.0310251 0.0106762 0.0124665 0.0142175 0.0178434 0.0179559 0.0178673 0.0179924 0.0000000 0.0287822 0.3200196 0.0106820 0.0178850 0.0142152 0.0269737 0.0106579 
EPI2207119|HA|A/Deeside/1535/2022|EPI_ISL_15677016|A_/_H1N1            0.0476639 0.0250693 0.0306019 0.0250177 0.0306830 0.0325236 0.0323613 0.0311480 0.0287822 0.0000000 0.3164233 0.0287946 0.0305152 0.0286086 0.0269314 0.0287292 
EPI2240803|HA|A/Navarra/4050/2022|EPI_ISL_16074739|A_/_H1N1            0.3054132 0.3107134 0.3128923 0.3133668 0.3168552 0.3121837 0.3192927 0.3198534 0.3200196 0.3164233 0.0000000 0.3090494 0.3201058 0.3097311 0.3248791 0.3177114 
EPI2384217|HA|A/Canberra/538/2022|EPI_ISL_16864421|A_/_H1N1            0.0328141 0.0106798 0.0124708 0.0142225 0.0178501 0.0143102 0.0178739 0.0161782 0.0106820 0.0287946 0.3090494 0.0000000 0.0178916 0.0142202 0.0269850 0.0106615 
EPI2235637|HA|A/Sydney/1325/2022|EPI_ISL_16003421|A_/_H1N1             0.0364584 0.0106246 0.0196868 0.0177802 0.0141744 0.0142630 0.0141932 0.0124806 0.0178850 0.0305152 0.3201058 0.0178916 0.0000000 0.0177773 0.0268431 0.0160961 
EPI2249111|HA|A/Iowa/39/2022|EPI_ISL_16199375|A_/_H1N1                 0.0325991 0.0106122 0.0160029 0.0141324 0.0177363 0.0178474 0.0177598 0.0178835 0.0142152 0.0286086 0.3097311 0.0142202 0.0177773 0.0000000 0.0268110 0.0141883 
EPI2345064|HA|A/Maine/35/2022|EPI_ISL_16764045|A_/_H1N1                0.0458171 0.0195855 0.0287916 0.0195680 0.0251272 0.0232593 0.0268166 0.0232786 0.0269737 0.0269314 0.3248791 0.0269850 0.0268431 0.0268110 0.0000000 0.0269237 
EPI2347151|HA|A/Florida/116/2022|EPI_ISL_16764981|A_/_H1N1             0.0327387 0.0106558 0.0124427 0.0141906 0.0178098 0.0161122 0.0178336 0.0179583 0.0106579 0.0287292 0.3177114 0.0106615 0.0160961 0.0141883 0.0269237 0.0000000 
