38
EPI1310932|HA|A/Nakhonratchasima/84/2018|EPI_ISL_329891|A_/_H1N1    0.0000000 0.0180224 0.0162428 0.0179803 0.0180751 0.0125504 0.0180292 0.0161026 0.0125265 0.0198666 0.0179871 0.0218937 0.0217533 0.0237498 0.0143419 0.0180366 0.0199909 0.0161369 0.0200336 0.0198466 0.0198429 0.0218629 0.0179464 0.0161724 0.0197570 0.0234769 0.0180730 0.0181478 0.0180876 0.0180534 0.0126268 0.0180867 0.0216620 0.0198332 0.0161771 0.0199053 0.0199178 0.0198558 
EPI1310924|HA|A/Bangkok/77/2018|EPI_ISL_329890|A_/_H1N1             0.0180224 0.0000000 0.0235695 0.0252869 0.0254202 0.0198120 0.0270978 0.0215000 0.0197756 0.0272099 0.0215407 0.0331496 0.0215792 0.0292694 0.0216118 0.0253673 0.0216947 0.0178387 0.0236261 0.0215390 0.0271779 0.0160938 0.0214912 0.0197267 0.0214422 0.0308340 0.0254199 0.0255226 0.0254377 0.0253902 0.0199369 0.0254368 0.0290132 0.0271667 0.0234731 0.0272658 0.0272821 0.0215489 
EPI1610325|HA|A/IBARAKI/38/2018|EPI_ISL_395548|A_/_H1N1             0.0162428 0.0235695 0.0000000 0.0198871 0.0199924 0.0106994 0.0217007 0.0179893 0.0143940 0.0179668 0.0198946 0.0276567 0.0236974 0.0218089 0.0162228 0.0199499 0.0219296 0.0180280 0.0219765 0.0217704 0.0179453 0.0238162 0.0198489 0.0180678 0.0216715 0.0235108 0.0199906 0.0200732 0.0181878 0.0199685 0.0181499 0.0200054 0.0235973 0.0217555 0.0180731 0.0200159 0.0218487 0.0217805 
EPI1610338|HA|A/YOKOHAMA/155/2018|EPI_ISL_395558|A_/_H1N1           0.0179803 0.0252869 0.0198871 0.0000000 0.0107050 0.0161637 0.0234211 0.0160884 0.0161334 0.0235186 0.0216223 0.0180983 0.0217352 0.0274526 0.0179586 0.0142816 0.0199738 0.0124922 0.0237176 0.0198297 0.0234907 0.0255502 0.0215723 0.0198006 0.0197403 0.0196641 0.0143097 0.0218156 0.0217431 0.0106921 0.0198901 0.0217422 0.0142567 0.0197935 0.0198063 0.0235657 0.0198778 0.0198389 
EPI1610341|HA|A/YOKOHAMA/137/2018|EPI_ISL_395561|A_/_H1N1           0.0180751 0.0254202 0.0199924 0.0107050 0.0000000 0.0162489 0.0235444 0.0161729 0.0162183 0.0199546 0.0180662 0.0145171 0.0218503 0.0257267 0.0180531 0.0107381 0.0200800 0.0162074 0.0238441 0.0199344 0.0199306 0.0218434 0.0216858 0.0161572 0.0198440 0.0161320 0.0107590 0.0219316 0.0218584 0.0107484 0.0199954 0.0218575 0.0107193 0.0199209 0.0199107 0.0236905 0.0200063 0.0199437 
EPI1485000|HA|A/Laos/F3512/2018|EPI_ISL_363494|A_/_H1N1             0.0125504 0.0198120 0.0106994 0.0161637 0.0162489 0.0000000 0.0142733 0.0142972 0.0107238 0.0128957 0.0161698 0.0238072 0.0199174 0.0180527 0.0125347 0.0162141 0.0181526 0.0143274 0.0181915 0.0180216 0.0142624 0.0200186 0.0161337 0.0143590 0.0179405 0.0216469 0.0162465 0.0163142 0.0162601 0.0125354 0.0144239 0.0125584 0.0198340 0.0180096 0.0106972 0.0143602 0.0180865 0.0180302 
EPI1315937|HA|A/Qatar/10-vi-18-0040450/2018|EPI_ISL_330795|A_/_H1N1 0.0180292 0.0270978 0.0217007 0.0234211 0.0235444 0.0142733 0.0000000 0.0215122 0.0179315 0.0217048 0.0234297 0.0256112 0.0272460 0.0292877 0.0197600 0.0197496 0.0236063 0.0179052 0.0255473 0.0253093 0.0253026 0.0273796 0.0233751 0.0216062 0.0251943 0.0289485 0.0235435 0.0236390 0.0235606 0.0197616 0.0217037 0.0197977 0.0271313 0.0252917 0.0178868 0.0178891 0.0253991 0.0253206 
EPI1319054|HA|A/TOCHIGI/18139/2018|EPI_ISL_331254|A_/_H1N1          0.0161026 0.0215000 0.0179893 0.0160884 0.0161729 0.0142972 0.0215122 0.0000000 0.0142704 0.0216018 0.0197220 0.0236948 0.0124987 0.0217503 0.0124516 0.0197764 0.0107392 0.0106462 0.0217832 0.0106636 0.0215762 0.0236064 0.0196772 0.0179115 0.0106165 0.0252000 0.0198163 0.0198976 0.0198318 0.0161535 0.0179921 0.0125288 0.0197416 0.0215661 0.0179167 0.0216442 0.0216576 0.0106688 
EPI1488183|HA|A/Laos/2581/2018|EPI_ISL_364102|A_/_H1N1              0.0125265 0.0197756 0.0143940 0.0161334 0.0162183 0.0107238 0.0179315 0.0142704 0.0000000 0.0143568 0.0161395 0.0237636 0.0198806 0.0181518 0.0125108 0.0161837 0.0181186 0.0143004 0.0181574 0.0179881 0.0179852 0.0199814 0.0161035 0.0143319 0.0179073 0.0216074 0.0162160 0.0162834 0.0162295 0.0143733 0.0143966 0.0162286 0.0197975 0.0179762 0.0143361 0.0180414 0.0180528 0.0179966 
EPI1328963|HA|A/Oman/6053/2018|EPI_ISL_332857|A_/_H1N1              0.0198666 0.0272099 0.0179668 0.0235186 0.0199546 0.0128957 0.0217048 0.0216018 0.0143568 0.0000000 0.0161920 0.0276000 0.0273593 0.0180630 0.0198428 0.0199123 0.0256002 0.0216489 0.0256545 0.0254145 0.0142820 0.0274939 0.0234722 0.0216965 0.0235198 0.0253720 0.0199528 0.0237383 0.0236592 0.0236148 0.0217948 0.0236583 0.0235513 0.0180343 0.0217027 0.0254896 0.0181114 0.0254259 
EPI1329687|HA|A/Abu_Dhabi/105/2018|EPI_ISL_333020|A_/_H1N1          0.0179871 0.0215407 0.0198946 0.0216223 0.0180662 0.0161698 0.0234297 0.0197220 0.0161395 0.0161920 0.0000000 0.0256570 0.0216556 0.0237201 0.0179653 0.0180278 0.0199008 0.0160649 0.0199431 0.0197578 0.0125265 0.0217643 0.0178665 0.0161001 0.0179009 0.0234665 0.0143900 0.0218238 0.0217512 0.0217104 0.0198975 0.0217503 0.0216521 0.0125195 0.0198137 0.0219443 0.0125730 0.0197669 
EPI1334069|HA|A/Oman/4852/2018|EPI_ISL_333658|A_/_H1N1              0.0218937 0.0331496 0.0276567 0.0180983 0.0145171 0.0238072 0.0256112 0.0236948 0.0237636 0.0276000 0.0256570 0.0000000 0.0295567 0.0354665 0.0256383 0.0144280 0.0277795 0.0237476 0.0316326 0.0275755 0.0275672 0.0334996 0.0293265 0.0275335 0.0274478 0.0236319 0.0181922 0.0296658 0.0295656 0.0181724 0.0276597 0.0295648 0.0181231 0.0257921 0.0275412 0.0275433 0.0276744 0.0275878 
EPI1190108|HA|A/KANAGAWA/AC1718/2018|EPI_ISL_301756|A_/_H1N1        0.0217533 0.0215792 0.0236974 0.0217352 0.0218503 0.0199174 0.0272460 0.0124987 0.0198806 0.0273593 0.0216556 0.0295567 0.0000000 0.0275531 0.0180221 0.0255057 0.0126105 0.0125005 0.0237546 0.0125211 0.0273270 0.0237323 0.0216055 0.0198311 0.0124654 0.0310054 0.0255590 0.0256627 0.0255769 0.0218242 0.0237004 0.0218202 0.0254601 0.0273157 0.0235999 0.0274159 0.0274324 0.0125272 
EPI1370197|HA|A/Bursa/1874/2018|EPI_ISL_341340|A_/_H1N1             0.0237498 0.0292694 0.0218089 0.0274526 0.0257267 0.0180527 0.0292877 0.0217503 0.0181518 0.0180630 0.0237201 0.0354665 0.0275531 0.0000000 0.0199268 0.0275413 0.0257811 0.0217981 0.0296646 0.0255927 0.0217235 0.0315255 0.0273962 0.0256061 0.0236833 0.0330829 0.0275996 0.0277116 0.0276182 0.0275662 0.0257233 0.0276174 0.0312382 0.0256063 0.0256134 0.0294719 0.0257164 0.0238345 
EPI1370195|HA|A/Istanbul/1683/2018|EPI_ISL_341339|A_/_H1N1          0.0143419 0.0216118 0.0162228 0.0179586 0.0180531 0.0125347 0.0197600 0.0124516 0.0125108 0.0198428 0.0179653 0.0256383 0.0180221 0.0199268 0.0000000 0.0180148 0.0162605 0.0161171 0.0200095 0.0161437 0.0198191 0.0218369 0.0179248 0.0161526 0.0160715 0.0234496 0.0180510 0.0181257 0.0180656 0.0180315 0.0162255 0.0143846 0.0216365 0.0198095 0.0161573 0.0198814 0.0198939 0.0161514 
EPI1420279|HA|A/Philippines/71/2018|EPI_ISL_351747|A_/_H1N1         0.0180366 0.0253673 0.0199499 0.0142816 0.0107381 0.0162141 0.0197496 0.0197764 0.0161837 0.0199123 0.0180278 0.0144280 0.0255057 0.0275413 0.0180148 0.0000000 0.0237431 0.0198192 0.0237936 0.0235709 0.0198884 0.0256323 0.0216403 0.0198629 0.0234637 0.0160978 0.0107357 0.0218851 0.0218121 0.0143393 0.0199529 0.0218112 0.0143008 0.0198787 0.0179830 0.0198709 0.0199637 0.0235817 
EPI1433940|HA|A/Laos/2649/2018|EPI_ISL_354342|A_/_H1N1              0.0199909 0.0216947 0.0219296 0.0199738 0.0200800 0.0181526 0.0236063 0.0107392 0.0181186 0.0256002 0.0199008 0.0277795 0.0126105 0.0257811 0.0162605 0.0237431 0.0000000 0.0107408 0.0219831 0.0107585 0.0255697 0.0238231 0.0198551 0.0180737 0.0107105 0.0292551 0.0237925 0.0238900 0.0238099 0.0200558 0.0219326 0.0200522 0.0237006 0.0255587 0.0218393 0.0256527 0.0256683 0.0107639 
EPI1281616|HA|A/Chiang_Rai/11/2018|EPI_ISL_322757|A_/_H1N1          0.0161369 0.0178387 0.0180280 0.0124922 0.0162074 0.0143274 0.0179052 0.0106462 0.0143004 0.0216489 0.0160649 0.0237476 0.0125005 0.0217981 0.0161171 0.0198192 0.0107408 0.0000000 0.0180723 0.0106651 0.0216232 0.0198875 0.0160293 0.0142658 0.0106180 0.0252557 0.0198593 0.0199409 0.0198748 0.0161879 0.0180308 0.0198739 0.0197842 0.0179434 0.0179551 0.0216915 0.0180198 0.0106703 
EPI1297216|HA|A/Philippines/21/2018|EPI_ISL_326761|A_/_H1N1         0.0200336 0.0236261 0.0219765 0.0237176 0.0238441 0.0181915 0.0255473 0.0217832 0.0181574 0.0256545 0.0199431 0.0316326 0.0237546 0.0296646 0.0200095 0.0237936 0.0219831 0.0180723 0.0000000 0.0200725 0.0256239 0.0238739 0.0198973 0.0181123 0.0217238 0.0293166 0.0238432 0.0200964 0.0200293 0.0238155 0.0181707 0.0223139 0.0163113 0.0256128 0.0203270 0.0257072 0.0257229 0.0218334 
EPI1319848|HA|A/Cardiff/6185/2018|EPI_ISL_331387|A_/_H1N1           0.0198466 0.0215390 0.0217704 0.0198297 0.0199344 0.0180216 0.0253093 0.0106636 0.0179881 0.0254145 0.0197578 0.0275755 0.0125211 0.0255927 0.0161437 0.0235709 0.0107585 0.0106651 0.0200725 0.0000000 0.0253845 0.0236499 0.0197128 0.0179439 0.0106353 0.0290431 0.0236196 0.0237158 0.0236368 0.0199106 0.0217735 0.0199070 0.0217920 0.0253735 0.0216815 0.0254662 0.0216907 0.0106868 
EPI1355904|HA|A/England/593/2018|EPI_ISL_338409|A_/_H1N1            0.0198429 0.0271779 0.0179453 0.0234907 0.0199306 0.0142624 0.0253026 0.0215762 0.0179852 0.0142820 0.0125265 0.0275672 0.0273270 0.0217235 0.0198191 0.0198884 0.0255697 0.0216232 0.0256239 0.0253845 0.0000000 0.0274613 0.0234445 0.0216707 0.0234920 0.0253421 0.0199288 0.0237100 0.0236310 0.0235867 0.0217688 0.0236301 0.0235234 0.0143507 0.0216769 0.0238394 0.0144120 0.0253959 
EPI1215686|HA|A/Sweden/15/2018|EPI_ISL_307076|A_/_H1N1              0.0218629 0.0160938 0.0238162 0.0255502 0.0218434 0.0200186 0.0273796 0.0236064 0.0199814 0.0274939 0.0217643 0.0334996 0.0237323 0.0315255 0.0218369 0.0256323 0.0238231 0.0198875 0.0238739 0.0236499 0.0274613 0.0000000 0.0217137 0.0161800 0.0235420 0.0311550 0.0256861 0.0257908 0.0257041 0.0256557 0.0238193 0.0257032 0.0293157 0.0274499 0.0237178 0.0275511 0.0275677 0.0236607 
EPI1538381|HA|A/England/7518/2018|EPI_ISL_376401|A_/_H1N1           0.0179464 0.0214912 0.0198489 0.0215723 0.0216858 0.0161337 0.0233751 0.0196772 0.0161035 0.0234722 0.0178665 0.0293265 0.0216055 0.0273962 0.0179248 0.0216403 0.0198551 0.0160293 0.0198973 0.0197128 0.0234445 0.0217137 0.0000000 0.0160644 0.0196244 0.0197787 0.0216844 0.0217729 0.0217007 0.0216601 0.0198519 0.0216998 0.0236115 0.0234339 0.0197684 0.0235191 0.0235334 0.0197219 
EPI1259039|HA|A/Switzerland/6244/2018|EPI_ISL_315739|A_/_H1N1       0.0161724 0.0197267 0.0180678 0.0198006 0.0161572 0.0143590 0.0216062 0.0179115 0.0143319 0.0216965 0.0161001 0.0275335 0.0198311 0.0256061 0.0161526 0.0198629 0.0180737 0.0142658 0.0181123 0.0179439 0.0216707 0.0161800 0.0160644 0.0000000 0.0178635 0.0253110 0.0199032 0.0199851 0.0199187 0.0198812 0.0180707 0.0181277 0.0234941 0.0216605 0.0179946 0.0217394 0.0217529 0.0179523 
EPI1242922|HA|A/Perth/14/2018|EPI_ISL_312217|A_/_H1N1               0.0197570 0.0214422 0.0216715 0.0197403 0.0198440 0.0179405 0.0251943 0.0106165 0.0179073 0.0235198 0.0179009 0.0274478 0.0124654 0.0236833 0.0160715 0.0234637 0.0107105 0.0106180 0.0217238 0.0106353 0.0234920 0.0235420 0.0196244 0.0178635 0.0000000 0.0289103 0.0235119 0.0236072 0.0235289 0.0198204 0.0216745 0.0198169 0.0234221 0.0234814 0.0215833 0.0253498 0.0235813 0.0106405 
EPI1319381|HA|A/Victoria/22/2018|EPI_ISL_331301|A_/_H1N1            0.0234769 0.0308340 0.0235108 0.0196641 0.0161320 0.0216469 0.0289485 0.0252000 0.0216074 0.0253720 0.0234665 0.0236319 0.0310054 0.0330829 0.0234496 0.0160978 0.0292551 0.0252557 0.0293166 0.0290431 0.0253421 0.0311550 0.0197787 0.0253110 0.0289103 0.0000000 0.0161297 0.0273883 0.0272971 0.0197436 0.0254254 0.0272963 0.0196909 0.0253312 0.0253180 0.0291284 0.0254389 0.0290558 
EPI1279569|HA|A/Townsville/11/2018|EPI_ISL_322323|A_/_H1N1          0.0180730 0.0254199 0.0199906 0.0143097 0.0107590 0.0162465 0.0235435 0.0198163 0.0162160 0.0199528 0.0143900 0.0181922 0.0255590 0.0275996 0.0180510 0.0107357 0.0237925 0.0198593 0.0238432 0.0236196 0.0199288 0.0256861 0.0216844 0.0199032 0.0235119 0.0161297 0.0000000 0.0219302 0.0218570 0.0143676 0.0199936 0.0218561 0.0143290 0.0199191 0.0199089 0.0236896 0.0200045 0.0236304 
EPI1358907|HA|A/Newcastle/85/2018|EPI_ISL_339051|A_/_H1N1           0.0181478 0.0255226 0.0200732 0.0218156 0.0219316 0.0163142 0.0236390 0.0198976 0.0162834 0.0237383 0.0218238 0.0296658 0.0256627 0.0277116 0.0181257 0.0218851 0.0238900 0.0199409 0.0200964 0.0237158 0.0237100 0.0257908 0.0217729 0.0199851 0.0236072 0.0273883 0.0219302 0.0000000 0.0181435 0.0219053 0.0162954 0.0219459 0.0255537 0.0236993 0.0199909 0.0237863 0.0238010 0.0237266 
EPI1359575|HA|A/Victoria/2162/2018|EPI_ISL_339231|A_/_H1N1          0.0180876 0.0254377 0.0181878 0.0217431 0.0218584 0.0162601 0.0235606 0.0198318 0.0162295 0.0236592 0.0217512 0.0295656 0.0255769 0.0276182 0.0180656 0.0218121 0.0238099 0.0198748 0.0200293 0.0236368 0.0236310 0.0257041 0.0217007 0.0199187 0.0235289 0.0272971 0.0218570 0.0181435 0.0000000 0.0218323 0.0125074 0.0218726 0.0254686 0.0236204 0.0199245 0.0199843 0.0199365 0.0236475 
EPI1359563|HA|A/Victoria/2128/2018|EPI_ISL_339227|A_/_H1N1          0.0180534 0.0253902 0.0199685 0.0106921 0.0107484 0.0125354 0.0197616 0.0161535 0.0143733 0.0236148 0.0217104 0.0181724 0.0218242 0.0275662 0.0180315 0.0143393 0.0200558 0.0161879 0.0238155 0.0199106 0.0235867 0.0256557 0.0216601 0.0198812 0.0198204 0.0197436 0.0143676 0.0219053 0.0218323 0.0000000 0.0199714 0.0180660 0.0143142 0.0235761 0.0161584 0.0162000 0.0236768 0.0199199 
EPI1359668|HA|A/South_Australia/221/2018|EPI_ISL_339263|A_/_H1N1    0.0126268 0.0199369 0.0181499 0.0198901 0.0199954 0.0144239 0.0217037 0.0179921 0.0143966 0.0217948 0.0198975 0.0276597 0.0237004 0.0257233 0.0162255 0.0199529 0.0219326 0.0180308 0.0181707 0.0217735 0.0217688 0.0238193 0.0198519 0.0180707 0.0216745 0.0254254 0.0199936 0.0162954 0.0125074 0.0199714 0.0000000 0.0200084 0.0236004 0.0217586 0.0180760 0.0218381 0.0218517 0.0217835 
EPI1283244|HA|A/Brisbane/121/2018|EPI_ISL_323091|A_/_H1N1           0.0180867 0.0254368 0.0200054 0.0217422 0.0218575 0.0125584 0.0197977 0.0125288 0.0162286 0.0236583 0.0217503 0.0295648 0.0218202 0.0276174 0.0143846 0.0218112 0.0200522 0.0198739 0.0223139 0.0199070 0.0236301 0.0257032 0.0216998 0.0181277 0.0198169 0.0272963 0.0218561 0.0219459 0.0218726 0.0180660 0.0200084 0.0000000 0.0239537 0.0236195 0.0125166 0.0199196 0.0237206 0.0199163 
EPI1297237|HA|A/Sydney/131/2018|EPI_ISL_326768|A_/_H1N1             0.0216620 0.0290132 0.0235973 0.0142567 0.0107193 0.0198340 0.0271313 0.0197416 0.0197975 0.0235513 0.0216521 0.0181231 0.0254601 0.0312382 0.0216365 0.0143008 0.0237006 0.0197842 0.0163113 0.0217920 0.0235234 0.0293157 0.0236115 0.0234941 0.0234221 0.0196909 0.0143290 0.0255537 0.0254686 0.0143142 0.0236004 0.0239537 0.0000000 0.0235128 0.0219740 0.0272998 0.0236130 0.0235397 
EPI1324183|HA|A/Florida/103/2018|EPI_ISL_332014|A_/_H1N1            0.0198332 0.0271667 0.0217555 0.0197935 0.0199209 0.0180096 0.0252917 0.0215661 0.0179762 0.0180343 0.0125195 0.0257921 0.0273157 0.0256063 0.0198095 0.0198787 0.0255587 0.0179434 0.0256128 0.0253735 0.0143507 0.0274499 0.0234339 0.0216605 0.0234814 0.0253312 0.0199191 0.0236993 0.0236204 0.0235761 0.0217586 0.0236195 0.0235128 0.0000000 0.0216667 0.0238286 0.0107614 0.0253849 
EPI1343776|HA|A/Iowa/73/2018|EPI_ISL_335744|A_/_H1N1                0.0161771 0.0234731 0.0180731 0.0198063 0.0199107 0.0106972 0.0178868 0.0179167 0.0143361 0.0217027 0.0198137 0.0275412 0.0235999 0.0256134 0.0161573 0.0179830 0.0218393 0.0179551 0.0203270 0.0216815 0.0216769 0.0237178 0.0197684 0.0179946 0.0215833 0.0253180 0.0199089 0.0199909 0.0199245 0.0161584 0.0180760 0.0125166 0.0219740 0.0216667 0.0000000 0.0179962 0.0217591 0.0216914 
EPI1349486|HA|A/Florida/126/2018|EPI_ISL_336628|A_/_H1N1            0.0199053 0.0272658 0.0200159 0.0235657 0.0236905 0.0143602 0.0178891 0.0216442 0.0180414 0.0254896 0.0219443 0.0275433 0.0274159 0.0294719 0.0198814 0.0198709 0.0256527 0.0216915 0.0257072 0.0254662 0.0238394 0.0275511 0.0235191 0.0217394 0.0253498 0.0291284 0.0236896 0.0237863 0.0199843 0.0162000 0.0218381 0.0199196 0.0272998 0.0238286 0.0179962 0.0000000 0.0239314 0.0254776 
EPI1357354|HA|A/Michigan/419/2018|EPI_ISL_338675|A_/_H1N1           0.0199178 0.0272821 0.0218487 0.0198778 0.0200063 0.0180865 0.0253991 0.0216576 0.0180528 0.0181114 0.0125730 0.0276744 0.0274324 0.0257164 0.0198939 0.0199637 0.0256683 0.0180198 0.0257229 0.0216907 0.0144120 0.0275677 0.0235334 0.0217529 0.0235813 0.0254389 0.0200045 0.0238010 0.0199365 0.0236768 0.0218517 0.0237206 0.0236130 0.0107614 0.0217591 0.0239314 0.0000000 0.0254931 
EPI1214251|HA|A/Alaska/19/2018|EPI_ISL_306776|A_/_H1N1              0.0198558 0.0215489 0.0217805 0.0198389 0.0199437 0.0180302 0.0253206 0.0106688 0.0179966 0.0254259 0.0197669 0.0275878 0.0125272 0.0238345 0.0161514 0.0235817 0.0107639 0.0106703 0.0218334 0.0106868 0.0253959 0.0236607 0.0197219 0.0179523 0.0106405 0.0290558 0.0236304 0.0237266 0.0236475 0.0199199 0.0217835 0.0199163 0.0235397 0.0253849 0.0216914 0.0254776 0.0254931 0.0000000 
