44
EPI1757684|HA|A/Laos/2794/2019|EPI_ISL_491747|A_/_H1N1                          0.0000000 0.0199808 0.0107149 0.0197752 0.0204825 0.0198836 0.0254836 0.0125194 0.0125959 0.0107443 0.0163165 0.0144085 0.0228123 0.0278238 0.0107439 0.0217200 0.0107348 0.0144093 0.0107268 0.0107288 0.0218288 0.0107085 0.0107040 0.0107325 0.0183954 0.0164194 0.0236274 0.0125511 0.0180404 0.0107989 0.0278554 0.0107759 0.0181972 0.0106818 0.0199886 0.0200107 0.0180052 0.0125755 0.0256488 0.0255094 0.0236067 0.0053310 0.0000010 0.0180263 
EPI1604762|HA|A/Lebanon/323/2019|EPI_ISL_394074|A_/_H1N1                        0.0199808 0.0000000 0.0237701 0.0107670 0.0186660 0.0255543 0.0312503 0.0256372 0.0258020 0.0201022 0.0297052 0.0276684 0.0248691 0.0298717 0.0238389 0.0199435 0.0238185 0.0276649 0.0200698 0.0200857 0.0237995 0.0237592 0.0237435 0.0199336 0.0220056 0.0221075 0.0107698 0.0256986 0.0162629 0.0239607 0.0337541 0.0239091 0.0201444 0.0236961 0.0219443 0.0257185 0.0236330 0.0296318 0.0314492 0.0125995 0.0107612 0.0144013 0.0199808 0.0053406 
EPI1605036|HA|A/OKINAWA/64/2019|EPI_ISL_394196|A_/_H1N1                         0.0107149 0.0237701 0.0000000 0.0235233 0.0243363 0.0217962 0.0293150 0.0162025 0.0163029 0.0144207 0.0200743 0.0181304 0.0267760 0.0317357 0.0144205 0.0255075 0.0144083 0.0181305 0.0143974 0.0143999 0.0256344 0.0143728 0.0107677 0.0144047 0.0222189 0.0202016 0.0274411 0.0126263 0.0217905 0.0144942 0.0298558 0.0144633 0.0219813 0.0143363 0.0237773 0.0219360 0.0217472 0.0200244 0.0276131 0.0293428 0.0255453 0.0089440 0.0107149 0.0217734 
EPI1478325|HA|A/Kyrgyzstan_Osh/6/2019|EPI_ISL_361909|A_/_H1N1                   0.0197752 0.0107670 0.0235233 0.0000000 0.0185470 0.0292078 0.0349272 0.0253703 0.0255316 0.0198940 0.0293910 0.0273779 0.0286778 0.0335992 0.0235906 0.0198185 0.0235707 0.0273745 0.0198623 0.0198779 0.0274647 0.0235125 0.0234973 0.0235625 0.0256776 0.0257958 0.0143660 0.0254305 0.0198828 0.0237100 0.0374953 0.0236594 0.0238121 0.0234508 0.0256047 0.0293949 0.0272713 0.0293191 0.0351443 0.0162050 0.0107167 0.0180077 0.0197752 0.0053191 
EPI1606793|HA|A/Vietnam/018/2019|EPI_ISL_394988|A_/_H1N1                        0.0204825 0.0186660 0.0243363 0.0185470 0.0000000 0.0261461 0.0292273 0.0262319 0.0264032 0.0206090 0.0303641 0.0282963 0.0254761 0.0278295 0.0244079 0.0106899 0.0243868 0.0282924 0.0205753 0.0218888 0.0243671 0.0243251 0.0243086 0.0204333 0.0225459 0.0226519 0.0223823 0.0262954 0.0166951 0.0245344 0.0344692 0.0244807 0.0206531 0.0242595 0.0224820 0.0263164 0.0241939 0.0302882 0.0321276 0.0242955 0.0223625 0.0147952 0.0204825 0.0166817 
EPI1608337|HA|A/IBARAKI/93/2019|EPI_ISL_395217|A_/_H1N1                         0.0198836 0.0255543 0.0217962 0.0292078 0.0261461 0.0000000 0.0273251 0.0218109 0.0256742 0.0237204 0.0279388 0.0275311 0.0247620 0.0259044 0.0237216 0.0272834 0.0237014 0.0275277 0.0236827 0.0236863 0.0274181 0.0236426 0.0236271 0.0198368 0.0240259 0.0126748 0.0276184 0.0255719 0.0235647 0.0238422 0.0108788 0.0237911 0.0237709 0.0217639 0.0255609 0.0107366 0.0125372 0.0256739 0.0106454 0.0311238 0.0253626 0.0143322 0.0198836 0.0235463 
EPI1610319|HA|A/SAITAMA/173/2019|EPI_ISL_395546|A_/_H1N1                        0.0254836 0.0312503 0.0293150 0.0349272 0.0292273 0.0273251 0.0000000 0.0274544 0.0275679 0.0256385 0.0353444 0.0293780 0.0267249 0.0127177 0.0294015 0.0292326 0.0293765 0.0332638 0.0218346 0.0274358 0.0331333 0.0293034 0.0292812 0.0254235 0.0313464 0.0277144 0.0349450 0.0312661 0.0253877 0.0295505 0.0355509 0.0294869 0.0294633 0.0292242 0.0312542 0.0297492 0.0291684 0.0313938 0.0293441 0.0368720 0.0333746 0.0198450 0.0254836 0.0291828 
EPI1763653|HA|A/Konya/820/2019|EPI_ISL_498330|A_/_H1N1                          0.0125194 0.0256372 0.0162025 0.0253703 0.0262319 0.0218109 0.0274544 0.0000000 0.0181420 0.0162476 0.0200910 0.0181453 0.0248457 0.0298412 0.0162476 0.0273709 0.0162338 0.0181454 0.0162214 0.0162242 0.0275064 0.0161938 0.0161854 0.0162294 0.0241053 0.0183456 0.0293142 0.0180742 0.0236414 0.0163305 0.0298759 0.0162957 0.0238488 0.0161524 0.0256438 0.0219508 0.0199143 0.0200411 0.0276316 0.0301488 0.0292873 0.0107489 0.0125194 0.0236229 
EPI1646278|HA|A/Singapore/GP2220/2019|EPI_ISL_401475|A_/_H1N1                   0.0125959 0.0258020 0.0163029 0.0255316 0.0264032 0.0256742 0.0275679 0.0181420 0.0000000 0.0163486 0.0220715 0.0200995 0.0289160 0.0260185 0.0125381 0.0275470 0.0163346 0.0200990 0.0126332 0.0163249 0.0276842 0.0162941 0.0162856 0.0163302 0.0242615 0.0222126 0.0295042 0.0181870 0.0237917 0.0145604 0.0339150 0.0163973 0.0240018 0.0162522 0.0258087 0.0242210 0.0237437 0.0220165 0.0315976 0.0314259 0.0278920 0.0108144 0.0125959 0.0237729 
EPI1663791|HA|A/Laos/2879/2019|EPI_ISL_404786|A_/_H1N1                          0.0107443 0.0201022 0.0144207 0.0198940 0.0206090 0.0237204 0.0256385 0.0162476 0.0163486 0.0000000 0.0201311 0.0181813 0.0229564 0.0279957 0.0144606 0.0218514 0.0144483 0.0181814 0.0107911 0.0125955 0.0219615 0.0144126 0.0144056 0.0144447 0.0201656 0.0163055 0.0237709 0.0162882 0.0145109 0.0145348 0.0318663 0.0145037 0.0183079 0.0143760 0.0201100 0.0238729 0.0218084 0.0200810 0.0295877 0.0256646 0.0237498 0.0089686 0.0107443 0.0181350 
EPI1672598|HA|A/Philippines/34/2019|EPI_ISL_406964|A_/_H1N1                     0.0163165 0.0297052 0.0200743 0.0293910 0.0303641 0.0279388 0.0353444 0.0200910 0.0220715 0.0201311 0.0000000 0.0162411 0.0329959 0.0379038 0.0164098 0.0301275 0.0201143 0.0147709 0.0200986 0.0201019 0.0297475 0.0200642 0.0181654 0.0201080 0.0268288 0.0244487 0.0295348 0.0219855 0.0276529 0.0202350 0.0335686 0.0182907 0.0265392 0.0200117 0.0283717 0.0239736 0.0259711 0.0107166 0.0332912 0.0353746 0.0334011 0.0145283 0.0163165 0.0276310 
EPI1679823|HA|A/KANAGAWA/AC1920/2019|EPI_ISL_408542|A_/_H1N1                    0.0144085 0.0276684 0.0181304 0.0273779 0.0282963 0.0275311 0.0293780 0.0181453 0.0200995 0.0181813 0.0162411 0.0000000 0.0308590 0.0318055 0.0181815 0.0294084 0.0181660 0.0143428 0.0181520 0.0181550 0.0295540 0.0181209 0.0181109 0.0144742 0.0261482 0.0240842 0.0313735 0.0200227 0.0218360 0.0182746 0.0293026 0.0182354 0.0258699 0.0180741 0.0276743 0.0236223 0.0255911 0.0162008 0.0295664 0.0333001 0.0313443 0.0126285 0.0144085 0.0256230 
EPI1377837|HA|A/Karaganda_NRL/344/2019|EPI_ISL_343414|A_/_H1N1                  0.0228123 0.0248691 0.0267760 0.0286778 0.0254761 0.0247620 0.0267249 0.0248457 0.0289160 0.0229564 0.0329959 0.0308590 0.0000000 0.0252332 0.0268574 0.0266742 0.0268336 0.0308535 0.0229183 0.0268153 0.0251328 0.0267642 0.0267444 0.0227562 0.0249497 0.0211720 0.0286911 0.0287930 0.0227992 0.0269994 0.0332525 0.0269390 0.0230072 0.0266897 0.0248763 0.0249273 0.0227703 0.0329118 0.0308700 0.0306721 0.0286639 0.0169713 0.0228123 0.0227806 
EPI1381335|HA|A/KANAGAWA/AC1823/2019|EPI_ISL_344515|A_/_H1N1                    0.0278238 0.0298717 0.0317357 0.0335992 0.0278295 0.0259044 0.0127177 0.0298412 0.0260185 0.0279957 0.0379038 0.0318055 0.0252332 0.0000000 0.0318317 0.0278339 0.0318042 0.0357719 0.0241105 0.0298210 0.0317795 0.0317239 0.0316981 0.0277571 0.0277951 0.0262789 0.0336161 0.0337279 0.0239463 0.0300183 0.0342101 0.0319250 0.0259067 0.0316361 0.0277145 0.0283350 0.0277732 0.0338690 0.0279437 0.0336591 0.0320157 0.0220665 0.0278238 0.0277867 
EPI1852427|HA|A/Vietnam/Vnhcm-Gs394/2019|EPI_ISL_1296413|A_/_H1N1               0.0107439 0.0238389 0.0144205 0.0235906 0.0244079 0.0237216 0.0294015 0.0162476 0.0125381 0.0144606 0.0164098 0.0181815 0.0268574 0.0318317 0.0000000 0.0255815 0.0144481 0.0181816 0.0144371 0.0144397 0.0238737 0.0144124 0.0144054 0.0144445 0.0222837 0.0202597 0.0275215 0.0162882 0.0218527 0.0145346 0.0300348 0.0145035 0.0220446 0.0143757 0.0238461 0.0238741 0.0218092 0.0163687 0.0295903 0.0294295 0.0274966 0.0089681 0.0107439 0.0218356 
EPI1388093|HA|A/Singapore/NTF0009/2019|EPI_ISL_346413|A_/_H1N1                  0.0217200 0.0199435 0.0255075 0.0198185 0.0106899 0.0272834 0.0292326 0.0273709 0.0275470 0.0218514 0.0301275 0.0294084 0.0266742 0.0278339 0.0255815 0.0000000 0.0255598 0.0274773 0.0218165 0.0236437 0.0255397 0.0254964 0.0237815 0.0216689 0.0237547 0.0238640 0.0235857 0.0274356 0.0180060 0.0257114 0.0354999 0.0256562 0.0218975 0.0254286 0.0236881 0.0274579 0.0216262 0.0313716 0.0331802 0.0254657 0.0235650 0.0161442 0.0217200 0.0179919 
EPI1566682|HA|A/Myanmar/19M064/2019|EPI_ISL_381708|A_/_H1N1                     0.0107348 0.0238185 0.0144083 0.0235707 0.0243868 0.0237014 0.0293765 0.0162338 0.0163346 0.0144483 0.0201143 0.0181660 0.0268336 0.0318042 0.0144481 0.0255598 0.0000000 0.0181661 0.0144249 0.0144275 0.0256872 0.0144002 0.0143932 0.0144322 0.0222644 0.0202422 0.0274981 0.0162743 0.0218342 0.0145222 0.0318420 0.0144911 0.0220258 0.0143636 0.0238257 0.0238537 0.0217907 0.0200643 0.0295650 0.0294045 0.0274732 0.0089605 0.0107348 0.0218170 
EPI1797977|HA|A/Malaysia/RP_0718/2019|EPI_ISL_514735|A_/_H1N1                   0.0144093 0.0276649 0.0181305 0.0273745 0.0282924 0.0275277 0.0332638 0.0181454 0.0200990 0.0181814 0.0147709 0.0143428 0.0308535 0.0357719 0.0181816 0.0274773 0.0181661 0.0000000 0.0181521 0.0181551 0.0295494 0.0181210 0.0163286 0.0181608 0.0222362 0.0240823 0.0313680 0.0181454 0.0256406 0.0182747 0.0330808 0.0182355 0.0219982 0.0180742 0.0237957 0.0236206 0.0236873 0.0147336 0.0334744 0.0332933 0.0313387 0.0126295 0.0144093 0.0256205 
EPI1584500|HA|A/Malaysia/RP2118/2019|EPI_ISL_389527|A_/_H1N1                    0.0107268 0.0200698 0.0143974 0.0198623 0.0205753 0.0236827 0.0218346 0.0162214 0.0126332 0.0107911 0.0200986 0.0181520 0.0229183 0.0241105 0.0144371 0.0218165 0.0144249 0.0181521 0.0000000 0.0144165 0.0219263 0.0143893 0.0143823 0.0144213 0.0201330 0.0202263 0.0237330 0.0162619 0.0181200 0.0145111 0.0318157 0.0144801 0.0182782 0.0143528 0.0200776 0.0222097 0.0217737 0.0200486 0.0295410 0.0256239 0.0220943 0.0089539 0.0107268 0.0181058 
EPI1491300|HA|A/England/146/2019|EPI_ISL_364689|A_/_H1N1                        0.0107288 0.0200857 0.0143999 0.0198779 0.0218888 0.0236863 0.0274358 0.0162242 0.0163249 0.0125955 0.0201019 0.0181550 0.0268153 0.0298210 0.0144397 0.0236437 0.0144275 0.0181551 0.0144165 0.0000000 0.0256704 0.0143919 0.0143848 0.0144239 0.0222501 0.0183323 0.0237518 0.0162647 0.0218205 0.0145137 0.0318197 0.0144827 0.0220118 0.0143553 0.0238105 0.0238384 0.0217771 0.0200519 0.0295449 0.0256441 0.0237308 0.0089556 0.0107288 0.0181201 
EPI1491298|HA|A/England/204/2019|EPI_ISL_364688|A_/_H1N1                        0.0218288 0.0237995 0.0256344 0.0274647 0.0243671 0.0274181 0.0331333 0.0275064 0.0276842 0.0219615 0.0297475 0.0295540 0.0251328 0.0317795 0.0238737 0.0255397 0.0256872 0.0295494 0.0219263 0.0256704 0.0000000 0.0256232 0.0256054 0.0217772 0.0238740 0.0239843 0.0274766 0.0275717 0.0180559 0.0258402 0.0356744 0.0257845 0.0220080 0.0255547 0.0238067 0.0275943 0.0254865 0.0296739 0.0333426 0.0293817 0.0274517 0.0162259 0.0218288 0.0217996 
EPI1506890|HA|A/Linkoping/1/2019|EPI_ISL_367960|A_/_H1N1                        0.0107085 0.0237592 0.0143728 0.0235125 0.0243251 0.0236426 0.0293034 0.0161938 0.0162941 0.0144126 0.0200642 0.0181209 0.0267642 0.0317239 0.0144124 0.0254964 0.0144002 0.0181210 0.0143893 0.0143919 0.0256232 0.0000000 0.0143577 0.0107607 0.0222082 0.0201915 0.0274297 0.0162341 0.0217801 0.0144861 0.0317614 0.0144552 0.0219707 0.0143283 0.0237664 0.0237942 0.0217368 0.0200144 0.0294910 0.0293312 0.0274049 0.0089385 0.0107085 0.0217630 
EPI1506986|HA|A/Ukraine/8294/2019|EPI_ISL_368008|A_/_H1N1                       0.0107040 0.0237435 0.0107677 0.0234973 0.0243086 0.0236271 0.0292812 0.0161854 0.0162856 0.0144056 0.0181654 0.0181109 0.0267444 0.0316981 0.0144054 0.0237815 0.0143932 0.0163286 0.0143823 0.0143848 0.0256054 0.0143577 0.0000000 0.0143896 0.0221940 0.0201794 0.0274099 0.0126132 0.0217665 0.0144790 0.0317356 0.0107218 0.0219569 0.0143214 0.0237507 0.0237784 0.0217233 0.0200025 0.0294684 0.0293090 0.0273851 0.0089350 0.0107040 0.0217495 
EPI1508590|HA|A/Novi_Sad/4336/2019|EPI_ISL_368276|A_/_H1N1                      0.0107325 0.0199336 0.0144047 0.0235625 0.0204333 0.0198368 0.0254235 0.0162294 0.0163302 0.0144447 0.0201080 0.0144742 0.0227562 0.0277571 0.0144445 0.0216689 0.0144322 0.0181608 0.0144213 0.0144239 0.0217772 0.0107607 0.0143896 0.0000000 0.0183514 0.0163803 0.0235717 0.0162700 0.0179980 0.0145185 0.0239980 0.0144875 0.0181540 0.0143600 0.0199414 0.0199633 0.0179629 0.0200580 0.0236654 0.0254492 0.0235510 0.0053185 0.0107325 0.0179840 
EPI1359897|HA|A/Barry/6142/2019|EPI_ISL_339323|A_/_H1N1                         0.0183954 0.0220056 0.0222189 0.0256776 0.0225459 0.0240259 0.0313464 0.0241053 0.0242615 0.0201656 0.0268288 0.0261482 0.0249497 0.0277951 0.0222837 0.0237547 0.0222644 0.0222362 0.0201330 0.0222501 0.0238740 0.0222082 0.0221940 0.0183514 0.0000000 0.0205246 0.0256883 0.0241642 0.0200322 0.0223992 0.0322796 0.0185044 0.0126044 0.0221489 0.0143870 0.0241822 0.0220893 0.0267606 0.0299684 0.0275930 0.0256653 0.0127633 0.0183954 0.0200164 
EPI1369937|HA|A/England/27/2019|EPI_ISL_341280|A_/_H1N1                         0.0164194 0.0221075 0.0202016 0.0257958 0.0226519 0.0126748 0.0277144 0.0183456 0.0222126 0.0163055 0.0244487 0.0240842 0.0211720 0.0262789 0.0202597 0.0238640 0.0202422 0.0240823 0.0202263 0.0183323 0.0239843 0.0201915 0.0201794 0.0163803 0.0205246 0.0000000 0.0241641 0.0182939 0.0201246 0.0203644 0.0224599 0.0203201 0.0203021 0.0201383 0.0221151 0.0146606 0.0108223 0.0260422 0.0219769 0.0277200 0.0257833 0.0108481 0.0164194 0.0201087 
EPI1370341|HA|A/Catalonia/NSVH100970317/2019|EPI_ISL_341417|A_/_H1N1            0.0236274 0.0107698 0.0274411 0.0143660 0.0223823 0.0276184 0.0349450 0.0293142 0.0295042 0.0237709 0.0295348 0.0313735 0.0286911 0.0336161 0.0275215 0.0235857 0.0274981 0.0313680 0.0237330 0.0237518 0.0274766 0.0274297 0.0274099 0.0235717 0.0256883 0.0241641 0.0000000 0.0293829 0.0198898 0.0276613 0.0359313 0.0276018 0.0238215 0.0257325 0.0256153 0.0277969 0.0256736 0.0333509 0.0329160 0.0162101 0.0143585 0.0180136 0.0236274 0.0089078 
EPI1378056|HA|A/Sweden/27/2019|EPI_ISL_343451|A_/_H1N1                          0.0125511 0.0256986 0.0126263 0.0254305 0.0262954 0.0255719 0.0312661 0.0180742 0.0181870 0.0162882 0.0219855 0.0200227 0.0287930 0.0337279 0.0162882 0.0274356 0.0162743 0.0181454 0.0162619 0.0162647 0.0275717 0.0162341 0.0126132 0.0162700 0.0241642 0.0182939 0.0293829 0.0000000 0.0236983 0.0163715 0.0337687 0.0163365 0.0239066 0.0161926 0.0257053 0.0257362 0.0198586 0.0219309 0.0314650 0.0312948 0.0293559 0.0107764 0.0125511 0.0236797 
EPI1443858|HA|A/Catalonia/NSVH100983893/2019|EPI_ISL_356453|A_/_H1N1            0.0180404 0.0162629 0.0217905 0.0198828 0.0166951 0.0235647 0.0253877 0.0236414 0.0237917 0.0145109 0.0276529 0.0218360 0.0227992 0.0239463 0.0218527 0.0180060 0.0218342 0.0256406 0.0181200 0.0218205 0.0180559 0.0217801 0.0217665 0.0179980 0.0200322 0.0201246 0.0198898 0.0236983 0.0000000 0.0219641 0.0316533 0.0219170 0.0181868 0.0217230 0.0199774 0.0237153 0.0216656 0.0275847 0.0255518 0.0217544 0.0198728 0.0125164 0.0180404 0.0143468 
EPI1484058|HA|A/South_Australia/297/2019|EPI_ISL_363162|A_/_H1N1                0.0107989 0.0239607 0.0144942 0.0237100 0.0245344 0.0238422 0.0295505 0.0163305 0.0145604 0.0145348 0.0202350 0.0182746 0.0269994 0.0300183 0.0145346 0.0257114 0.0145222 0.0182747 0.0145111 0.0145137 0.0258402 0.0144861 0.0144790 0.0145185 0.0223992 0.0203644 0.0276613 0.0163715 0.0219641 0.0000000 0.0320332 0.0145781 0.0221579 0.0144491 0.0239679 0.0239963 0.0219200 0.0201843 0.0297409 0.0295787 0.0276360 0.0090142 0.0107989 0.0219467 
EPI1647174|HA|A/Canberra/337/2019|EPI_ISL_401775|A_/_H1N1                       0.0278554 0.0337541 0.0298558 0.0374953 0.0344692 0.0108788 0.0355509 0.0298759 0.0339150 0.0318663 0.0335686 0.0293026 0.0332525 0.0342101 0.0300348 0.0354999 0.0318420 0.0330808 0.0318157 0.0318197 0.0356744 0.0317614 0.0317356 0.0239980 0.0322796 0.0224599 0.0359313 0.0337687 0.0316533 0.0320332 0.0000000 0.0319631 0.0319378 0.0298104 0.0337564 0.0161289 0.0240026 0.0312209 0.0182294 0.0394820 0.0334901 0.0220900 0.0278554 0.0316281 
EPI1647539|HA|A/South_Australia/477/2019|EPI_ISL_401895|A_/_H1N1                0.0107759 0.0239091 0.0144633 0.0236594 0.0244807 0.0237911 0.0294869 0.0162957 0.0163973 0.0145037 0.0182907 0.0182354 0.0269390 0.0319250 0.0145035 0.0256562 0.0144911 0.0182355 0.0144801 0.0144827 0.0257845 0.0144552 0.0107218 0.0144875 0.0185044 0.0203201 0.0276018 0.0163365 0.0219170 0.0145781 0.0319631 0.0000000 0.0221100 0.0144183 0.0239163 0.0239445 0.0218731 0.0201409 0.0296766 0.0295150 0.0275766 0.0089950 0.0107759 0.0218997 
EPI1435941|HA|A/Sydney/41/2019|EPI_ISL_354709|A_/_H1N1                          0.0181972 0.0201444 0.0219813 0.0238121 0.0206531 0.0237709 0.0294633 0.0238488 0.0240018 0.0183079 0.0265392 0.0258699 0.0230072 0.0259067 0.0220446 0.0218975 0.0220258 0.0219982 0.0182782 0.0220118 0.0220080 0.0219707 0.0219569 0.0181540 0.0126044 0.0203021 0.0238215 0.0239066 0.0181868 0.0221579 0.0319378 0.0221100 0.0000000 0.0219127 0.0125717 0.0239240 0.0218542 0.0264724 0.0296528 0.0257198 0.0238004 0.0126240 0.0181972 0.0181725 
EPI1594066|HA|A/Victoria/1001/2019|EPI_ISL_391483|A_/_H1N1                      0.0106818 0.0236961 0.0143363 0.0234508 0.0242595 0.0217639 0.0292242 0.0161524 0.0162522 0.0143760 0.0200117 0.0180741 0.0266897 0.0316361 0.0143757 0.0254286 0.0143636 0.0180742 0.0143528 0.0143553 0.0255547 0.0143283 0.0143214 0.0143600 0.0221489 0.0201383 0.0257325 0.0161926 0.0217230 0.0144491 0.0298104 0.0144183 0.0219127 0.0000000 0.0237033 0.0219032 0.0216800 0.0199621 0.0275716 0.0292519 0.0273315 0.0089163 0.0106818 0.0217061 
EPI1479960|HA|A/Montana/36/2019|EPI_ISL_362275|A_/_H1N1                         0.0199886 0.0219443 0.0237773 0.0256047 0.0224820 0.0255609 0.0312542 0.0256438 0.0258087 0.0201100 0.0283717 0.0276743 0.0248763 0.0277145 0.0238461 0.0236881 0.0238257 0.0237957 0.0200776 0.0238105 0.0238067 0.0237664 0.0237507 0.0199414 0.0143870 0.0221151 0.0256153 0.0257053 0.0199774 0.0239679 0.0337564 0.0239163 0.0125717 0.0237033 0.0000000 0.0257251 0.0236402 0.0283007 0.0314530 0.0275136 0.0255924 0.0144089 0.0199886 0.0199617 
EPI1480139|HA|A/Iowa/12/2019|EPI_ISL_362298|A_/_H1N1                            0.0200107 0.0257185 0.0219360 0.0293949 0.0263164 0.0107366 0.0297492 0.0219508 0.0242210 0.0238729 0.0239736 0.0236223 0.0249273 0.0283350 0.0238741 0.0274579 0.0238537 0.0236206 0.0222097 0.0238384 0.0275943 0.0237942 0.0237784 0.0199633 0.0241822 0.0146606 0.0277969 0.0257362 0.0237153 0.0239963 0.0161289 0.0239445 0.0239240 0.0219032 0.0257251 0.0000000 0.0162769 0.0255413 0.0179971 0.0294464 0.0218054 0.0144234 0.0200107 0.0236967 
EPI1487896|HA|A/Connecticut/33/2019|EPI_ISL_364053|A_/_H1N1                     0.0180052 0.0236330 0.0217472 0.0272713 0.0241939 0.0125372 0.0291684 0.0199143 0.0237437 0.0218084 0.0259711 0.0255911 0.0227703 0.0277732 0.0218092 0.0216262 0.0217907 0.0236873 0.0217737 0.0217771 0.0254865 0.0217368 0.0217233 0.0179629 0.0220893 0.0108223 0.0256736 0.0198586 0.0216656 0.0219200 0.0240026 0.0218731 0.0218542 0.0216800 0.0236402 0.0162769 0.0000000 0.0275282 0.0234950 0.0291735 0.0272585 0.0124926 0.0180052 0.0216487 
EPI1636779|HA|A/California/206/2019|EPI_ISL_400059|A_/_H1N1                     0.0125755 0.0296318 0.0200244 0.0293191 0.0302882 0.0256739 0.0313938 0.0200411 0.0220165 0.0200810 0.0107166 0.0162008 0.0329118 0.0338690 0.0163687 0.0313716 0.0200643 0.0147336 0.0200486 0.0200519 0.0296739 0.0200144 0.0200025 0.0200580 0.0267606 0.0260422 0.0333509 0.0219309 0.0275847 0.0201843 0.0312209 0.0201409 0.0264724 0.0199621 0.0283007 0.0255413 0.0275282 0.0000000 0.0315943 0.0352881 0.0333193 0.0144920 0.0125755 0.0275630 
EPI1642106|HA|A/California/208/2019|EPI_ISL_400899|A_/_H1N1                     0.0256488 0.0314492 0.0276131 0.0351443 0.0321276 0.0106454 0.0293441 0.0276316 0.0315976 0.0295877 0.0332912 0.0295664 0.0308700 0.0279437 0.0295903 0.0331802 0.0295650 0.0334744 0.0295410 0.0295449 0.0333426 0.0294910 0.0294684 0.0236654 0.0299684 0.0219769 0.0329160 0.0314650 0.0255518 0.0297409 0.0182294 0.0296766 0.0296528 0.0275716 0.0314530 0.0179971 0.0234950 0.0315943 0.0000000 0.0371007 0.0312074 0.0199762 0.0256488 0.0293689 
EPI1559650|HA|A/Michigan/295/2019|EPI_ISL_380418|A_/_H1N1                       0.0255094 0.0125995 0.0293428 0.0162050 0.0242955 0.0311238 0.0368720 0.0301488 0.0314259 0.0256646 0.0353746 0.0333001 0.0306721 0.0336591 0.0294295 0.0254657 0.0294045 0.0332933 0.0256239 0.0256441 0.0293817 0.0293312 0.0293090 0.0254492 0.0275930 0.0277200 0.0162101 0.0312948 0.0217544 0.0295787 0.0394820 0.0295150 0.0257198 0.0292519 0.0275136 0.0294464 0.0291735 0.0352881 0.0371007 0.0000000 0.0161966 0.0198669 0.0255094 0.0107188 
EPI1396930|HA|A/Arkansas/17/2019|EPI_ISL_348098|A_/_H1N1                        0.0236067 0.0107612 0.0255453 0.0107167 0.0223625 0.0253626 0.0333746 0.0292873 0.0278920 0.0237498 0.0334011 0.0313443 0.0286639 0.0320157 0.0274966 0.0235650 0.0274732 0.0313387 0.0220943 0.0237308 0.0274517 0.0274049 0.0273851 0.0235510 0.0256653 0.0257833 0.0143585 0.0293559 0.0198728 0.0276360 0.0334901 0.0275766 0.0238004 0.0273315 0.0255924 0.0218054 0.0272585 0.0333193 0.0312074 0.0161966 0.0000000 0.0179985 0.0236067 0.0053160 
H1N1_2019_Consensus_Aligned                                                     0.0053310 0.0144013 0.0089440 0.0180077 0.0147952 0.0143322 0.0198450 0.0107489 0.0108144 0.0089686 0.0145283 0.0126285 0.0169713 0.0220665 0.0089681 0.0161442 0.0089605 0.0126295 0.0089539 0.0089556 0.0162259 0.0089385 0.0089350 0.0053185 0.0127633 0.0108481 0.0180136 0.0107764 0.0125164 0.0090142 0.0220900 0.0089950 0.0126240 0.0089163 0.0144089 0.0144234 0.0124926 0.0144920 0.0199762 0.0198669 0.0179985 0.0000000 0.0053310 0.0125066 
H1N1_2019_Medoid_Aligned|EPI1757684|HA|A/Laos/2794/2019|EPI_ISL_491747|A_/_H1N1 0.0000010 0.0199808 0.0107149 0.0197752 0.0204825 0.0198836 0.0254836 0.0125194 0.0125959 0.0107443 0.0163165 0.0144085 0.0228123 0.0278238 0.0107439 0.0217200 0.0107348 0.0144093 0.0107268 0.0107288 0.0218288 0.0107085 0.0107040 0.0107325 0.0183954 0.0164194 0.0236274 0.0125511 0.0180404 0.0107989 0.0278554 0.0107759 0.0181972 0.0106818 0.0199886 0.0200107 0.0180052 0.0125755 0.0256488 0.0255094 0.0236067 0.0053310 0.0000000 0.0180263 
H1N1_2019_Ancestral_Aligned_Node14                                              0.0180263 0.0053406 0.0217734 0.0053191 0.0166817 0.0235463 0.0291828 0.0236229 0.0237729 0.0181350 0.0276310 0.0256230 0.0227806 0.0277867 0.0218356 0.0179919 0.0218170 0.0256205 0.0181058 0.0181201 0.0217996 0.0217630 0.0217495 0.0179840 0.0200164 0.0201087 0.0089078 0.0236797 0.0143468 0.0219467 0.0316281 0.0218997 0.0181725 0.0217061 0.0199617 0.0236967 0.0216487 0.0275630 0.0293689 0.0107188 0.0053160 0.0125066 0.0180263 0.0000000 
